59	-7789	7741	1927	-1945	26	
-51	-7734	7797	1939	-1932	1	
-161	-7678	7851	1952	-1918	-28	
-271	-7622	7904	1965	-1904	-66	
-380	-7563	7956	1977	-1889	-111	
-490	-7504	8007	1988	-1874	-151	
-600	-7443	8056	2002	-1858	-175	
-709	-7380	8103	2013	-1844	-190	
-820	-7318	8151	2023	-1828	-210	
-929	-7254	8197	2036	-1809	-235	
-1038	-7190	8241	2047	-1794	-267	
-1146	-7124	8284	2058	-1778	-297	
-1257	-7056	8326	2067	-1761	-324	
-1365	-6989	8367	2078	-1744	-351	
-1472	-6918	8406	2088	-1727	-375	
-1580	-6847	8445	2097	-1708	-404	
-1687	-6776	8482	2106	-1690	-431	
-1795	-6705	8517	2114	-1671	-456	
-1903	-6631	8551	2123	-1654	-485	
-2010	-6556	8584	2131	-1636	-510	
-2117	-6481	8615	2139	-1616	-536	
-2222	-6405	8646	2146	-1596	-564	
-2327	-6327	8676	2153	-1577	-591	
-2434	-6249	8703	2160	-1557	-618	
-2540	-6172	8730	2168	-1536	-643	
-2644	-6091	8756	2172	-1517	-670	
-2750	-6009	8779	2177	-1498	-697	
-2854	-5927	8802	2184	-1477	-722	
-2959	-5844	8823	2188	-1456	-747	
-3063	-5760	8843	2193	-1435	-773	
-3166	-5676	8861	2198	-1414	-799	
-3269	-5591	8879	2201	-1392	-823	
-3370	-5505	8894	2203	-1372	-851	
-3471	-5418	8908	2209	-1347	-875	
-3572	-5330	8922	2213	-1326	-901	
-3672	-5240	8934	2215	-1303	-926	
-3773	-5151	8945	2217	-1281	-950	
-3873	-5061	8954	2220	-1259	-975	
-3971	-4970	8962	2221	-1235	-999	
-4071	-4878	8968	2222	-1213	-1024	
-4168	-4787	8973	2223	-1190	-1048	
-4265	-4693	8977	2224	-1165	-1073	
-4361	-4599	8979	2224	-1143	-1096	
-4457	-4504	8981	2224	-1120	-1120	
-4551	-4409	8981	2225	-1095	-1144	
-4644	-4314	8979	2224	-1071	-1167	
-4738	-4216	8976	2223	-1047	-1191	
-4831	-4118	8972	2222	-1022	-1214	
-4923	-4021	8966	2221	-996	-1238	
-5015	-3922	8959	2217	-973	-1262	
-5106	-3823	8950	2215	-949	-1283	
-5196	-3722	8940	2214	-923	-1303	
-5285	-3623	8929	2210	-898	-1326	
-5373	-3522	8917	2207	-872	-1349	
-5462	-3419	8904	2203	-848	-1371	
-5548	-3318	8888	2199	-822	-1392	
-5633	-3216	8871	2195	-796	-1414	
-5718	-3112	8854	2191	-770	-1435	
-5803	-3008	8836	2186	-745	-1456	
-5887	-2905	8815	2178	-719	-1477	
-5967	-2800	8793	2175	-692	-1496	
-6050	-2697	8770	2170	-666	-1516	
-6131	-2591	8746	2163	-640	-1536	
-6211	-2484	8721	2155	-614	-1556	
-6290	-2380	8694	2149	-589	-1576	
-6366	-2273	8665	2142	-561	-1595	
-6443	-2166	8635	2135	-534	-1615	
-6518	-2060	8603	2127	-508	-1634	
-6594	-1952	8572	2118	-481	-1652	
-6668	-1845	8538	2109	-454	-1671	
-6741	-1737	8504	2101	-428	-1689	
-6814	-1630	8468	2094	-401	-1706	
-6885	-1521	8431	2082	-375	-1723	
-6954	-1413	8392	2073	-347	-1741	
-7022	-1305	8352	2064	-319	-1758	
-7091	-1196	8311	2055	-291	-1774	
-7157	-1086	8268	2042	-266	-1792	
-7222	-976	8225	2030	-239	-1808	
-7287	-867	8180	2019	-212	-1823	
-7351	-758	8133	2007	-186	-1839	
-7414	-648	8087	1996	-159	-1855	
-7474	-538	8039	1984	-132	-1870	
-7535	-428	7989	1972	-106	-1884	
-7594	-319	7938	1959	-81	-1899	
-7650	-209	7884	1947	-54	-1912	
-7707	-99	7832	1933	-29	-1926	
-7762	12	7777	1920	-3	-1941	
-7817	121	7722	1906	22	-1954	
-7870	230	7665	1892	49	-1966	
-7922	341	7606	1876	79	-1979	
-7974	451	7548	1861	112	-1992	
-8024	560	7488	1847	148	-2004	
-8072	671	7426	1831	183	-2017	
-8119	781	7364	1816	209	-2028	
-8166	890	7300	1800	232	-2039	
-8208	1000	7234	1783	257	-2050	
-8251	1109	7169	1766	280	-2062	
-8295	1218	7103	1751	308	-2071	
-8337	1326	7035	1733	340	-2081	
-8376	1436	6965	1716	367	-2092	
-8414	1544	6895	1698	394	-2102	
-8451	1652	6824	1679	420	-2111	
-8487	1761	6752	1662	447	-2118	
-8522	1868	6679	1644	474	-2127	
-8555	1977	6604	1626	501	-2136	
-8587	2083	6529	1607	527	-2142	
-8617	2188	6454	1588	554	-2150	
-8647	2296	6376	1569	581	-2158	
-8676	2402	6298	1549	608	-2164	
-8702	2508	6219	1530	634	-2172	
-8728	2614	6139	1508	660	-2179	
-8753	2719	6058	1489	687	-2184	
-8775	2822	5976	1469	714	-2189	
-8798	2927	5894	1448	738	-2194	
-8818	3032	5810	1427	763	-2199	
-8836	3134	5725	1407	790	-2204	
-8854	3237	5641	1385	816	-2208	
-8869	3340	5555	1363	841	-2211	
-8884	3442	5468	1341	867	-2215	
-8899	3544	5380	1319	892	-2217	
-8912	3644	5291	1298	917	-2222	
-8923	3744	5203	1276	943	-2223	
-8933	3844	5112	1254	968	-2225	
-8940	3943	5021	1231	992	-2229	
-8948	4041	4929	1209	1017	-2229	
-8953	4139	4836	1186	1042	-2231	
-8956	4237	4743	1162	1066	-2231	
-8959	4333	4649	1138	1089	-2231	
-8961	4430	4554	1115	1113	-2233	
-8962	4525	4459	1091	1137	-2231	
-8961	4620	4364	1067	1161	-2231	
-8959	4713	4266	1043	1184	-2231	
-8955	4807	4169	1019	1207	-2230	
-8949	4899	4072	996	1231	-2228	
-8943	4991	3973	970	1253	-2226	
-8933	5083	3874	947	1276	-2223	
-8924	5172	3774	922	1299	-2221	
-8914	5261	3674	896	1321	-2219	
-8903	5351	3572	871	1343	-2216	
-8890	5439	3471	847	1365	-2211	
-8874	5526	3370	821	1386	-2208	
-8859	5613	3267	795	1407	-2205	
-8842	5698	3164	771	1428	-2200	
-8823	5782	3062	745	1449	-2195	
-8804	5866	2958	719	1471	-2190	
-8782	5949	2853	692	1491	-2184	
-8758	6031	2748	668	1512	-2178	
-8735	6112	2644	641	1531	-2173	
-8711	6192	2539	615	1551	-2165	
-8683	6271	2432	589	1571	-2157	
-8654	6349	2326	562	1592	-2152	
-8627	6426	2219	536	1610	-2144	
-8597	6503	2112	511	1627	-2137	
-8565	6578	2004	484	1648	-2128	
-8531	6653	1896	457	1665	-2119	
-8496	6726	1789	431	1683	-2111	
-8461	6798	1680	404	1701	-2103	
-8425	6870	1571	377	1719	-2093	
-8386	6940	1463	351	1737	-2083	
-8347	7009	1355	325	1754	-2073	
-8307	7078	1246	298	1771	-2062	
-8265	7145	1137	269	1787	-2052	
-8222	7211	1027	243	1804	-2042	
-8177	7275	917	219	1821	-2031	
-8133	7339	809	191	1836	-2019	
-8086	7402	699	164	1850	-2008	
-8037	7464	589	141	1867	-1995	
-7987	7525	479	113	1881	-1982	
-7938	7585	369	86	1896	-1969	
-7886	7643	259	62	1911	-1956	
-7833	7699	148	36	1924	-1942	
-7780	7756	38	9	1938	-1929	
-7725	7810	-72	-21	1952	-1916	
-7668	7863	-182	-54	1966	-1900	
-7610	7917	-293	-91	1977	-1888	
-7552	7968	-402	-123	1991	-1874	
-7492	8018	-512	-149	2003	-1858	
-7430	8067	-622	-172	2016	-1841	
-7369	8114	-732	-194	2027	-1825	
-7307	8161	-842	-221	2036	-1810	
-7243	8206	-951	-251	2049	-1794	
-7178	8250	-1060	-279	2060	-1778	
-7111	8292	-1170	-306	2071	-1761	
-7044	8334	-1279	-333	2081	-1744	
-6975	8374	-1387	-359	2091	-1726	
-6905	8413	-1497	-386	2100	-1710	
-6834	8450	-1606	-413	2110	-1690	
-6763	8487	-1714	-439	2119	-1673	
-6691	8522	-1821	-466	2128	-1655	
-6616	8556	-1928	-493	2137	-1636	
-6542	8589	-2036	-519	2144	-1617	
-6467	8620	-2143	-546	2151	-1598	
-6391	8650	-2250	-574	2157	-1579	
-6312	8678	-2357	-599	2164	-1560	
-6233	8706	-2464	-625	2172	-1540	
-6154	8732	-2570	-652	2178	-1520	
-6075	8756	-2675	-678	2183	-1501	
-5994	8780	-2778	-703	2190	-1479	
-5910	8802	-2884	-730	2194	-1460	
-5829	8823	-2987	-756	2200	-1438	
-5745	8843	-3091	-780	2206	-1415	
-5659	8860	-3195	-806	2209	-1397	
-5574	8877	-3297	-832	2214	-1375	
-5488	8893	-3400	-858	2216	-1352	
-5400	8907	-3500	-882	2220	-1330	
-5311	8919	-3602	-907	2224	-1308	
-5223	8931	-3703	-932	2225	-1286	
-5134	8942	-3802	-956	2228	-1264	
-5044	8950	-3901	-982	2229	-1241	
-4952	8957	-4001	-1006	2231	-1218	
-4861	8963	-4100	-1030	2233	-1195	
-4768	8968	-4197	-1053	2233	-1171	
-4675	8971	-4294	-1079	2232	-1148	
-4580	8973	-4392	-1104	2233	-1125	
-4485	8974	-4487	-1126	2235	-1101	
-4391	8974	-4581	-1149	2235	-1077	
-4294	8971	-4676	-1173	2233	-1054	
-4197	8969	-4770	-1195	2232	-1028	
-4100	8963	-4863	-1217	2231	-1003	
-4003	8957	-4955	-1241	2229	-980	
-3904	8950	-5047	-1264	2227	-955	
-3803	8941	-5138	-1287	2225	-930	
-3705	8931	-5227	-1308	2222	-905	
-3603	8918	-5317	-1330	2218	-880	
-3501	8906	-5405	-1352	2216	-854	
-3401	8892	-5493	-1375	2211	-831	
-3297	8877	-5579	-1397	2207	-805	
-3197	8860	-5665	-1416	2204	-779	
-3093	8842	-5750	-1437	2198	-753	
-2988	8822	-5834	-1458	2194	-728	
-2887	8801	-5918	-1479	2187	-703	
-2780	8779	-6000	-1500	2182	-674	
-2677	8755	-6081	-1519	2177	-649	
-2572	8731	-6162	-1538	2170	-623	
-2465	8704	-6241	-1558	2164	-597	
-2361	8677	-6320	-1577	2157	-570	
-2252	8649	-6398	-1597	2148	-544	
-2148	8619	-6474	-1616	2140	-518	
-2042	8588	-6550	-1634	2134	-489	
-1934	8555	-6625	-1652	2125	-463	
-1829	8521	-6698	-1671	2117	-438	
-1720	8486	-6772	-1689	2108	-409	
-1612	8449	-6844	-1706	2098	-383	
-1505	8412	-6915	-1724	2086	-357	
-1396	8374	-6985	-1741	2077	-330	
-1286	8333	-7053	-1758	2068	-303	
-1178	8292	-7120	-1774	2058	-276	
-1069	8249	-7187	-1791	2046	-250	
-959	8204	-7252	-1806	2036	-222	
-851	8160	-7315	-1822	2024	-196	
-741	8113	-7380	-1838	2013	-169	
-631	8066	-7442	-1852	2002	-142	
-521	8017	-7502	-1868	1988	-116	
-411	7966	-7563	-1882	1976	-91	
-302	7916	-7621	-1898	1962	-66	
-192	7864	-7679	-1910	1948	-40	
-81	7810	-7736	-1925	1936	-16	
28	7755	-7790	-1939	1923	7	
138	7699	-7844	-1952	1907	34	
247	7642	-7897	-1965	1893	62	
356	7583	-7950	-1978	1879	96	
466	7524	-8000	-1990	1863	136	
575	7463	-8049	-2001	1848	175	
685	7401	-8098	-2014	1831	205	
795	7338	-8144	-2024	1816	227	
904	7275	-8190	-2036	1801	245	
1014	7210	-8235	-2048	1784	268	
1124	7144	-8278	-2059	1766	295	
1232	7077	-8320	-2069	1749	326	
1340	7008	-8360	-2077	1734	356	
1448	6939	-8399	-2088	1715	382	
1556	6869	-8438	-2096	1697	409	
1665	6797	-8475	-2106	1679	435	
1774	6725	-8510	-2114	1662	463	
1881	6652	-8545	-2123	1643	488	
1989	6577	-8578	-2130	1624	515	
2095	6502	-8610	-2139	1604	542	
2201	6425	-8640	-2146	1585	568	
2308	6348	-8669	-2152	1568	595	
2414	6269	-8697	-2159	1548	621	
2520	6190	-8724	-2165	1527	648	
2624	6111	-8749	-2172	1506	674	
2728	6030	-8774	-2178	1487	700	
2833	5948	-8797	-2184	1467	727	
2937	5864	-8817	-2188	1444	752	
3039	5781	-8837	-2192	1424	778	
3144	5696	-8855	-2197	1403	804	
3247	5611	-8873	-2202	1381	829	
3348	5525	-8889	-2205	1360	855	
3449	5437	-8903	-2208	1338	880	
3550	5350	-8917	-2211	1316	905	
3652	5261	-8929	-2215	1295	930	
3751	5172	-8939	-2216	1271	956	
3850	5081	-8949	-2217	1249	982	
3950	4990	-8956	-2221	1225	1004	
4049	4898	-8962	-2221	1202	1029	
4146	4806	-8968	-2223	1180	1053	
4243	4713	-8972	-2224	1155	1078	
4340	4619	-8974	-2225	1131	1102	
4434	4525	-8975	-2225	1108	1126	
4528	4429	-8975	-2224	1084	1149	
4623	4332	-8973	-2224	1060	1172	
4718	4236	-8971	-2221	1038	1198	
4811	4138	-8966	-2221	1012	1219	
4901	4040	-8961	-2219	989	1242	
4993	3942	-8953	-2217	963	1265	
5084	3842	-8945	-2215	938	1287	
5174	3743	-8935	-2212	914	1309	
5263	3643	-8924	-2210	887	1331	
5350	3542	-8912	-2207	862	1354	
5439	3441	-8898	-2203	837	1376	
5525	3339	-8883	-2200	812	1397	
5610	3236	-8867	-2195	787	1419	
5697	3134	-8849	-2190	761	1440	
5781	3030	-8829	-2186	734	1460	
5864	2925	-8809	-2180	708	1482	
5947	2822	-8788	-2175	683	1502	
6028	2717	-8765	-2169	657	1522	
6109	2612	-8740	-2165	629	1541	
6188	2507	-8715	-2157	603	1560	
6266	2400	-8689	-2148	578	1581	
6345	2294	-8660	-2142	551	1600	
6422	2187	-8629	-2134	524	1619	
6497	2082	-8599	-2126	498	1638	
6573	1974	-8567	-2119	472	1658	
6646	1866	-8532	-2110	444	1675	
6719	1759	-8498	-2101	418	1693	
6791	1650	-8462	-2093	391	1711	
6862	1541	-8424	-2083	364	1727	
6933	1434	-8386	-2072	339	1745	
7000	1325	-8346	-2063	312	1763	
7068	1216	-8305	-2053	282	1778	
7134	1107	-8263	-2044	254	1794	
7201	996	-8219	-2032	229	1812	
7267	887	-8174	-2020	204	1829	
7329	779	-8128	-2009	178	1845	
7392	669	-8080	-1997	151	1860	
7453	558	-8031	-1984	125	1875	
7512	449	-7982	-1972	100	1890	
7571	339	-7931	-1958	74	1905	
7628	229	-7880	-1945	49	1919	
7686	119	-7826	-1932	22	1932	
7740	9	-7771	-1918	-6	1947	
7794	-100	-7716	-1904	-35	1960	
7848	-211	-7659	-1888	-69	1974	
7901	-321	-7601	-1876	-110	1986	
7951	-431	-7541	-1860	-142	1997	
8000	-540	-7481	-1846	-168	2010	
8049	-650	-7420	-1831	-189	2022	
8095	-760	-7357	-1815	-211	2033	
8140	-869	-7293	-1799	-238	2045	
8185	-980	-7228	-1782	-267	2056	
8229	-1089	-7163	-1766	-297	2067	
8274	-1197	-7097	-1749	-323	2079	
8312	-1306	-7028	-1731	-349	2087	
8352	-1415	-6959	-1715	-376	2096	
8392	-1523	-6888	-1697	-404	2106	
8428	-1631	-6817	-1678	-432	2116	
8464	-1739	-6746	-1662	-458	2124	
8499	-1846	-6673	-1644	-486	2133	
8532	-1954	-6599	-1625	-513	2141	
8564	-2061	-6523	-1606	-539	2149	
8595	-2166	-6447	-1587	-566	2156	
8624	-2274	-6369	-1569	-593	2162	
8653	-2381	-6292	-1548	-618	2171	
8681	-2486	-6213	-1529	-646	2178	
8704	-2592	-6132	-1508	-672	2183	
8728	-2697	-6052	-1488	-698	2189	
8752	-2802	-5970	-1468	-723	2194	
8775	-2906	-5888	-1448	-750	2199	
8794	-3009	-5805	-1427	-777	2204	
8813	-3112	-5720	-1405	-801	2209	
8832	-3216	-5634	-1385	-829	2213	
8848	-3318	-5548	-1363	-852	2217	
8863	-3419	-5461	-1342	-877	2220	
8876	-3522	-5373	-1320	-905	2224	
8888	-3622	-5285	-1298	-929	2227	
8899	-3722	-5195	-1274	-953	2230	
8908	-3821	-5105	-1253	-978	2232	
8915	-3921	-5015	-1231	-1004	2233	
8924	-4019	-4923	-1207	-1027	2235	
8930	-4117	-4831	-1185	-1052	2236	
8932	-4215	-4736	-1163	-1077	2236	
8935	-4312	-4643	-1139	-1101	2237	
8938	-4409	-4549	-1114	-1124	2238	
8939	-4503	-4453	-1091	-1147	2239	
8937	-4597	-4357	-1067	-1172	2238	
8934	-4692	-4261	-1043	-1196	2237	
8931	-4785	-4163	-1018	-1217	2235	
8926	-4878	-4065	-995	-1241	2233	
8918	-4969	-3966	-970	-1264	2233	
8910	-5061	-3867	-945	-1287	2229	
8902	-5151	-3768	-921	-1310	2226	
8891	-5241	-3667	-895	-1330	2225	
8878	-5330	-3567	-871	-1353	2222	
8866	-5418	-3465	-844	-1374	2219	
8853	-5505	-3363	-820	-1397	2214	
8835	-5591	-3261	-795	-1419	2209	
8817	-5676	-3158	-769	-1439	2205	
8799	-5761	-3054	-744	-1461	2200	
8779	-5845	-2950	-717	-1481	2195	
8758	-5928	-2846	-692	-1502	2190	
8735	-6009	-2741	-666	-1521	2183	
8711	-6090	-2636	-640	-1542	2178	
8688	-6171	-2531	-612	-1563	2173	
8662	-6250	-2425	-586	-1581	2165	
8633	-6328	-2318	-561	-1601	2157	
8604	-6405	-2210	-534	-1620	2150	
8574	-6482	-2103	-507	-1639	2143	
8541	-6557	-1996	-481	-1658	2135	
8507	-6631	-1889	-456	-1677	2125	
8474	-6705	-1783	-429	-1695	2117	
8436	-6777	-1674	-402	-1713	2108	
8401	-6849	-1565	-376	-1731	2098	
8363	-6919	-1457	-349	-1747	2088	
8325	-6989	-1348	-321	-1765	2079	
8284	-7057	-1239	-296	-1782	2068	
8241	-7122	-1129	-268	-1798	2058	
8198	-7190	-1020	-242	-1815	2047	
8154	-7255	-911	-215	-1830	2035	
8107	-7319	-800	-188	-1847	2024	
8060	-7382	-692	-162	-1863	2012	
8014	-7443	-582	-134	-1876	2001	
7966	-7504	-471	-110	-1893	1987	
7915	-7563	-361	-83	-1907	1975	
7863	-7621	-252	-57	-1921	1961	
7810	-7678	-142	-32	-1935	1948	
7756	-7734	-31	-5	-1949	1934	
7700	-7788	78	19	-1963	1921	
7644	-7842	189	47	-1976	1907	
7587	-7895	299	74	-1990	1891	
7528	-7945	409	105	-2001	1876	
7469	-7996	519	140	-2014	1863	
7407	-8046	629	171	-2027	1847	
7345	-8093	739	201	-2039	1830	
7282	-8139	849	227	-2050	1816	
7219	-8185	959	251	-2062	1799	
7153	-8229	1068	276	-2072	1782	
7087	-8271	1176	303	-2083	1766	
7020	-8314	1285	331	-2092	1750	
6950	-8353	1394	358	-2103	1732	
6881	-8391	1504	388	-2112	1714	
6810	-8429	1613	413	-2120	1697	
6740	-8466	1720	439	-2130	1677	
6667	-8501	1828	467	-2137	1659	
6592	-8535	1936	494	-2145	1643	
6520	-8567	2044	521	-2154	1623	
6443	-8599	2152	545	-2162	1603	
6368	-8630	2257	572	-2170	1584	
6290	-8658	2366	600	-2176	1565	
6210	-8685	2472	626	-2183	1545	
6130	-8711	2578	652	-2189	1525	
6050	-8736	2682	678	-2195	1506	
5969	-8759	2787	704	-2200	1485	
5887	-8781	2893	729	-2206	1465	
5806	-8801	2995	755	-2211	1445	
5719	-8821	3098	780	-2215	1422	
5635	-8840	3202	807	-2219	1401	
5550	-8857	3305	832	-2222	1380	
5463	-8872	3407	859	-2225	1359	
5377	-8886	3508	882	-2231	1337	
5288	-8898	3610	906	-2233	1314	
5197	-8909	3711	934	-2236	1292	
5109	-8920	3812	957	-2238	1269	
5019	-8930	3911	982	-2240	1247	
4928	-8936	4011	1006	-2243	1225	
4836	-8943	4107	1030	-2243	1201	
4743	-8948	4205	1053	-2245	1177	
4651	-8951	4303	1079	-2245	1155	
4557	-8953	4398	1103	-2244	1132	
4461	-8953	4494	1125	-2245	1107	
4367	-8952	4589	1150	-2244	1083	
4270	-8951	4683	1173	-2244	1060	
4172	-8948	4778	1196	-2243	1035	
4075	-8943	4870	1219	-2242	1009	
3978	-8938	4962	1241	-2241	986	
3879	-8929	5054	1264	-2238	961	
3780	-8921	5144	1287	-2236	936	
3680	-8910	5234	1309	-2233	912	
3580	-8898	5323	1331	-2229	886	
3480	-8886	5412	1352	-2226	860	
3378	-8871	5500	1374	-2223	836	
3275	-8856	5587	1396	-2219	811	
3172	-8840	5672	1418	-2213	785	
3072	-8821	5757	1437	-2210	759	
2966	-8801	5841	1457	-2206	733	
2861	-8780	5925	1480	-2199	707	
2759	-8758	6007	1498	-2193	682	
2654	-8735	6088	1519	-2187	655	
2549	-8711	6168	1539	-2181	628	
2445	-8685	6249	1559	-2174	603	
2339	-8657	6327	1578	-2167	577	
2232	-8628	6405	1597	-2159	550	
2125	-8597	6482	1617	-2151	523	
2018	-8566	6557	1634	-2144	496	
1910	-8533	6632	1653	-2135	470	
1805	-8500	6706	1671	-2126	444	
1696	-8465	6778	1689	-2118	416	
1588	-8428	6851	1707	-2109	389	
1481	-8390	6922	1724	-2099	364	
1372	-8351	6992	1741	-2089	337	
1263	-8311	7060	1758	-2078	310	
1154	-8270	7127	1774	-2067	283	
1044	-8228	7194	1791	-2058	255	
934	-8184	7259	1807	-2046	229	
824	-8139	7323	1823	-2034	204	
715	-8093	7387	1838	-2023	177	
605	-8044	7449	1852	-2013	150	
495	-7996	7509	1869	-1999	125	
387	-7945	7570	1884	-1985	99	
277	-7894	7629	1899	-1972	75	
168	-7842	7686	1912	-1959	50	
58	-7788	7742	1925	-1946	26	
-54	-7733	7797	1940	-1933	0	
-163	-7678	7852	1952	-1918	-28	
-273	-7621	7905	1964	-1902	-65	
-383	-7562	7957	1976	-1889	-111	
-492	-7504	8008	1989	-1874	-150	
-601	-7443	8056	2001	-1859	-176	
-711	-7380	8104	2014	-1842	-190	
-819	-7318	8151	2026	-1826	-208	
-928	-7254	8197	2036	-1810	-237	
-1038	-7189	8240	2048	-1793	-267	
-1149	-7123	8284	2059	-1777	-297	
-1257	-7055	8327	2069	-1761	-324	
-1366	-6987	8367	2078	-1744	-350	
-1474	-6918	8407	2088	-1727	-377	
-1582	-6848	8445	2097	-1709	-404	
-1690	-6776	8481	2105	-1691	-431	
-1797	-6704	8517	2115	-1673	-457	
-1904	-6631	8550	2124	-1654	-483	
-2009	-6556	8584	2130	-1635	-511	
-2118	-6480	8616	2139	-1615	-538	
-2224	-6404	8646	2146	-1596	-564	
-2328	-6327	8676	2153	-1577	-591	
-2435	-6249	8704	2160	-1556	-617	
-2541	-6169	8730	2165	-1538	-644	
-2645	-6089	8755	2172	-1517	-670	
-2749	-6009	8779	2178	-1498	-696	
-2855	-5927	8802	2183	-1477	-723	
-2959	-5844	8822	2188	-1455	-748	
-3062	-5759	8843	2194	-1435	-774	
-3166	-5674	8862	2198	-1414	-800	
-3269	-5589	8879	2202	-1392	-825	
-3372	-5504	8895	2206	-1369	-850	
-3473	-5417	8909	2208	-1349	-876	
-3572	-5329	8922	2212	-1326	-902	
-3674	-5241	8935	2215	-1302	-925	
-3774	-5150	8946	2216	-1281	-951	
-3873	-5061	8953	2217	-1260	-977	
-3972	-4969	8961	2221	-1235	-1000	
-4071	-4877	8969	2222	-1213	-1024	
-4168	-4784	8973	2223	-1189	-1049	
-4264	-4692	8977	2225	-1166	-1073	
-4361	-4598	8980	2226	-1142	-1097	
-4458	-4504	8981	2226	-1119	-1121	
-4552	-4408	8981	2224	-1096	-1145	
-4645	-4312	8979	2225	-1071	-1167	
-4739	-4215	8975	2221	-1047	-1191	
-4832	-4117	8971	2220	-1022	-1215	
-4925	-4020	8965	2221	-997	-1238	
-5015	-3922	8958	2218	-972	-1259	
-5106	-3822	8950	2215	-948	-1282	
-5197	-3721	8940	2212	-924	-1306	
-5286	-3621	8930	2210	-898	-1327	
-5376	-3520	8918	2206	-872	-1350	
-5463	-3418	8904	2202	-847	-1371	
-5549	-3317	8889	2200	-822	-1392	
-5635	-3215	8872	2196	-795	-1413	
-5719	-3112	8855	2190	-770	-1434	
-5803	-3008	8835	2185	-744	-1455	
-5887	-2905	8814	2181	-718	-1476	
-5969	-2800	8793	2175	-692	-1496	
-6049	-2695	8770	2169	-665	-1517	
-6131	-2590	8746	2165	-638	-1536	
-6212	-2485	8720	2156	-612	-1556	
-6290	-2379	8693	2148	-588	-1576	
-6367	-2273	8664	2142	-561	-1595	
-6444	-2166	8634	2135	-534	-1614	
-6519	-2059	8603	2127	-508	-1633	
-6595	-1952	8572	2118	-481	-1651	
-6669	-1845	8539	2111	-453	-1669	
-6742	-1736	8503	2101	-427	-1688	
-6815	-1628	8467	2092	-401	-1706	
-6885	-1521	8430	2084	-373	-1723	
-6955	-1411	8391	2073	-346	-1740	
-7023	-1303	8351	2063	-318	-1757	
-7092	-1195	8311	2053	-292	-1775	
-7158	-1085	8268	2043	-266	-1790	
-7222	-975	8224	2031	-239	-1807	
-7287	-866	8180	2019	-212	-1822	
-7350	-757	8133	2008	-185	-1839	
-7413	-648	8085	1996	-159	-1854	
-7474	-537	8038	1983	-132	-1869	
-7535	-427	7988	1971	-106	-1885	
-7595	-318	7937	1958	-80	-1899	
-7652	-208	7885	1945	-54	-1913	
-7708	-97	7832	1932	-29	-1927	
-7764	12	7777	1919	-3	-1941	
-7818	123	7721	1905	22	-1955	
-7870	233	7664	1889	47	-1968	
-7922	342	7606	1876	78	-1979	
-7975	453	7547	1861	114	-1992	
-8024	563	7487	1846	149	-2004	
-8072	672	7425	1831	183	-2015	
-8119	782	7363	1814	210	-2028	
-8165	892	7299	1799	234	-2039	
-8209	1001	7235	1783	257	-2051	
-8252	1109	7169	1767	282	-2061	
-8295	1219	7102	1749	308	-2072	
-8336	1328	7035	1732	339	-2083	
-8376	1437	6965	1716	368	-2092	
-8414	1545	6894	1699	393	-2101	
-8450	1653	6823	1680	419	-2110	
-8487	1762	6752	1662	446	-2119	
-8522	1868	6678	1644	475	-2127	
-8556	1975	6604	1624	501	-2135	
-8588	2083	6529	1606	529	-2143	
-8619	2190	6452	1588	556	-2151	
-8648	2297	6376	1569	581	-2158	
-8676	2403	6298	1549	608	-2164	
-8702	2509	6218	1530	634	-2171	
-8728	2614	6138	1509	661	-2177	
-8753	2720	6058	1489	687	-2182	
-8775	2824	5975	1468	713	-2189	
-8798	2929	5893	1449	741	-2193	
-8818	3033	5810	1428	765	-2197	
-8836	3135	5724	1406	788	-2205	
-8853	3238	5639	1386	816	-2207	
-8870	3341	5553	1362	841	-2212	
-8884	3443	5467	1341	867	-2215	
-8899	3544	5379	1319	892	-2219	
-8910	3645	5289	1298	917	-2221	
-8921	3745	5200	1275	942	-2225	
-8934	3845	5111	1254	967	-2226	
-8940	3944	5020	1233	993	-2228	
-8947	4042	4927	1208	1017	-2231	
-8953	4140	4836	1185	1041	-2229	
-8957	4238	4742	1162	1066	-2231	
-8960	4334	4647	1139	1089	-2231	
-8960	4430	4553	1115	1112	-2232	
-8961	4526	4458	1091	1137	-2233	
-8960	4621	4362	1068	1160	-2232	
-8957	4714	4265	1043	1184	-2231	
-8954	4807	4168	1019	1208	-2230	
-8949	4900	4070	996	1231	-2229	
-8943	4993	3972	970	1253	-2226	
-8934	5084	3872	946	1276	-2224	
-8925	5174	3773	922	1299	-2221	
-8915	5263	3672	895	1322	-2219	
-8903	5352	3571	871	1344	-2216	
-8890	5439	3470	846	1363	-2212	
-8874	5526	3368	821	1386	-2209	
-8859	5614	3267	795	1408	-2204	
-8842	5699	3164	769	1428	-2200	
-8823	5784	3060	744	1450	-2196	
-8803	5867	2957	718	1471	-2189	
-8782	5949	2852	692	1491	-2184	
-8760	6031	2748	666	1511	-2178	
-8734	6112	2642	642	1532	-2171	
-8710	6193	2537	614	1551	-2167	
-8685	6273	2431	588	1571	-2159	
-8655	6351	2326	564	1592	-2152	
-8626	6427	2218	536	1610	-2144	
-8597	6504	2111	508	1628	-2137	
-8565	6580	2004	482	1648	-2129	
-8531	6654	1895	458	1666	-2119	
-8497	6727	1787	431	1683	-2111	
-8461	6799	1679	404	1702	-2101	
-8425	6871	1570	377	1720	-2092	
-8385	6941	1462	350	1737	-2082	
-8346	7010	1354	323	1753	-2073	
-8306	7079	1244	298	1772	-2063	
-8265	7146	1135	271	1788	-2052	
-8223	7212	1026	244	1804	-2042	
-8178	7277	916	218	1820	-2031	
-8132	7341	806	192	1836	-2018	
-8085	7403	697	165	1853	-2006	
-8037	7464	587	138	1866	-1993	
-7987	7525	477	114	1881	-1982	
-7936	7585	367	87	1896	-1969	
-7885	7643	257	62	1910	-1955	
-7832	7700	147	37	1925	-1942	
-7778	7757	37	9	1938	-1929	
-7724	7811	-73	-22	1952	-1916	
-7667	7864	-183	-55	1965	-1901	
-7609	7917	-294	-88	1978	-1886	
-7552	7968	-405	-122	1991	-1872	
-7492	8018	-514	-150	2004	-1857	
-7431	8068	-623	-172	2017	-1840	
-7370	8115	-734	-195	2028	-1825	
-7306	8161	-843	-222	2037	-1810	
-7243	8207	-952	-250	2049	-1794	
-7176	8250	-1062	-279	2059	-1778	
-7110	8293	-1172	-306	2070	-1760	
-7044	8335	-1280	-332	2081	-1744	
-6974	8375	-1389	-358	2090	-1726	
-6905	8413	-1497	-385	2101	-1708	
-6834	8452	-1606	-414	2109	-1691	
-6763	8487	-1715	-440	2118	-1672	
-6690	8522	-1822	-466	2128	-1654	
-6616	8556	-1930	-492	2135	-1636	
-6542	8588	-2038	-520	2143	-1618	
-6465	8622	-2144	-546	2151	-1598	
-6391	8650	-2251	-573	2158	-1578	
-6313	8678	-2357	-600	2165	-1559	
-6233	8706	-2463	-625	2170	-1540	
-6154	8732	-2570	-653	2178	-1520	
-6073	8757	-2675	-678	2185	-1499	
-5993	8780	-2780	-704	2189	-1480	
-5910	8803	-2885	-729	2196	-1458	
-5828	8824	-2989	-756	2199	-1438	
-5744	8842	-3092	-781	2204	-1418	
-5658	8860	-3196	-806	2210	-1396	
-5574	8876	-3298	-832	2214	-1374	
-5488	8894	-3400	-857	2217	-1352	
-5400	8908	-3503	-882	2219	-1330	
-5311	8919	-3604	-907	2223	-1308	
-5222	8931	-3704	-932	2226	-1285	
-5133	8941	-3804	-957	2229	-1264	
-5041	8950	-3904	-981	2229	-1241	
-4951	8957	-4002	-1006	2231	-1217	
-4860	8963	-4100	-1030	2233	-1195	
-4767	8967	-4199	-1054	2233	-1171	
-4675	8971	-4296	-1079	2233	-1149	
-4579	8974	-4392	-1102	2234	-1125	
-4484	8975	-4487	-1126	2235	-1101	
-4390	8974	-4582	-1148	2234	-1077	
-4292	8971	-4677	-1171	2234	-1052	
-4196	8967	-4771	-1197	2232	-1029	
-4098	8962	-4863	-1218	2231	-1003	
-4000	8957	-4956	-1242	2229	-980	
-3901	8950	-5047	-1264	2227	-955	
-3802	8941	-5138	-1286	2226	-930	
-3703	8931	-5229	-1309	2222	-906	
-3602	8919	-5317	-1332	2217	-880	
-3501	8906	-5407	-1353	2215	-856	
-3399	8893	-5494	-1374	2212	-829	
-3297	8877	-5580	-1396	2207	-803	
-3196	8860	-5666	-1416	2204	-778	
-3092	8842	-5750	-1437	2200	-752	
-2988	8822	-5836	-1458	2194	-726	
-2885	8801	-5918	-1479	2188	-700	
-2781	8779	-6000	-1499	2183	-675	
-2676	8756	-6082	-1520	2177	-648	
-2571	8731	-6162	-1539	2170	-622	
-2466	8705	-6242	-1558	2163	-596	
-2359	8677	-6322	-1579	2156	-569	
-2253	8648	-6399	-1596	2149	-544	
-2146	8618	-6475	-1616	2141	-517	
-2040	8587	-6551	-1634	2133	-490	
-1935	8555	-6626	-1652	2125	-465	
-1828	8521	-6699	-1672	2117	-437	
-1720	8485	-6773	-1689	2107	-411	
-1613	8449	-6844	-1706	2098	-383	
-1504	8411	-6915	-1724	2089	-356	
-1395	8372	-6985	-1741	2077	-331	
-1286	8332	-7053	-1758	2068	-303	
-1177	8291	-7121	-1774	2058	-276	
-1069	8248	-7188	-1790	2047	-248	
-959	8204	-7253	-1808	2036	-223	
-848	8159	-7318	-1822	2024	-196	
-739	8113	-7380	-1837	2012	-169	
-630	8065	-7441	-1854	1999	-143	
-520	8016	-7503	-1868	1988	-117	
-410	7967	-7563	-1883	1976	-91	
-300	7915	-7622	-1899	1960	-67	
-191	7862	-7679	-1912	1947	-41	
-81	7809	-7736	-1926	1935	-16	
30	7754	-7792	-1940	1921	8	
139	7699	-7846	-1952	1907	34	
248	7641	-7899	-1965	1893	62	
359	7583	-7951	-1977	1878	96	
468	7524	-8001	-1990	1862	136	
576	7463	-8050	-2001	1848	175	
686	7401	-8098	-2013	1832	205	
796	7338	-8144	-2026	1815	226	
905	7274	-8190	-2036	1800	246	
1016	7209	-8235	-2046	1784	270	
1125	7144	-8279	-2057	1767	297	
1232	7076	-8320	-2067	1750	326	
1343	7007	-8361	-2077	1733	356	
1451	6938	-8400	-2086	1716	383	
1558	6868	-8438	-2097	1697	410	
1666	6796	-8475	-2107	1680	435	
1775	6724	-8511	-2115	1662	461	
1882	6652	-8546	-2124	1643	489	
1989	6577	-8578	-2131	1624	515	
2097	6501	-8610	-2137	1605	543	
2201	6425	-8641	-2145	1586	569	
2307	6348	-8670	-2153	1566	594	
2415	6269	-8698	-2158	1548	623	
2520	6189	-8724	-2164	1528	649	
2626	6110	-8749	-2173	1506	674	
2729	6029	-8772	-2178	1486	701	
2832	5947	-8796	-2183	1466	726	
2938	5864	-8817	-2188	1445	753	
3041	5780	-8837	-2193	1424	779	
3144	5696	-8856	-2198	1403	804	
3248	5609	-8873	-2201	1380	830	
3350	5524	-8889	-2205	1359	854	
3451	5437	-8904	-2208	1338	880	
3551	5349	-8917	-2212	1316	906	
3652	5261	-8928	-2214	1294	931	
3752	5170	-8939	-2217	1271	956	
3852	5080	-8948	-2221	1247	978	
3950	4990	-8957	-2221	1223	1004	
4048	4897	-8963	-2223	1201	1030	
4147	4805	-8967	-2224	1179	1053	
4244	4711	-8972	-2224	1156	1077	
4341	4618	-8975	-2224	1132	1101	
4436	4524	-8975	-2225	1107	1125	
4531	4428	-8975	-2224	1084	1150	
4625	4331	-8974	-2224	1059	1173	
4719	4235	-8970	-2223	1035	1195	
4812	4137	-8966	-2222	1012	1219	
4904	4040	-8961	-2220	987	1243	
4995	3941	-8954	-2219	961	1264	
5085	3842	-8946	-2216	936	1286	
5176	3742	-8936	-2212	912	1310	
5265	3642	-8924	-2210	886	1332	
5353	3541	-8912	-2206	862	1354	
5441	3440	-8897	-2204	837	1376	
5527	3338	-8882	-2200	811	1397	
5612	3235	-8867	-2195	785	1418	
5696	3133	-8849	-2190	760	1440	
5781	3029	-8829	-2186	734	1462	
5866	2924	-8809	-2181	708	1481	
5948	2821	-8787	-2174	683	1501	
6028	2716	-8764	-2169	656	1522	
6110	2610	-8740	-2162	631	1543	
6190	2506	-8714	-2157	604	1562	
6268	2400	-8686	-2150	577	1581	
6344	2293	-8659	-2142	551	1601	
6422	2187	-8629	-2135	524	1620	
6498	2080	-8598	-2126	497	1639	
6572	1973	-8566	-2119	472	1657	
6646	1865	-8532	-2109	445	1675	
6719	1758	-8498	-2101	416	1693	
6794	1650	-8461	-2093	391	1711	
6862	1542	-8424	-2082	364	1730	
6931	1434	-8386	-2072	338	1747	
7001	1323	-8345	-2062	312	1764	
7069	1214	-8304	-2051	285	1781	
7135	1106	-8263	-2042	259	1796	
7201	997	-8218	-2031	230	1812	
7265	887	-8172	-2019	203	1829	
7328	777	-8128	-2008	176	1844	
7391	667	-8080	-1996	150	1860	
7452	557	-8031	-1984	125	1873	
7513	448	-7982	-1972	99	1890	
7571	338	-7930	-1959	73	1905	
7629	228	-7879	-1945	49	1919	
7685	118	-7826	-1931	24	1934	
7741	8	-7771	-1917	-4	1946	
7795	-102	-7715	-1903	-36	1959	
7848	-212	-7658	-1889	-71	1973	
7901	-322	-7601	-1876	-110	1985	
7952	-433	-7541	-1861	-144	1997	
8002	-542	-7480	-1845	-168	2010	
8051	-650	-7419	-1830	-189	2022	
8097	-761	-7357	-1815	-211	2034	
8143	-871	-7293	-1799	-239	2045	
8188	-980	-7228	-1782	-269	2056	
8230	-1090	-7162	-1766	-296	2067	
8272	-1198	-7096	-1749	-324	2077	
8313	-1307	-7028	-1731	-350	2087	
8352	-1415	-6959	-1715	-376	2097	
8392	-1523	-6888	-1698	-406	2106	
8429	-1632	-6817	-1680	-433	2115	
8465	-1739	-6745	-1661	-459	2125	
8499	-1846	-6672	-1643	-487	2132	
8533	-1954	-6597	-1625	-513	2141	
8565	-2062	-6522	-1605	-540	2149	
8595	-2169	-6446	-1586	-566	2156	
8624	-2274	-6369	-1569	-593	2162	
8652	-2381	-6291	-1548	-620	2170	
8680	-2488	-6213	-1528	-645	2177	
8705	-2593	-6132	-1510	-673	2181	
8729	-2698	-6051	-1487	-697	2189	
8753	-2802	-5970	-1468	-723	2194	
8775	-2906	-5886	-1447	-750	2200	
8795	-3010	-5804	-1427	-776	2204	
8812	-3113	-5719	-1406	-803	2209	
8830	-3217	-5633	-1384	-828	2213	
8847	-3319	-5548	-1362	-852	2217	
8861	-3421	-5460	-1341	-879	2221	
8875	-3522	-5372	-1319	-904	2224	
8887	-3622	-5284	-1297	-929	2226	
8899	-3724	-5195	-1275	-955	2229	
8909	-3823	-5104	-1253	-979	2231	
8916	-3923	-5013	-1231	-1003	2233	
8924	-4021	-4922	-1207	-1027	2235	
8929	-4119	-4829	-1184	-1052	2236	
8934	-4216	-4736	-1159	-1075	2238	
8936	-4313	-4642	-1137	-1100	2238	
8938	-4409	-4548	-1115	-1126	2237	
8939	-4505	-4453	-1089	-1149	2238	
8937	-4599	-4356	-1066	-1172	2238	
8935	-4694	-4259	-1043	-1194	2237	
8931	-4786	-4162	-1018	-1219	2235	
8927	-4878	-4064	-994	-1241	2234	
8920	-4971	-3965	-970	-1265	2232	
8909	-5062	-3866	-945	-1287	2230	
8902	-5152	-3765	-920	-1309	2227	
8891	-5242	-3665	-896	-1331	2223	
8879	-5331	-3565	-869	-1353	2221	
8866	-5418	-3464	-844	-1376	2218	
8852	-5505	-3362	-818	-1397	2215	
8836	-5593	-3259	-795	-1420	2210	
8819	-5677	-3157	-772	-1441	2205	
8800	-5762	-3054	-743	-1461	2199	
8779	-5846	-2949	-717	-1482	2195	
8758	-5929	-2845	-692	-1502	2191	
8735	-6010	-2740	-666	-1522	2184	
8711	-6091	-2634	-641	-1543	2177	
8686	-6172	-2530	-614	-1563	2172	
8660	-6252	-2424	-587	-1581	2165	
8632	-6330	-2316	-560	-1600	2157	
8602	-6406	-2209	-534	-1621	2149	
8572	-6483	-2103	-509	-1641	2142	
8541	-6558	-1995	-481	-1658	2134	
8508	-6632	-1887	-455	-1677	2125	
8473	-6705	-1781	-428	-1695	2117	
8438	-6778	-1673	-402	-1713	2108	
8400	-6849	-1565	-375	-1731	2098	
8363	-6919	-1456	-349	-1747	2088	
8323	-6989	-1347	-322	-1765	2079	
8282	-7057	-1238	-294	-1781	2068	
8240	-7124	-1128	-269	-1799	2057	
8198	-7190	-1019	-241	-1816	2046	
8154	-7255	-910	-213	-1830	2035	
8106	-7320	-799	-188	-1847	2023	
8061	-7382	-690	-163	-1862	2012	
8013	-7443	-581	-135	-1878	2000	
7963	-7504	-470	-109	-1892	1988	
7913	-7564	-360	-83	-1907	1975	
7861	-7622	-251	-57	-1922	1962	
7808	-7679	-141	-31	-1935	1949	
7755	-7736	-31	-6	-1949	1935	
7701	-7790	80	19	-1964	1920	
7645	-7844	190	46	-1978	1907	
7587	-7896	300	74	-1991	1891	
7528	-7946	411	107	-2003	1877	
7468	-7996	520	140	-2014	1863	
7408	-8046	631	174	-2025	1847	
7346	-8094	740	202	-2037	1831	
7281	-8140	849	226	-2050	1815	
7218	-8185	959	252	-2061	1799	
7153	-8229	1069	276	-2072	1782	
7087	-8273	1177	304	-2082	1766	
7019	-8314	1286	333	-2092	1750	
6951	-8354	1397	359	-2101	1732	
6882	-8393	1505	386	-2112	1714	
6811	-8430	1613	414	-2120	1697	
6738	-8466	1722	440	-2128	1679	
6666	-8501	1830	466	-2137	1660	
6594	-8536	1937	493	-2145	1642	
6517	-8568	2045	521	-2153	1623	
6441	-8599	2152	547	-2161	1605	
6366	-8629	2259	572	-2169	1585	
6288	-8658	2366	599	-2176	1566	
6211	-8685	2473	625	-2183	1546	
6131	-8711	2579	652	-2189	1526	
6050	-8737	2682	678	-2195	1506	
5970	-8759	2789	703	-2200	1485	
5887	-8782	2894	729	-2206	1464	
5803	-8803	2997	756	-2210	1444	
5719	-8821	3100	782	-2214	1423	
5635	-8840	3203	807	-2219	1402	
5549	-8857	3305	833	-2223	1380	
5461	-8872	3408	858	-2228	1358	
5376	-8886	3511	883	-2229	1337	
5289	-8899	3611	908	-2234	1314	
5199	-8910	3712	932	-2237	1291	
5109	-8921	3812	957	-2239	1270	
5019	-8929	3911	981	-2241	1246	
4928	-8937	4010	1005	-2242	1223	
4835	-8944	4108	1031	-2244	1200	
4742	-8947	4205	1055	-2244	1177	
4649	-8951	4303	1079	-2245	1155	
4555	-8953	4400	1103	-2245	1132	
4461	-8953	4495	1127	-2245	1107	
4366	-8953	4590	1149	-2245	1082	
4269	-8950	4685	1170	-2246	1058	
4172	-8947	4778	1196	-2244	1035	
4074	-8943	4872	1219	-2243	1010	
3976	-8936	4963	1241	-2241	986	
3879	-8928	5054	1264	-2238	961	
3779	-8920	5147	1286	-2236	936	
3679	-8910	5235	1309	-2233	912	
3577	-8899	5325	1331	-2229	887	
3477	-8886	5413	1354	-2226	861	
3377	-8872	5500	1373	-2225	835	
3273	-8856	5588	1395	-2218	809	
3172	-8839	5673	1417	-2213	785	
3069	-8821	5758	1438	-2210	758	
2964	-8801	5843	1457	-2204	731	
2861	-8780	5924	1478	-2199	706	
2756	-8758	6007	1500	-2193	681	
2651	-8734	6090	1520	-2187	655	
2547	-8710	6170	1539	-2181	628	
2442	-8685	6249	1559	-2174	603	
2336	-8656	6328	1579	-2167	576	
2230	-8627	6406	1597	-2159	549	
2125	-8598	6482	1616	-2152	523	
2017	-8565	6558	1634	-2145	497	
1910	-8533	6633	1653	-2135	471	
1804	-8500	6706	1672	-2126	443	
1696	-8465	6780	1690	-2116	418	
1587	-8429	6851	1708	-2107	391	
1479	-8390	6922	1724	-2100	362	
1371	-8351	6992	1742	-2089	337	
1262	-8312	7060	1758	-2079	310	
1153	-8270	7127	1775	-2068	284	
1043	-8227	7194	1792	-2057	255	
934	-8183	7259	1806	-2046	228	
825	-8138	7323	1822	-2035	202	
714	-8092	7388	1839	-2024	176	
605	-8044	7449	1855	-2010	151	
496	-7995	7510	1868	-1998	124	
385	-7945	7570	1884	-1986	100	
276	-7893	7629	1898	-1971	74	
167	-7841	7686	1911	-1959	50	
