-927	-7255	8196	2037	-1811	-235	
-1037	-7191	8240	2048	-1794	-266	
-1145	-7125	8283	2057	-1777	-295	
-1253	-7057	8325	2069	-1760	-321	
-1363	-6989	8365	2079	-1742	-349	
-1471	-6919	8406	2087	-1725	-376	
-1580	-6849	8444	2098	-1706	-402	
-1687	-6778	8480	2107	-1690	-429	
-1794	-6706	8515	2114	-1673	-457	
-1901	-6633	8551	2122	-1654	-483	
-2008	-6558	8584	2131	-1635	-510	
-2113	-6482	8615	2138	-1616	-537	
-2220	-6406	8646	2146	-1597	-563	
-2326	-6329	8675	2154	-1578	-590	
-2431	-6251	8703	2159	-1558	-617	
-2539	-6172	8729	2165	-1537	-642	
-2643	-6091	8754	2173	-1516	-667	
-2747	-6010	8779	2178	-1496	-695	
-2853	-5928	8801	2184	-1477	-722	
-2957	-5846	8822	2190	-1455	-746	
-3060	-5762	8842	2194	-1434	-772	
-3163	-5678	8861	2197	-1414	-799	
-3266	-5592	8878	2201	-1393	-825	
-3368	-5506	8894	2205	-1370	-849	
-3469	-5419	8909	2208	-1349	-875	
-3571	-5332	8922	2212	-1326	-901	
-3671	-5243	8933	2215	-1303	-926	
-3770	-5153	8945	2216	-1282	-951	
-3870	-5063	8954	2219	-1260	-974	
-3968	-4972	8961	2222	-1235	-999	
-4067	-4880	8968	2223	-1212	-1024	
-4165	-4787	8975	2224	-1189	-1048	
-4261	-4694	8978	2225	-1166	-1072	
-4359	-4600	8980	2225	-1143	-1096	
-4454	-4506	8981	2224	-1120	-1120	
-4550	-4411	8980	2223	-1096	-1143	
-4644	-4315	8979	2224	-1071	-1167	
-4738	-4218	8977	2224	-1046	-1190	
-4831	-4120	8973	2222	-1022	-1213	
-4921	-4022	8966	2220	-997	-1236	
-5013	-3923	8959	2218	-973	-1259	
-5104	-3823	8950	2216	-948	-1281	
-5195	-3724	8941	2214	-922	-1303	
-5284	-3624	8929	2210	-897	-1327	
-5372	-3523	8917	2207	-873	-1349	
-5459	-3421	8904	2205	-847	-1369	
-5545	-3319	8889	2200	-822	-1391	
-5633	-3217	8873	2195	-797	-1414	
-5718	-3115	8855	2190	-770	-1434	
-5802	-3010	8836	2186	-745	-1454	
-5885	-2906	8816	2181	-720	-1476	
-5967	-2803	8793	2175	-694	-1496	
-6049	-2698	8770	2169	-666	-1516	
-6130	-2592	8746	2163	-640	-1536	
-6209	-2488	8721	2158	-613	-1555	
-6288	-2380	8694	2151	-587	-1575	
-6365	-2274	8665	2143	-561	-1595	
-6442	-2168	8635	2136	-534	-1614	
-6519	-2061	8605	2127	-508	-1634	
-6592	-1955	8573	2118	-481	-1651	
-6667	-1847	8539	2109	-455	-1670	
-6740	-1738	8504	2100	-429	-1688	
-6811	-1631	8469	2094	-400	-1705	
-6882	-1523	8431	2084	-373	-1723	
-6952	-1415	8392	2073	-346	-1740	
-7021	-1306	8352	2063	-319	-1758	
-7088	-1197	8311	2052	-294	-1775	
-7157	-1087	8268	2043	-265	-1790	
-7222	-979	8226	2032	-238	-1807	
-7286	-869	8181	2021	-212	-1823	
-7351	-759	8135	2010	-184	-1838	
-7412	-650	8088	1996	-159	-1854	
-7473	-541	8039	1984	-133	-1869	
-7533	-430	7989	1972	-107	-1883	
-7593	-321	7938	1960	-80	-1899	
-7650	-211	7885	1947	-53	-1912	
-7706	-101	7833	1932	-30	-1927	
-7761	9	7778	1919	-4	-1941	
-7816	119	7722	1905	22	-1953	
-7871	229	7667	1890	48	-1968	
-7922	340	7608	1878	78	-1980	
-7972	450	7549	1862	112	-1992	
-8022	560	7488	1847	149	-2004	
-8071	669	7427	1832	183	-2016	
-8117	779	7364	1815	210	-2028	
-8163	889	7301	1799	233	-2039	
-8209	998	7237	1784	256	-2050	
-8252	1108	7171	1767	281	-2061	
-8295	1217	7103	1750	308	-2072	
-8335	1324	7035	1733	337	-2082	
-8375	1434	6967	1716	367	-2091	
-8414	1542	6896	1698	393	-2100	
-8450	1650	6825	1680	420	-2109	
-8487	1759	6754	1663	447	-2117	
-8520	1866	6681	1645	473	-2127	
-8554	1974	6606	1626	501	-2135	
-8588	2081	6531	1606	527	-2142	
-8617	2187	6455	1589	555	-2151	
-8646	2294	6377	1569	581	-2157	
-8674	2402	6300	1549	605	-2165	
-8700	2507	6221	1530	633	-2172	
-8727	2612	6141	1509	661	-2177	
-8751	2717	6059	1489	686	-2182	
-8775	2821	5978	1469	713	-2188	
-8796	2926	5896	1448	738	-2195	
-8817	3029	5812	1427	764	-2199	
-8835	3133	5727	1407	791	-2202	
-8852	3237	5642	1386	817	-2207	
-8870	3340	5557	1365	842	-2211	
-8885	3440	5469	1343	867	-2215	
-8899	3541	5380	1321	892	-2218	
-8911	3642	5293	1297	917	-2221	
-8922	3742	5204	1276	942	-2223	
-8932	3842	5113	1254	967	-2225	
-8941	3942	5022	1231	992	-2227	
-8948	4040	4929	1209	1016	-2228	
-8952	4138	4838	1186	1041	-2229	
-8956	4235	4746	1162	1065	-2231	
-8960	4332	4650	1139	1088	-2231	
-8963	4428	4555	1116	1113	-2232	
-8961	4524	4461	1093	1137	-2233	
-8960	4618	4366	1068	1161	-2231	
-8958	4713	4269	1044	1184	-2230	
-8954	4807	4171	1019	1206	-2229	
-8949	4897	4074	995	1229	-2228	
-8943	4990	3975	971	1252	-2226	
-8935	5082	3876	947	1275	-2224	
-8927	5172	3776	921	1297	-2223	
-8915	5261	3676	896	1320	-2220	
-8903	5349	3575	872	1343	-2216	
-8890	5437	3474	847	1364	-2213	
-8874	5525	3372	822	1386	-2209	
-8859	5612	3268	796	1408	-2204	
-8842	5697	3166	771	1429	-2200	
-8823	5782	3062	744	1449	-2197	
-8804	5865	2959	718	1470	-2191	
-8782	5948	2855	694	1491	-2184	
-8759	6030	2750	666	1511	-2178	
-8735	6111	2645	641	1531	-2173	
-8710	6191	2540	616	1551	-2167	
-8684	6270	2435	588	1571	-2159	
-8655	6349	2328	563	1590	-2152	
-8626	6425	2221	536	1608	-2144	
-8597	6502	2115	510	1627	-2137	
-8565	6578	2006	483	1646	-2129	
-8530	6651	1898	458	1666	-2121	
-8498	6726	1791	431	1684	-2112	
-8462	6798	1683	402	1701	-2104	
-8425	6870	1573	377	1719	-2094	
-8388	6939	1466	352	1737	-2082	
-8347	7008	1356	325	1754	-2074	
-8308	7076	1246	298	1770	-2063	
-8265	7143	1138	271	1788	-2053	
-8222	7210	1029	244	1804	-2041	
-8179	7275	920	218	1820	-2030	
-8131	7340	810	192	1837	-2019	
-8085	7401	700	166	1851	-2007	
-8037	7464	591	140	1866	-1995	
-7988	7524	480	114	1882	-1981	
-7938	7583	370	89	1896	-1970	
-7886	7642	261	62	1909	-1957	
-7834	7699	150	37	1924	-1943	
-7781	7755	41	9	1940	-1930	
-7726	7809	-70	-21	1950	-1916	
-7669	7863	-181	-54	1962	-1903	
-7613	7916	-291	-91	1977	-1889	
-7554	7967	-401	-123	1990	-1873	
-7494	8018	-509	-150	2003	-1859	
-7432	8066	-620	-171	2014	-1843	
-7369	8114	-730	-195	2026	-1826	
-7306	8159	-840	-222	2037	-1811	
-7243	8205	-950	-249	2049	-1795	
-7178	8249	-1059	-279	2060	-1779	
-7111	8292	-1169	-306	2070	-1763	
-7045	8333	-1277	-331	2080	-1745	
-6975	8373	-1385	-358	2091	-1727	
-6905	8412	-1495	-386	2100	-1710	
-6835	8449	-1603	-414	2108	-1692	
-6763	8486	-1711	-440	2118	-1674	
-6690	8522	-1818	-467	2125	-1656	
-6618	8555	-1927	-493	2134	-1638	
-6544	8588	-2035	-519	2143	-1618	
-6468	8619	-2141	-546	2149	-1600	
-6392	8650	-2248	-573	2156	-1581	
-6314	8679	-2355	-599	2165	-1560	
-6235	8705	-2461	-625	2171	-1541	
-6156	8732	-2567	-653	2176	-1521	
-6076	8756	-2672	-677	2184	-1500	
-5994	8780	-2778	-703	2189	-1479	
-5912	8802	-2882	-730	2194	-1459	
-5831	8823	-2986	-755	2199	-1439	
-5746	8843	-3090	-781	2204	-1418	
-5661	8860	-3193	-806	2209	-1396	
-5575	8878	-3295	-831	2213	-1374	
-5488	8893	-3398	-857	2216	-1353	
-5402	8907	-3499	-884	2218	-1331	
-5313	8920	-3600	-907	2223	-1308	
-5225	8931	-3701	-931	2226	-1286	
-5137	8941	-3801	-958	2228	-1265	
-5045	8950	-3901	-983	2229	-1242	
-4954	8958	-4000	-1006	2231	-1218	
-4863	8964	-4099	-1029	2233	-1195	
-4771	8967	-4195	-1053	2234	-1172	
-4677	8971	-4293	-1078	2234	-1150	
-4583	8974	-4389	-1102	2234	-1125	
-4489	8974	-4485	-1126	2234	-1101	
-4393	8973	-4580	-1149	2235	-1078	
-4295	8971	-4675	-1172	2233	-1053	
-4199	8968	-4768	-1196	2232	-1030	
-4101	8963	-4860	-1218	2231	-1005	
-4002	8957	-4953	-1240	2229	-980	
-3905	8950	-5045	-1264	2226	-957	
-3804	8940	-5136	-1287	2223	-932	
-3705	8931	-5226	-1308	2221	-906	
-3604	8920	-5315	-1330	2218	-881	
-3503	8907	-5404	-1353	2216	-856	
-3402	8894	-5492	-1374	2212	-830	
-3299	8878	-5578	-1394	2208	-804	
-3198	8860	-5664	-1416	2203	-779	
-3095	8843	-5748	-1438	2199	-753	
-2992	8824	-5832	-1458	2194	-727	
-2888	8802	-5916	-1479	2188	-702	
-2783	8780	-5998	-1499	2183	-676	
-2679	8757	-6079	-1518	2177	-650	
-2574	8732	-6161	-1539	2170	-624	
-2468	8706	-6239	-1559	2163	-597	
-2361	8678	-6319	-1578	2155	-571	
-2255	8649	-6397	-1596	2149	-544	
-2150	8620	-6473	-1616	2141	-517	
-2044	8588	-6549	-1634	2134	-491	
-1936	8556	-6624	-1652	2125	-464	
-1830	8522	-6698	-1671	2115	-439	
-1722	8486	-6771	-1688	2107	-410	
-1613	8450	-6843	-1708	2097	-384	
-1507	8412	-6913	-1724	2087	-358	
-1398	8373	-6983	-1739	2079	-330	
-1289	8334	-7052	-1758	2069	-304	
-1182	8292	-7118	-1775	2057	-277	
-1070	8250	-7186	-1790	2046	-249	
-962	8206	-7252	-1806	2036	-223	
-853	8161	-7316	-1821	2024	-196	
-743	8114	-7378	-1838	2011	-169	
-634	8066	-7440	-1854	1999	-143	
-523	8018	-7502	-1868	1988	-118	
-414	7968	-7561	-1882	1975	-92	
-303	7916	-7621	-1897	1963	-66	
-193	7864	-7679	-1912	1949	-42	
-83	7809	-7735	-1925	1934	-18	
26	7755	-7790	-1938	1922	7	
136	7700	-7844	-1952	1908	33	
246	7643	-7897	-1966	1892	60	
355	7584	-7950	-1978	1877	94	
465	7525	-8000	-1989	1863	135	
574	7465	-8049	-2001	1848	173	
685	7402	-8097	-2013	1833	203	
793	7339	-8143	-2026	1816	225	
902	7277	-8189	-2037	1800	245	
1012	7210	-8234	-2046	1785	268	
1120	7145	-8278	-2057	1766	296	
1231	7078	-8320	-2069	1750	325	
1338	7009	-8360	-2078	1733	354	
1448	6940	-8400	-2087	1716	382	
1559	6869	-8437	-2096	1699	407	
1665	6798	-8474	-2105	1679	434	
1772	6726	-8510	-2115	1661	461	
1880	6653	-8545	-2122	1643	488	
1987	6578	-8578	-2130	1624	515	
2094	6502	-8610	-2139	1605	541	
2200	6426	-8641	-2146	1587	568	
2307	6350	-8669	-2152	1567	595	
2412	6272	-8696	-2159	1547	621	
2517	6193	-8723	-2166	1527	647	
2623	6112	-8749	-2172	1506	673	
2727	6031	-8773	-2178	1486	700	
2831	5949	-8795	-2182	1467	726	
2937	5867	-8817	-2188	1446	752	
3039	5782	-8837	-2193	1424	777	
3140	5698	-8855	-2197	1402	804	
3244	5613	-8873	-2202	1382	830	
3347	5526	-8888	-2205	1359	855	
3448	5440	-8902	-2209	1338	879	
3549	5352	-8916	-2212	1317	904	
3649	5262	-8927	-2215	1292	930	
3749	5173	-8939	-2217	1271	955	
3850	5083	-8949	-2219	1250	979	
3948	4992	-8956	-2221	1225	1004	
4046	4899	-8963	-2222	1203	1029	
4145	4808	-8968	-2223	1181	1053	
4242	4713	-8972	-2223	1156	1078	
4337	4619	-8974	-2224	1132	1101	
4433	4525	-8975	-2225	1108	1124	
4527	4431	-8975	-2224	1085	1149	
4622	4334	-8973	-2224	1061	1172	
4716	4236	-8970	-2223	1036	1196	
4808	4140	-8965	-2222	1012	1219	
4902	4043	-8961	-2221	986	1241	
4993	3944	-8954	-2218	962	1265	
5081	3845	-8945	-2216	938	1287	
5173	3744	-8935	-2213	912	1308	
5262	3644	-8924	-2210	889	1332	
5350	3543	-8912	-2207	864	1354	
5439	3441	-8899	-2203	838	1376	
5524	3340	-8883	-2200	812	1398	
5611	3237	-8867	-2196	786	1418	
5697	3135	-8849	-2190	760	1439	
5780	3032	-8830	-2186	735	1460	
5863	2928	-8809	-2180	709	1480	
5946	2823	-8788	-2175	682	1501	
6026	2718	-8765	-2169	657	1522	
6108	2614	-8739	-2162	631	1542	
6187	2509	-8715	-2156	604	1562	
6264	2402	-8688	-2149	579	1582	
6344	2296	-8660	-2142	552	1600	
6421	2190	-8631	-2134	526	1620	
6498	2083	-8599	-2125	499	1639	
6572	1976	-8567	-2119	470	1656	
6645	1868	-8534	-2111	445	1674	
6717	1760	-8498	-2101	418	1694	
6788	1652	-8462	-2091	391	1711	
6860	1544	-8425	-2083	364	1729	
6929	1436	-8387	-2074	337	1745	
6998	1328	-8346	-2062	312	1763	
7066	1217	-8305	-2052	285	1781	
7134	1108	-8264	-2042	258	1796	
7200	1000	-8219	-2031	231	1812	
7262	889	-8174	-2019	205	1828	
7327	781	-8128	-2007	179	1846	
7391	670	-8082	-1996	152	1860	
7452	561	-8033	-1985	125	1874	
7511	451	-7983	-1971	99	1891	
7570	341	-7932	-1959	74	1904	
7628	232	-7879	-1946	49	1918	
7683	121	-7827	-1931	23	1933	
7741	12	-7772	-1918	-5	1946	
7795	-99	-7716	-1904	-34	1959	
7846	-209	-7659	-1889	-70	1972	
7899	-319	-7602	-1875	-109	1985	
7951	-429	-7543	-1861	-142	1998	
8001	-538	-7482	-1845	-165	2010	
8048	-648	-7421	-1828	-187	2023	
8095	-758	-7359	-1814	-211	2034	
8141	-867	-7295	-1799	-237	2045	
8186	-976	-7230	-1782	-268	2057	
8230	-1087	-7164	-1766	-296	2067	
8272	-1195	-7097	-1748	-323	2077	
8313	-1304	-7030	-1732	-349	2087	
8353	-1413	-6960	-1716	-376	2097	
8392	-1520	-6890	-1697	-403	2106	
8428	-1628	-6819	-1679	-430	2116	
8463	-1737	-6747	-1662	-457	2124	
8497	-1845	-6675	-1644	-485	2132	
8531	-1952	-6601	-1625	-511	2141	
8564	-2060	-6525	-1606	-538	2149	
8594	-2166	-6448	-1588	-565	2157	
8624	-2272	-6371	-1569	-593	2162	
8652	-2380	-6293	-1549	-620	2169	
8679	-2485	-6215	-1529	-645	2176	
8704	-2590	-6135	-1509	-671	2182	
8728	-2696	-6053	-1489	-699	2189	
8752	-2800	-5972	-1468	-724	2195	
8773	-2905	-5889	-1448	-749	2199	
8794	-3007	-5806	-1427	-775	2204	
8814	-3111	-5721	-1405	-800	2209	
8830	-3214	-5635	-1385	-826	2213	
8847	-3316	-5550	-1363	-851	2216	
8861	-3419	-5463	-1341	-876	2221	
8874	-3519	-5375	-1320	-903	2224	
8887	-3621	-5287	-1298	-929	2226	
8898	-3722	-5197	-1276	-954	2228	
8908	-3821	-5107	-1253	-978	2231	
8916	-3921	-5016	-1231	-1003	2233	
8923	-4018	-4924	-1207	-1028	2234	
8929	-4116	-4831	-1184	-1052	2236	
8931	-4214	-4738	-1162	-1077	2236	
8938	-4310	-4645	-1137	-1099	2238	
8938	-4406	-4549	-1114	-1124	2238	
8937	-4501	-4454	-1091	-1147	2237	
8937	-4596	-4359	-1067	-1170	2238	
8934	-4690	-4262	-1042	-1194	2237	
8931	-4784	-4165	-1020	-1218	2235	
8926	-4876	-4067	-995	-1243	2234	
8919	-4968	-3968	-970	-1265	2232	
8912	-5059	-3868	-947	-1285	2229	
8902	-5150	-3769	-921	-1308	2227	
8892	-5239	-3669	-896	-1331	2225	
8880	-5328	-3569	-871	-1354	2221	
8866	-5417	-3466	-847	-1375	2218	
8852	-5503	-3365	-820	-1396	2215	
8837	-5590	-3262	-793	-1417	2211	
8818	-5674	-3159	-770	-1439	2205	
8799	-5759	-3056	-742	-1460	2201	
8780	-5844	-2952	-717	-1480	2196	
8758	-5926	-2848	-692	-1502	2190	
8735	-6009	-2743	-666	-1522	2185	
8711	-6090	-2638	-640	-1542	2179	
8686	-6169	-2533	-613	-1562	2171	
8660	-6249	-2426	-587	-1582	2165	
8632	-6327	-2319	-562	-1601	2158	
8602	-6404	-2212	-535	-1621	2150	
8573	-6481	-2106	-509	-1639	2143	
8543	-6557	-1999	-482	-1658	2136	
8508	-6630	-1890	-454	-1676	2126	
8474	-6703	-1783	-429	-1694	2116	
8438	-6776	-1675	-402	-1712	2109	
8403	-6848	-1567	-375	-1730	2099	
8364	-6918	-1458	-350	-1747	2089	
8323	-6988	-1350	-321	-1765	2079	
8284	-7056	-1240	-296	-1782	2068	
8242	-7122	-1131	-268	-1798	2058	
8199	-7189	-1021	-241	-1815	2047	
8155	-7254	-912	-215	-1831	2037	
8108	-7318	-803	-188	-1847	2023	
8062	-7380	-692	-162	-1862	2012	
8015	-7442	-583	-135	-1875	2002	
7966	-7503	-473	-110	-1892	1988	
7915	-7562	-362	-83	-1906	1975	
7863	-7621	-253	-57	-1921	1963	
7810	-7678	-143	-33	-1936	1949	
7757	-7733	-33	-7	-1950	1934	
7701	-7787	77	18	-1963	1921	
7646	-7842	187	46	-1975	1907	
7588	-7895	297	75	-1989	1893	
7529	-7945	407	105	-2002	1878	
7470	-7996	518	139	-2013	1862	
7409	-8045	627	171	-2026	1848	
7346	-8092	737	201	-2038	1833	
7284	-8137	847	228	-2048	1816	
7219	-8183	957	251	-2059	1799	
7154	-8228	1066	276	-2071	1782	
7089	-8271	1174	304	-2081	1767	
7021	-8313	1284	331	-2092	1750	
6951	-8353	1393	359	-2103	1732	
6882	-8391	1502	386	-2111	1715	
6810	-8428	1610	412	-2120	1697	
6739	-8465	1718	440	-2129	1679	
6668	-8500	1827	466	-2138	1661	
6594	-8536	1935	493	-2146	1643	
6519	-8568	2042	520	-2154	1623	
6445	-8598	2150	546	-2161	1605	
6369	-8629	2257	573	-2168	1585	
6291	-8658	2364	599	-2175	1565	
6211	-8684	2470	626	-2181	1547	
6132	-8711	2576	653	-2188	1526	
6053	-8736	2680	677	-2194	1506	
5970	-8759	2785	702	-2201	1486	
5888	-8781	2890	730	-2206	1465	
5806	-8802	2993	755	-2210	1444	
5722	-8821	3097	780	-2216	1422	
5638	-8839	3200	806	-2219	1402	
5551	-8856	3304	831	-2223	1381	
5464	-8871	3406	856	-2229	1358	
5377	-8886	3506	883	-2231	1338	
5288	-8898	3609	908	-2233	1315	
5200	-8910	3708	932	-2235	1292	
5111	-8921	3808	956	-2239	1270	
5020	-8929	3909	982	-2241	1248	
4931	-8937	4008	1007	-2241	1225	
4838	-8943	4106	1030	-2244	1201	
4746	-8948	4203	1054	-2245	1179	
4652	-8950	4301	1078	-2246	1155	
4557	-8953	4396	1102	-2246	1131	
4463	-8953	4492	1126	-2244	1108	
4368	-8954	4587	1149	-2244	1084	
4272	-8952	4683	1173	-2245	1059	
4174	-8948	4776	1196	-2243	1036	
4078	-8944	4868	1218	-2241	1011	
3979	-8937	4961	1241	-2239	986	
3880	-8928	5052	1264	-2238	962	
3780	-8921	5143	1287	-2235	937	
3680	-8910	5233	1309	-2233	912	
3581	-8899	5323	1329	-2230	888	
3480	-8887	5411	1352	-2226	862	
3379	-8872	5498	1373	-2223	836	
3277	-8856	5585	1395	-2218	811	
3175	-8840	5670	1417	-2214	786	
3071	-8821	5755	1437	-2210	759	
2968	-8801	5841	1457	-2204	734	
2864	-8781	5923	1479	-2199	709	
2759	-8759	6006	1499	-2193	682	
2654	-8736	6087	1518	-2187	656	
2550	-8711	6168	1538	-2181	630	
2447	-8686	6248	1559	-2174	605	
2341	-8657	6327	1578	-2167	577	
2233	-8628	6404	1596	-2160	551	
2128	-8598	6480	1616	-2151	525	
2020	-8566	6556	1635	-2144	498	
1913	-8535	6631	1652	-2135	471	
1807	-8501	6705	1671	-2126	445	
1698	-8466	6777	1688	-2117	418	
1589	-8429	6849	1706	-2108	392	
1481	-8391	6921	1724	-2099	364	
1373	-8353	6990	1741	-2088	337	
1262	-8312	7058	1758	-2078	311	
1153	-8271	7126	1774	-2069	284	
1046	-8228	7192	1790	-2057	257	
938	-8184	7258	1806	-2046	230	
827	-8140	7323	1822	-2035	204	
717	-8093	7386	1839	-2023	178	
608	-8045	7448	1854	-2011	151	
498	-7997	7509	1868	-1999	125	
389	-7946	7569	1883	-1986	100	
280	-7895	7628	1897	-1973	75	
170	-7844	7685	1911	-1960	52	
59	-7789	7742	1926	-1946	28	
-50	-7734	7797	1940	-1931	1	
-160	-7678	7851	1952	-1918	-29	
-271	-7620	7904	1964	-1904	-65	
-380	-7563	7956	1978	-1888	-109	
-489	-7503	8006	1989	-1874	-148	
-600	-7442	8056	2002	-1859	-174	
-710	-7382	8103	2015	-1842	-190	
-819	-7318	8150	2027	-1826	-208	
-929	-7254	8197	2037	-1810	-234	
-1038	-7189	8241	2046	-1794	-266	
-1147	-7124	8284	2058	-1778	-296	
-1256	-7057	8326	2068	-1761	-322	
-1364	-6988	8367	2078	-1742	-349	
-1472	-6919	8406	2089	-1724	-376	
-1582	-6849	8444	2096	-1708	-403	
-1689	-6777	8481	2106	-1690	-429	
-1795	-6705	8517	2115	-1672	-457	
-1902	-6631	8551	2122	-1654	-484	
-2008	-6557	8584	2131	-1635	-511	
-2115	-6482	8616	2138	-1615	-537	
-2220	-6406	8647	2146	-1596	-564	
-2327	-6329	8675	2153	-1578	-590	
-2432	-6250	8702	2159	-1558	-617	
-2539	-6171	8730	2166	-1538	-643	
-2646	-6090	8755	2172	-1517	-669	
-2749	-6009	8779	2178	-1496	-696	
-2853	-5928	8802	2184	-1476	-722	
-2958	-5845	8823	2188	-1456	-748	
-3062	-5762	8842	2193	-1436	-773	
-3165	-5677	8861	2197	-1413	-799	
-3267	-5591	8878	2201	-1392	-825	
-3369	-5506	8894	2205	-1371	-849	
-3471	-5419	8909	2208	-1349	-875	
-3572	-5330	8922	2212	-1327	-901	
-3672	-5241	8935	2214	-1303	-925	
-3772	-5153	8945	2216	-1281	-950	
-3871	-5061	8953	2218	-1259	-976	
-3970	-4971	8961	2221	-1236	-1000	
-4069	-4879	8967	2223	-1212	-1024	
-4166	-4786	8973	2223	-1189	-1048	
-4262	-4693	8978	2223	-1167	-1073	
-4360	-4599	8980	2224	-1143	-1096	
-4457	-4505	8981	2225	-1118	-1120	
-4551	-4410	8981	2225	-1096	-1145	
-4644	-4313	8979	2224	-1071	-1169	
-4738	-4217	8976	2223	-1046	-1190	
-4832	-4119	8972	2221	-1022	-1213	
-4923	-4021	8967	2219	-998	-1236	
-5015	-3923	8959	2218	-973	-1260	
-5105	-3824	8950	2215	-948	-1282	
-5195	-3723	8942	2213	-923	-1304	
-5284	-3622	8929	2211	-898	-1326	
-5372	-3522	8918	2207	-872	-1349	
-5460	-3421	8905	2202	-848	-1371	
-5547	-3319	8889	2198	-822	-1391	
-5633	-3216	8873	2196	-797	-1412	
-5719	-3113	8855	2191	-771	-1434	
-5803	-3009	8836	2186	-745	-1454	
-5885	-2906	8816	2181	-718	-1475	
-5968	-2802	8794	2176	-693	-1495	
-6049	-2696	8770	2169	-667	-1516	
-6130	-2591	8746	2162	-640	-1537	
-6211	-2486	8720	2155	-615	-1555	
-6288	-2380	8693	2150	-587	-1575	
-6366	-2274	8665	2143	-560	-1594	
-6443	-2167	8635	2135	-534	-1614	
-6518	-2060	8605	2126	-508	-1634	
-6594	-1953	8572	2119	-481	-1652	
-6666	-1845	8538	2110	-454	-1670	
-6740	-1738	8504	2101	-428	-1688	
-6812	-1630	8468	2091	-401	-1705	
-6884	-1522	8431	2082	-375	-1723	
-6953	-1414	8392	2073	-347	-1741	
-7021	-1305	8352	2063	-319	-1758	
-7089	-1197	8311	2053	-293	-1773	
-7157	-1087	8269	2041	-266	-1791	
-7224	-978	8225	2032	-239	-1807	
-7286	-869	8180	2021	-211	-1823	
-7350	-758	8134	2006	-186	-1840	
-7412	-649	8086	1995	-160	-1854	
-7474	-539	8038	1984	-132	-1869	
-7535	-428	7989	1972	-107	-1884	
-7592	-320	7937	1959	-80	-1899	
-7651	-209	7885	1946	-55	-1914	
-7707	-99	7831	1933	-30	-1927	
-7762	10	7777	1919	-4	-1941	
-7817	120	7722	1905	21	-1954	
-7870	230	7664	1890	48	-1967	
-7922	339	7606	1875	78	-1981	
-7972	451	7547	1861	114	-1992	
-8023	560	7487	1847	149	-2005	
-8071	670	7426	1829	180	-2017	
-8117	780	7364	1814	209	-2028	
-8164	890	7300	1799	234	-2039	
-8208	1000	7235	1782	255	-2051	
-8252	1108	7170	1767	282	-2062	
-8294	1218	7103	1749	310	-2071	
-8334	1327	7035	1732	338	-2081	
-8374	1435	6966	1716	367	-2090	
-8414	1544	6895	1698	393	-2100	
-8451	1652	6824	1681	420	-2109	
-8488	1760	6753	1662	446	-2119	
-8521	1867	6679	1645	473	-2128	
-8554	1974	6606	1626	502	-2135	
-8588	2082	6531	1605	526	-2145	
-8618	2189	6454	1587	553	-2151	
-8647	2296	6377	1569	582	-2157	
-8675	2402	6299	1549	607	-2164	
-8702	2507	6220	1529	633	-2171	
-8727	2613	6140	1510	660	-2176	
-8751	2719	6059	1489	686	-2182	
-8776	2822	5977	1469	713	-2188	
-8795	2927	5895	1450	740	-2193	
-8816	3031	5812	1427	765	-2198	
-8837	3134	5726	1406	788	-2203	
-8852	3237	5640	1386	816	-2207	
-8871	3339	5556	1364	842	-2212	
-8886	3441	5469	1342	865	-2215	
-8898	3542	5380	1320	892	-2218	
-8913	3643	5292	1299	917	-2220	
-8922	3744	5203	1276	943	-2223	
-8932	3844	5112	1253	968	-2226	
-8941	3943	5022	1232	992	-2227	
-8947	4042	4930	1209	1017	-2229	
-8953	4140	4837	1185	1042	-2229	
-8957	4236	4743	1162	1065	-2230	
-8960	4333	4649	1138	1087	-2232	
-8963	4429	4555	1115	1113	-2233	
-8962	4525	4459	1093	1139	-2233	
-8961	4619	4364	1067	1161	-2231	
-8959	4713	4267	1042	1183	-2231	
-8954	4807	4170	1020	1206	-2230	
-8948	4899	4073	995	1230	-2228	
-8942	4991	3973	970	1253	-2226	
-8934	5082	3874	946	1276	-2225	
-8925	5173	3775	921	1298	-2222	
-8914	5262	3675	897	1320	-2218	
-8901	5351	3574	873	1343	-2217	
-8890	5439	3473	846	1364	-2212	
-8875	5526	3370	819	1384	-2209	
-8858	5612	3267	796	1407	-2205	
-8841	5697	3165	771	1429	-2199	
-8823	5782	3061	744	1450	-2196	
-8803	5865	2958	718	1470	-2190	
-8781	5949	2854	693	1491	-2184	
-8759	6031	2748	667	1512	-2178	
-8735	6112	2643	641	1531	-2172	
-8710	6192	2539	616	1551	-2166	
-8684	6271	2433	589	1571	-2159	
-8655	6349	2327	563	1589	-2153	
-8626	6426	2220	537	1610	-2145	
-8596	6503	2113	509	1628	-2137	
-8565	6578	2005	482	1646	-2130	
-8533	6653	1897	458	1666	-2120	
-8498	6727	1790	431	1684	-2112	
-8461	6798	1681	403	1702	-2103	
-8425	6870	1573	376	1719	-2094	
-8388	6940	1465	350	1735	-2083	
-8348	7009	1356	325	1754	-2073	
-8308	7077	1247	297	1770	-2063	
-8266	7145	1137	271	1787	-2052	
-8223	7211	1028	245	1804	-2041	
-8179	7275	918	217	1820	-2030	
-8133	7340	809	193	1836	-2018	
-8085	7402	699	166	1851	-2007	
-8036	7464	589	138	1865	-1995	
-7988	7525	479	114	1882	-1982	
-7939	7584	369	88	1896	-1969	
-7885	7642	259	63	1911	-1956	
-7833	7699	149	36	1925	-1943	
-7780	7756	38	8	1937	-1928	
-7725	7811	-71	-21	1951	-1916	
-7669	7863	-180	-54	1965	-1903	
-7610	7916	-292	-90	1976	-1889	
-7553	7966	-402	-124	1989	-1874	
-7494	8018	-512	-151	2002	-1858	
-7433	8067	-621	-172	2015	-1842	
-7371	8113	-731	-196	2027	-1826	
-7306	8161	-841	-222	2038	-1811	
-7242	8206	-950	-248	2050	-1794	
-7176	8249	-1061	-277	2061	-1778	
-7110	8293	-1169	-306	2070	-1761	
-7044	8333	-1278	-333	2080	-1744	
-6975	8373	-1388	-359	2090	-1727	
-6904	8413	-1496	-386	2100	-1708	
-6834	8450	-1604	-413	2110	-1691	
-6762	8486	-1712	-440	2118	-1673	
-6690	8522	-1820	-467	2127	-1654	
-6616	8555	-1928	-493	2134	-1637	
-6541	8588	-2035	-519	2143	-1617	
-6467	8621	-2142	-547	2150	-1599	
-6389	8651	-2249	-574	2158	-1580	
-6312	8678	-2355	-598	2167	-1560	
-6234	8706	-2463	-624	2172	-1540	
-6154	8732	-2569	-652	2178	-1520	
-6076	8756	-2673	-678	2183	-1501	
-5994	8780	-2778	-703	2189	-1478	
-5912	8802	-2883	-729	2195	-1459	
-5830	8823	-2986	-755	2199	-1438	
-5746	8843	-3090	-780	2204	-1417	
-5661	8860	-3194	-807	2209	-1396	
-5575	8877	-3296	-833	2213	-1373	
-5488	8893	-3398	-857	2216	-1352	
-5400	8906	-3500	-883	2219	-1331	
-5313	8919	-3602	-907	2223	-1309	
-5224	8931	-3703	-932	2225	-1287	
-5133	8941	-3802	-957	2228	-1263	
-5044	8950	-3901	-980	2231	-1241	
-4953	8958	-4001	-1006	2231	-1218	
-4861	8964	-4099	-1030	2232	-1196	
-4769	8968	-4197	-1054	2233	-1173	
-4675	8972	-4294	-1078	2234	-1149	
-4580	8974	-4389	-1102	2234	-1125	
-4486	8974	-4486	-1125	2234	-1101	
-4392	8973	-4581	-1150	2234	-1078	
-4295	8971	-4675	-1173	2234	-1054	
-4198	8968	-4769	-1196	2232	-1029	
-4100	8963	-4862	-1219	2230	-1004	
-4001	8957	-4955	-1241	2231	-980	
-3903	8950	-5046	-1263	2228	-955	
-3804	8940	-5136	-1286	2226	-930	
-3704	8931	-5226	-1310	2222	-906	
-3603	8920	-5315	-1331	2218	-880	
-3502	8907	-5404	-1353	2215	-856	
-3401	8893	-5492	-1374	2211	-830	
-3298	8878	-5578	-1395	2208	-804	
-3196	8861	-5664	-1417	2204	-779	
-3093	8842	-5750	-1437	2197	-753	
-2992	8823	-5832	-1458	2192	-726	
-2887	8801	-5917	-1478	2189	-701	
-2781	8779	-5999	-1499	2183	-676	
-2676	8756	-6080	-1518	2177	-650	
-2572	8732	-6162	-1537	2171	-622	
-2467	8705	-6241	-1558	2163	-597	
-2361	8677	-6320	-1578	2156	-571	
-2255	8648	-6398	-1597	2149	-544	
-2148	8618	-6473	-1617	2141	-518	
-2043	8588	-6550	-1634	2133	-491	
-1937	8555	-6625	-1652	2124	-464	
-1829	8521	-6699	-1671	2117	-438	
-1722	8486	-6771	-1688	2107	-411	
-1613	8450	-6844	-1706	2099	-384	
-1506	8413	-6914	-1724	2089	-357	
-1397	8373	-6983	-1741	2079	-331	
-1288	8333	-7052	-1756	2070	-304	
-1179	8292	-7119	-1773	2058	-276	
-1070	8249	-7186	-1792	2046	-250	
-962	8205	-7252	-1808	2036	-223	
-852	8160	-7316	-1822	2024	-196	
-742	8113	-7380	-1837	2011	-171	
-632	8066	-7441	-1854	1999	-144	
-522	8017	-7502	-1868	1989	-117	
-413	7966	-7563	-1884	1975	-93	
-303	7916	-7621	-1898	1962	-68	
-192	7863	-7679	-1911	1950	-40	
-82	7808	-7735	-1925	1935	-17	
27	7754	-7791	-1939	1921	6	
137	7697	-7845	-1951	1909	35	
247	7641	-7898	-1964	1893	61	
357	7583	-7950	-1978	1878	94	
465	7524	-8000	-1990	1863	134	
576	7464	-8049	-2001	1847	173	
686	7402	-8097	-2014	1833	205	
795	7339	-8144	-2026	1816	226	
906	7275	-8190	-2036	1801	246	
1014	7210	-8234	-2047	1785	268	
1123	7145	-8278	-2058	1767	294	
1231	7077	-8320	-2067	1751	326	
1339	7009	-8360	-2076	1734	355	
1449	6939	-8400	-2086	1716	382	
1558	6868	-8437	-2096	1699	409	
1665	6797	-8474	-2106	1679	436	
1774	6725	-8510	-2114	1660	461	
1881	6652	-8545	-2122	1643	488	
1988	6578	-8578	-2130	1624	515	
2095	6502	-8609	-2138	1606	543	
2201	6426	-8640	-2146	1586	569	
2308	6349	-8670	-2152	1567	595	
2414	6269	-8698	-2160	1548	622	
2519	6191	-8724	-2166	1526	648	
2625	6112	-8749	-2171	1508	675	
2729	6030	-8773	-2178	1487	700	
2832	5948	-8796	-2183	1466	725	
2937	5865	-8817	-2187	1446	753	
3040	5782	-8837	-2192	1424	778	
3142	5697	-8855	-2198	1403	804	
3244	5612	-8873	-2202	1381	829	
3347	5525	-8889	-2205	1360	855	
3450	5438	-8903	-2209	1338	881	
3550	5351	-8916	-2212	1315	905	
3650	5261	-8929	-2213	1293	931	
3748	5172	-8939	-2217	1271	955	
3850	5081	-8949	-2219	1248	980	
3950	4990	-8957	-2220	1226	1005	
4046	4899	-8962	-2222	1204	1030	
4144	4806	-8967	-2223	1180	1054	
4241	4713	-8971	-2223	1156	1078	
4339	4619	-8974	-2224	1133	1101	
4435	4525	-8976	-2225	1107	1125	
4529	4429	-8975	-2225	1084	1149	
4623	4333	-8974	-2223	1060	1172	
4717	4237	-8971	-2222	1036	1196	
4810	4139	-8966	-2222	1013	1219	
4901	4041	-8960	-2221	988	1241	
4993	3942	-8954	-2218	962	1264	
5084	3844	-8945	-2215	938	1288	
5173	3744	-8935	-2213	914	1310	
5262	3643	-8924	-2210	889	1331	
5351	3542	-8911	-2207	863	1353	
5439	3441	-8898	-2203	837	1376	
5524	3339	-8883	-2198	812	1397	
5610	3237	-8866	-2195	786	1418	
5697	3135	-8849	-2191	760	1439	
5781	3030	-8830	-2186	735	1461	
5863	2926	-8809	-2181	709	1481	
5946	2823	-8788	-2175	683	1502	
6028	2718	-8765	-2169	657	1523	
6108	2613	-8740	-2163	631	1542	
6187	2508	-8714	-2155	605	1562	
6267	2402	-8688	-2148	578	1582	
6345	2295	-8659	-2141	552	1599	
6421	2189	-8629	-2133	525	1619	
6498	2081	-8599	-2126	498	1639	
6572	1974	-8565	-2118	471	1658	
6645	1868	-8531	-2109	444	1674	
6719	1759	-8498	-2102	419	1692	
6790	1651	-8462	-2093	392	1711	
6861	1544	-8425	-2083	363	1729	
6932	1434	-8387	-2073	338	1746	
7000	1325	-8347	-2063	312	1763	
7067	1217	-8306	-2053	283	1780	
7135	1107	-8263	-2042	257	1797	
7201	998	-8218	-2031	231	1812	
7265	888	-8174	-2020	205	1829	
7327	779	-8126	-2007	179	1845	
7390	669	-8080	-1995	152	1861	
7452	560	-8033	-1983	125	1876	
7512	450	-7982	-1972	99	1889	
7572	339	-7932	-1959	74	1904	
7629	230	-7880	-1944	48	1918	
7685	120	-7826	-1932	22	1932	
7740	10	-7771	-1918	-4	1947	
7795	-100	-7715	-1905	-36	1960	
7850	-210	-7658	-1891	-71	1973	
7899	-320	-7601	-1874	-108	1987	
7951	-430	-7542	-1861	-140	1997	
8001	-539	-7481	-1845	-166	2010	
8048	-649	-7420	-1830	-188	2022	
8095	-759	-7358	-1815	-210	2034	
8142	-868	-7294	-1797	-238	2046	
8187	-977	-7229	-1783	-268	2056	
8230	-1087	-7164	-1766	-296	2067	
8272	-1197	-7097	-1750	-324	2078	
8313	-1305	-7028	-1731	-350	2087	
8353	-1413	-6959	-1713	-376	2097	
8393	-1522	-6889	-1698	-404	2106	
8429	-1630	-6818	-1679	-431	2116	
8463	-1738	-6746	-1660	-457	2126	
8498	-1845	-6673	-1644	-485	2133	
8532	-1953	-6599	-1625	-513	2141	
8563	-2061	-6524	-1606	-538	2149	
8595	-2166	-6448	-1588	-565	2156	
8624	-2274	-6371	-1569	-593	2163	
8652	-2381	-6293	-1549	-619	2169	
8678	-2486	-6214	-1529	-645	2176	
8703	-2591	-6133	-1509	-671	2183	
8729	-2695	-6052	-1489	-698	2188	
8751	-2801	-5971	-1469	-724	2193	
8773	-2906	-5889	-1448	-750	2199	
8794	-3009	-5805	-1427	-776	2204	
8812	-3113	-5721	-1406	-801	2209	
8831	-3215	-5635	-1385	-827	2212	
8846	-3317	-5549	-1364	-853	2216	
8860	-3419	-5462	-1343	-879	2219	
8875	-3520	-5375	-1320	-903	2223	
8887	-3622	-5286	-1298	-929	2226	
8899	-3722	-5197	-1275	-954	2229	
8909	-3822	-5107	-1253	-978	2232	
8916	-3921	-5016	-1231	-1003	2233	
8923	-4020	-4923	-1208	-1029	2235	
8929	-4118	-4830	-1184	-1053	2236	
8934	-4214	-4737	-1163	-1077	2236	
8937	-4312	-4643	-1138	-1100	2238	
8938	-4408	-4549	-1114	-1124	2238	
8938	-4503	-4454	-1090	-1147	2237	
8937	-4598	-4358	-1067	-1171	2236	
8933	-4692	-4262	-1043	-1196	2236	
8930	-4785	-4164	-1018	-1218	2236	
8926	-4878	-4066	-995	-1241	2233	
8919	-4970	-3967	-969	-1264	2232	
8911	-5061	-3868	-944	-1287	2230	
8902	-5151	-3768	-921	-1310	2227	
8891	-5241	-3667	-896	-1332	2226	
8880	-5329	-3567	-871	-1354	2221	
8867	-5417	-3466	-845	-1375	2216	
8850	-5504	-3363	-820	-1397	2215	
8834	-5590	-3261	-794	-1418	2210	
8818	-5675	-3158	-768	-1439	2206	
8799	-5760	-3054	-744	-1461	2200	
8779	-5844	-2950	-718	-1482	2196	
8758	-5928	-2847	-692	-1502	2191	
8735	-6009	-2742	-666	-1522	2184	
8711	-6090	-2637	-639	-1542	2178	
8686	-6171	-2532	-613	-1562	2172	
8660	-6249	-2425	-586	-1582	2165	
8632	-6328	-2318	-561	-1602	2157	
8603	-6405	-2211	-536	-1621	2150	
8572	-6481	-2105	-509	-1639	2143	
8542	-6558	-1998	-482	-1659	2135	
8509	-6631	-1889	-456	-1677	2125	
8474	-6704	-1782	-428	-1693	2117	
8438	-6776	-1675	-403	-1714	2108	
8402	-6848	-1566	-376	-1732	2098	
8364	-6919	-1457	-348	-1747	2089	
8324	-6988	-1349	-323	-1766	2078	
8284	-7056	-1240	-296	-1783	2068	
8243	-7123	-1131	-268	-1799	2058	
8200	-7190	-1021	-242	-1816	2048	
8155	-7254	-911	-215	-1831	2037	
8108	-7318	-802	-188	-1847	2024	
8061	-7381	-691	-163	-1863	2012	
8013	-7443	-582	-136	-1877	2000	
7964	-7503	-472	-109	-1891	1988	
7915	-7562	-362	-85	-1907	1974	
7864	-7621	-252	-59	-1922	1961	
7810	-7679	-142	-32	-1936	1948	
7756	-7734	-31	-7	-1949	1934	
7701	-7789	79	18	-1963	1921	
7644	-7842	188	46	-1976	1906	
7587	-7895	298	74	-1989	1892	
7527	-7946	408	106	-2001	1878	
7469	-7996	518	140	-2013	1863	
7409	-8045	628	171	-2026	1847	
7346	-8092	738	200	-2038	1832	
7283	-8138	848	226	-2049	1816	
7218	-8184	957	251	-2059	1798	
7154	-8229	1067	276	-2070	1783	
7088	-8271	1176	302	-2082	1766	
7019	-8312	1284	331	-2092	1748	
6950	-8353	1394	359	-2102	1732	
6881	-8392	1504	385	-2111	1714	
6810	-8430	1611	413	-2120	1697	
6739	-8466	1720	439	-2129	1679	
6668	-8500	1828	466	-2137	1661	
6593	-8535	1936	493	-2146	1641	
6518	-8568	2044	520	-2154	1623	
6443	-8598	2151	545	-2161	1605	
6367	-8629	2259	572	-2169	1585	
6289	-8657	2365	600	-2175	1567	
6212	-8685	2471	624	-2182	1546	
6131	-8712	2578	650	-2189	1525	
6051	-8735	2682	678	-2194	1506	
5972	-8758	2785	703	-2200	1486	
5889	-8782	2890	730	-2206	1465	
5805	-8803	2995	756	-2212	1443	
5722	-8821	3098	780	-2216	1422	
5637	-8839	3202	806	-2219	1402	
5551	-8857	3304	832	-2224	1379	
5463	-8873	3406	857	-2226	1358	
5377	-8886	3508	881	-2231	1337	
5289	-8899	3609	906	-2233	1315	
5200	-8912	3710	933	-2235	1292	
5111	-8921	3810	955	-2239	1268	
5019	-8930	3909	980	-2242	1247	
4929	-8937	4009	1006	-2243	1225	
4838	-8942	4106	1029	-2243	1201	
4745	-8948	4204	1054	-2245	1177	
4652	-8951	4301	1078	-2246	1154	
4557	-8953	4397	1102	-2245	1131	
4462	-8953	4494	1126	-2246	1108	
4366	-8953	4588	1149	-2245	1084	
4271	-8951	4683	1173	-2243	1060	
4173	-8947	4777	1195	-2244	1034	
4076	-8942	4870	1219	-2241	1010	
3979	-8937	4962	1242	-2239	986	
3880	-8930	5053	1263	-2238	961	
3780	-8920	5144	1287	-2236	936	
3680	-8909	5235	1308	-2233	912	
3580	-8898	5323	1329	-2230	887	
3480	-8886	5411	1353	-2227	861	
3378	-8871	5500	1373	-2222	835	
3276	-8855	5586	1395	-2218	809	
3174	-8839	5673	1415	-2214	785	
3071	-8821	5757	1437	-2209	759	
2966	-8802	5841	1458	-2205	733	
2864	-8781	5925	1478	-2200	707	
2759	-8759	6006	1499	-2193	682	
2653	-8736	6088	1519	-2186	655	
2549	-8711	6169	1537	-2182	628	
2444	-8685	6248	1557	-2174	604	
2339	-8657	6326	1578	-2166	577	
2234	-8628	6404	1596	-2160	549	
2127	-8599	6481	1616	-2151	525	
2020	-8568	6557	1634	-2144	498	
1913	-8534	6632	1652	-2135	470	
1806	-8501	6706	1671	-2127	445	
1699	-8466	6778	1689	-2118	418	
1589	-8429	6850	1706	-2109	390	
1478	-8392	6921	1723	-2099	364	
1372	-8353	6991	1742	-2088	337	
1263	-8313	7060	1758	-2079	310	
1153	-8272	7127	1773	-2070	283	
1045	-8228	7194	1791	-2058	257	
935	-8183	7259	1807	-2046	231	
826	-8139	7323	1822	-2035	204	
716	-8092	7387	1840	-2022	177	
606	-8045	7449	1854	-2010	151	
496	-7996	7510	1869	-1998	126	
387	-7945	7569	1883	-1985	100	
279	-7895	7628	1897	-1972	76	
168	-7842	7686	1911	-1960	50	
58	-7788	7742	1925	-1946	26	
-51	-7734	7797	1941	-1931	1	
-162	-7677	7852	1952	-1917	-29	
-271	-7621	7904	1964	-1904	-66	
-381	-7563	7956	1977	-1889	-111	
-491	-7503	8007	1989	-1874	-150	
-601	-7442	8056	2002	-1858	-174	
-711	-7381	8104	2013	-1843	-190	
-819	-7318	8151	2025	-1827	-209	
