-5870	-2925	8819	2182	-721	-1472	
-5953	-2820	8797	2175	-698	-1493	
-6034	-2716	8773	2170	-673	-1512	
-6114	-2611	8751	2163	-645	-1533	
-6194	-2507	8725	2156	-619	-1554	
-6275	-2401	8699	2151	-593	-1573	
-6352	-2293	8670	2144	-568	-1591	
-6428	-2187	8641	2136	-539	-1611	
-6505	-2080	8610	2129	-513	-1630	
-6581	-1973	8578	2121	-487	-1649	
-6654	-1866	8545	2112	-459	-1666	
-6728	-1758	8510	2102	-434	-1685	
-6801	-1650	8475	2095	-405	-1703	
-6870	-1543	8438	2085	-378	-1720	
-6940	-1434	8399	2073	-352	-1739	
-7010	-1325	8360	2064	-324	-1755	
-7078	-1216	8319	2055	-298	-1771	
-7145	-1107	8276	2044	-272	-1788	
-7209	-998	8232	2033	-245	-1803	
-7274	-888	8189	2023	-218	-1820	
-7339	-779	8143	2012	-191	-1836	
-7401	-670	8096	1999	-166	-1852	
-7463	-560	8048	1987	-138	-1866	
-7523	-449	7998	1975	-111	-1881	
-7581	-340	7947	1960	-86	-1898	
-7639	-231	7896	1949	-59	-1911	
-7696	-119	7843	1935	-33	-1925	
-7752	-11	7788	1919	-10	-1939	
-7807	100	7732	1907	16	-1952	
-7859	211	7675	1893	44	-1965	
-7912	320	7618	1879	73	-1978	
-7964	430	7559	1865	106	-1991	
-8013	540	7499	1848	141	-2003	
-8062	649	7438	1833	177	-2014	
-8109	758	7376	1818	206	-2026	
-8156	869	7312	1802	229	-2037	
-8201	979	7247	1786	252	-2048	
-8244	1088	7182	1769	275	-2061	
-8286	1197	7116	1754	304	-2070	
-8328	1306	7048	1737	332	-2080	
-8367	1416	6979	1718	360	-2090	
-8406	1523	6909	1702	390	-2099	
-8444	1631	6838	1684	415	-2108	
-8481	1740	6766	1665	442	-2117	
-8514	1847	6693	1647	468	-2125	
-8548	1955	6619	1629	495	-2134	
-8583	2061	6544	1611	523	-2142	
-8613	2168	6468	1591	548	-2150	
-8642	2276	6391	1573	576	-2157	
-8669	2382	6314	1553	601	-2164	
-8698	2488	6235	1533	629	-2171	
-8723	2593	6154	1515	656	-2177	
-8746	2698	6074	1492	680	-2184	
-8771	2803	5992	1472	707	-2189	
-8793	2907	5909	1453	733	-2193	
-8813	3011	5826	1431	759	-2198	
-8833	3115	5742	1410	785	-2203	
-8851	3218	5657	1389	811	-2208	
-8867	3320	5571	1368	837	-2211	
-8882	3422	5485	1346	862	-2215	
-8895	3523	5396	1325	888	-2218	
-8909	3623	5308	1303	913	-2220	
-8921	3725	5219	1279	936	-2224	
-8929	3825	5128	1257	962	-2227	
-8938	3924	5038	1236	988	-2228	
-8945	4023	4946	1211	1010	-2230	
-8951	4121	4854	1189	1036	-2229	
-8955	4217	4761	1167	1061	-2231	
-8960	4314	4668	1142	1084	-2233	
-8962	4412	4573	1120	1108	-2231	
-8961	4507	4478	1096	1132	-2232	
-8961	4601	4382	1072	1157	-2232	
-8959	4695	4284	1049	1180	-2230	
-8955	4789	4188	1023	1202	-2230	
-8950	4882	4090	1000	1225	-2228	
-8944	4974	3992	973	1247	-2227	
-8936	5065	3893	950	1272	-2225	
-8928	5155	3793	928	1295	-2223	
-8917	5245	3694	899	1315	-2221	
-8904	5334	3593	876	1338	-2216	
-8891	5422	3491	850	1360	-2213	
-8877	5510	3389	825	1381	-2210	
-8863	5595	3287	801	1404	-2204	
-8845	5681	3185	775	1425	-2200	
-8826	5768	3082	750	1446	-2195	
-8806	5850	2977	724	1467	-2190	
-8785	5933	2874	698	1487	-2185	
-8764	6015	2770	672	1507	-2179	
-8740	6096	2664	645	1526	-2174	
-8716	6177	2559	621	1549	-2167	
-8689	6257	2453	594	1568	-2161	
-8660	6334	2346	566	1585	-2154	
-8631	6411	2240	542	1606	-2145	
-8602	6488	2133	514	1625	-2138	
-8571	6564	2025	487	1642	-2132	
-8538	6639	1917	461	1661	-2123	
-8504	6712	1809	435	1681	-2113	
-8469	6785	1700	410	1698	-2104	
-8433	6856	1593	383	1715	-2095	
-8395	6926	1485	357	1734	-2084	
-8355	6996	1375	329	1750	-2075	
-8315	7064	1266	301	1766	-2067	
-8272	7132	1157	277	1786	-2054	
-8230	7198	1048	250	1801	-2044	
-8186	7263	938	221	1815	-2034	
-8140	7328	828	197	1833	-2020	
-8094	7390	719	170	1847	-2008	
-8046	7451	609	144	1863	-1996	
-7996	7513	499	118	1879	-1984	
-7948	7573	389	92	1893	-1972	
-7896	7632	279	67	1908	-1958	
-7842	7688	169	41	1921	-1945	
-7789	7744	59	14	1936	-1931	
-7735	7799	-50	-16	1948	-1918	
-7679	7854	-160	-49	1961	-1905	
-7621	7907	-272	-81	1976	-1890	
-7563	7958	-382	-116	1988	-1876	
-7503	8008	-491	-144	2000	-1861	
-7443	8056	-602	-167	2012	-1844	
-7382	8104	-711	-191	2024	-1830	
-7318	8152	-821	-217	2036	-1814	
-7255	8198	-931	-245	2047	-1797	
-7188	8240	-1040	-272	2058	-1780	
-7124	8284	-1149	-300	2068	-1764	
-7058	8326	-1258	-328	2078	-1747	
-6988	8366	-1367	-354	2088	-1731	
-6920	8406	-1475	-381	2097	-1714	
-6849	8443	-1584	-408	2108	-1695	
-6777	8480	-1692	-434	2118	-1677	
-6705	8515	-1800	-462	2124	-1659	
-6632	8549	-1908	-488	2133	-1639	
-6556	8582	-2015	-515	2142	-1621	
-6480	8614	-2122	-542	2149	-1602	
-6403	8645	-2229	-568	2157	-1583	
-6327	8674	-2336	-594	2163	-1564	
-6249	8701	-2442	-620	2171	-1543	
-6169	8728	-2548	-647	2176	-1524	
-6089	8752	-2654	-673	2181	-1503	
-6008	8776	-2759	-699	2189	-1483	
-5927	8798	-2864	-725	2194	-1463	
-5843	8819	-2968	-751	2198	-1443	
-5760	8839	-3071	-777	2204	-1421	
-5677	8857	-3174	-802	2208	-1400	
-5590	8875	-3277	-827	2213	-1378	
-5503	8891	-3379	-852	2216	-1356	
-5416	8905	-3481	-877	2218	-1335	
-5329	8918	-3583	-903	2222	-1312	
-5240	8929	-3684	-928	2224	-1289	
-5150	8939	-3783	-951	2227	-1267	
-5061	8949	-3883	-976	2229	-1244	
-4970	8956	-3983	-1001	2231	-1222	
-4879	8963	-4081	-1024	2232	-1200	
-4787	8967	-4178	-1051	2231	-1177	
-4692	8971	-4275	-1074	2235	-1153	
-4598	8974	-4371	-1096	2236	-1130	
-4504	8975	-4468	-1122	2234	-1105	
-4408	8974	-4563	-1145	2233	-1081	
-4313	8972	-4658	-1169	2234	-1058	
-4217	8968	-4752	-1191	2233	-1034	
-4118	8964	-4845	-1214	2231	-1010	
-4021	8958	-4937	-1237	2230	-985	
-3922	8953	-5029	-1259	2227	-961	
-3822	8944	-5120	-1283	2226	-936	
-3721	8933	-5211	-1304	2223	-910	
-3621	8922	-5299	-1327	2220	-886	
-3523	8909	-5388	-1348	2215	-860	
-3420	8894	-5476	-1369	2213	-834	
-3319	8881	-5562	-1392	2209	-810	
-3217	8864	-5648	-1413	2204	-785	
-3112	8846	-5733	-1432	2200	-757	
-3009	8826	-5818	-1454	2195	-732	
-2906	8805	-5902	-1474	2190	-707	
-2803	8784	-5984	-1495	2183	-681	
-2696	8761	-6065	-1515	2178	-656	
-2590	8736	-6146	-1535	2172	-628	
-2487	8710	-6226	-1556	2165	-603	
-2380	8682	-6305	-1574	2159	-576	
-2274	8654	-6383	-1594	2149	-549	
-2168	8626	-6460	-1613	2141	-523	
-2061	8594	-6536	-1630	2136	-496	
-1956	8562	-6611	-1649	2126	-470	
-1849	8529	-6685	-1667	2117	-442	
-1741	8493	-6757	-1685	2109	-416	
-1635	8456	-6830	-1702	2099	-390	
-1525	8420	-6901	-1721	2090	-362	
-1416	8380	-6971	-1739	2080	-336	
-1309	8340	-7039	-1754	2070	-309	
-1200	8300	-7108	-1772	2060	-282	
-1092	8257	-7174	-1788	2049	-254	
-981	8213	-7240	-1803	2037	-228	
-871	8168	-7304	-1820	2025	-202	
-762	8122	-7367	-1837	2014	-175	
-652	8074	-7430	-1850	2003	-148	
-544	8026	-7491	-1864	1990	-123	
-433	7976	-7552	-1880	1978	-97	
-323	7924	-7611	-1896	1965	-71	
-214	7874	-7668	-1909	1950	-47	
-102	7820	-7725	-1923	1938	-21	
6	7764	-7779	-1936	1924	3	
116	7709	-7835	-1949	1909	28	
227	7653	-7888	-1964	1895	55	
336	7594	-7940	-1977	1879	87	
446	7534	-7992	-1989	1864	125	
555	7475	-8041	-2001	1849	163	
664	7413	-8088	-2012	1835	197	
774	7351	-8135	-2023	1820	222	
882	7288	-8181	-2036	1803	241	
992	7222	-8227	-2046	1787	264	
1102	7156	-8270	-2056	1770	290	
1210	7089	-8312	-2067	1752	319	
1319	7022	-8353	-2076	1736	349	
1430	6952	-8392	-2086	1718	378	
1537	6882	-8431	-2095	1701	403	
1644	6810	-8468	-2104	1683	429	
1753	6739	-8503	-2113	1664	456	
1860	6666	-8538	-2122	1646	483	
1968	6590	-8571	-2131	1627	509	
2075	6516	-8604	-2136	1609	536	
2180	6440	-8634	-2144	1591	563	
2286	6364	-8664	-2151	1570	590	
2393	6285	-8692	-2157	1550	617	
2499	6205	-8719	-2166	1530	643	
2605	6127	-8745	-2171	1510	669	
2709	6045	-8770	-2176	1490	695	
2812	5963	-8792	-2183	1469	722	
2917	5881	-8812	-2187	1449	748	
3021	5797	-8833	-2192	1428	772	
3124	5713	-8853	-2196	1407	799	
3228	5627	-8869	-2201	1386	824	
3328	5542	-8885	-2206	1364	850	
3430	5455	-8901	-2207	1344	875	
3531	5366	-8914	-2211	1321	901	
3631	5277	-8926	-2215	1297	926	
3733	5189	-8938	-2217	1274	950	
3833	5099	-8946	-2219	1252	976	
3930	5008	-8954	-2221	1230	1001	
4028	4916	-8961	-2222	1207	1024	
4128	4823	-8967	-2223	1184	1048	
4224	4730	-8971	-2224	1159	1074	
4319	4635	-8974	-2225	1137	1097	
4415	4541	-8975	-2226	1114	1121	
4510	4446	-8975	-2226	1088	1145	
4606	4352	-8974	-2224	1066	1168	
4700	4255	-8971	-2223	1042	1192	
4792	4157	-8967	-2222	1017	1215	
4884	4059	-8962	-2221	992	1238	
4975	3961	-8955	-2219	967	1261	
5066	3862	-8946	-2216	942	1283	
5158	3762	-8937	-2215	917	1305	
5246	3662	-8927	-2211	891	1327	
5333	3561	-8915	-2207	867	1350	
5422	3459	-8901	-2204	842	1371	
5510	3358	-8886	-2200	815	1393	
5597	3257	-8870	-2196	791	1414	
5681	3154	-8852	-2192	765	1436	
5764	3050	-8834	-2187	739	1457	
5847	2946	-8813	-2181	716	1477	
5930	2842	-8791	-2175	687	1497	
6013	2737	-8769	-2170	662	1519	
6094	2632	-8745	-2165	636	1538	
6173	2526	-8720	-2157	608	1558	
6251	2420	-8693	-2151	584	1578	
6330	2315	-8665	-2143	556	1598	
6408	2209	-8635	-2136	530	1616	
6484	2102	-8605	-2129	504	1634	
6557	1994	-8572	-2120	476	1653	
6631	1886	-8538	-2112	449	1672	
6707	1778	-8504	-2104	422	1690	
6777	1670	-8469	-2094	396	1707	
6848	1563	-8432	-2084	370	1726	
6918	1454	-8392	-2074	343	1744	
6987	1346	-8354	-2064	316	1760	
7054	1237	-8312	-2055	288	1777	
7120	1128	-8270	-2044	262	1794	
7189	1018	-8227	-2033	236	1810	
7253	908	-8182	-2023	209	1825	
7315	799	-8136	-2011	183	1841	
7378	689	-8089	-1999	157	1857	
7440	580	-8042	-1987	130	1872	
7502	470	-7992	-1974	104	1887	
7560	360	-7941	-1961	79	1902	
7619	251	-7890	-1948	53	1916	
7675	140	-7835	-1934	27	1929	
7730	30	-7781	-1920	1	1944	
7785	-79	-7727	-1907	-30	1957	
7838	-190	-7669	-1894	-65	1970	
7891	-300	-7612	-1878	-102	1983	
7941	-410	-7553	-1864	-136	1995	
7991	-519	-7492	-1848	-163	2009	
8040	-629	-7432	-1834	-184	2021	
8087	-739	-7370	-1819	-205	2032	
8133	-849	-7306	-1803	-233	2043	
8177	-959	-7241	-1787	-263	2054	
8221	-1067	-7176	-1769	-291	2065	
8263	-1177	-7109	-1752	-318	2076	
8306	-1285	-7041	-1735	-344	2085	
8345	-1393	-6971	-1717	-372	2095	
8383	-1502	-6902	-1701	-399	2105	
8421	-1610	-6832	-1683	-427	2114	
8457	-1718	-6760	-1665	-454	2122	
8493	-1825	-6687	-1647	-480	2131	
8527	-1933	-6613	-1629	-506	2140	
8558	-2041	-6537	-1611	-534	2147	
8589	-2148	-6461	-1591	-561	2154	
8619	-2253	-6385	-1572	-588	2161	
8648	-2360	-6307	-1553	-615	2169	
8674	-2467	-6228	-1533	-640	2176	
8701	-2571	-6148	-1512	-666	2181	
8726	-2676	-6068	-1492	-692	2188	
8748	-2781	-5987	-1473	-718	2194	
8771	-2886	-5903	-1453	-746	2199	
8791	-2990	-5820	-1431	-772	2204	
8809	-3093	-5736	-1409	-798	2208	
8827	-3196	-5650	-1388	-823	2212	
8845	-3299	-5565	-1368	-848	2216	
8860	-3400	-5478	-1346	-874	2220	
8873	-3502	-5390	-1323	-898	2223	
8884	-3603	-5302	-1302	-924	2226	
8897	-3703	-5212	-1280	-949	2229	
8907	-3803	-5123	-1258	-973	2232	
8915	-3902	-5031	-1235	-998	2233	
8923	-4002	-4939	-1210	-1022	2235	
8928	-4100	-4848	-1188	-1046	2237	
8932	-4197	-4754	-1165	-1071	2237	
8936	-4294	-4661	-1142	-1095	2237	
8938	-4390	-4566	-1120	-1119	2238	
8939	-4485	-4471	-1095	-1143	2238	
8937	-4581	-4375	-1071	-1167	2237	
8933	-4674	-4278	-1047	-1191	2236	
8931	-4766	-4181	-1023	-1214	2235	
8926	-4861	-4084	-1000	-1237	2234	
8920	-4952	-3985	-975	-1260	2234	
8913	-5043	-3886	-950	-1282	2229	
8902	-5134	-3786	-924	-1304	2227	
8892	-5223	-3686	-899	-1325	2227	
8881	-5312	-3586	-876	-1348	2221	
8868	-5400	-3484	-850	-1372	2219	
8854	-5487	-3382	-824	-1393	2215	
8839	-5574	-3280	-801	-1414	2210	
8820	-5660	-3176	-774	-1436	2207	
8802	-5745	-3074	-747	-1457	2202	
8784	-5829	-2970	-723	-1478	2196	
8762	-5912	-2865	-697	-1498	2191	
8740	-5993	-2761	-671	-1519	2186	
8716	-6075	-2656	-645	-1538	2180	
8691	-6155	-2551	-618	-1558	2173	
8665	-6235	-2445	-591	-1578	2167	
8637	-6313	-2338	-565	-1597	2160	
8609	-6391	-2232	-540	-1617	2152	
8578	-6468	-2124	-514	-1635	2145	
8546	-6543	-2016	-488	-1654	2136	
8514	-6618	-1909	-461	-1674	2127	
8482	-6690	-1803	-434	-1691	2119	
8445	-6763	-1695	-407	-1710	2111	
8409	-6835	-1586	-380	-1727	2101	
8371	-6906	-1478	-355	-1744	2091	
8330	-6975	-1369	-327	-1762	2081	
8291	-7043	-1260	-299	-1777	2072	
8251	-7110	-1150	-273	-1794	2060	
8207	-7177	-1041	-246	-1811	2050	
8164	-7243	-932	-219	-1827	2039	
8118	-7306	-821	-195	-1843	2026	
8071	-7369	-712	-167	-1859	2014	
8025	-7432	-602	-140	-1874	2003	
7973	-7492	-492	-115	-1889	1990	
7923	-7551	-382	-87	-1905	1976	
7874	-7610	-273	-62	-1918	1964	
7820	-7668	-162	-37	-1933	1953	
7768	-7724	-51	-11	-1947	1937	
7712	-7778	58	16	-1960	1924	
7654	-7832	169	44	-1973	1910	
7597	-7886	279	69	-1986	1894	
7539	-7936	388	102	-1998	1881	
7479	-7987	499	135	-2009	1867	
7421	-8036	609	164	-2024	1851	
7357	-8084	718	195	-2035	1835	
7294	-8131	828	222	-2046	1819	
7232	-8176	937	247	-2058	1803	
7166	-8221	1047	272	-2069	1786	
7099	-8264	1156	298	-2079	1769	
7032	-8305	1265	326	-2089	1753	
6964	-8345	1374	354	-2099	1735	
6895	-8384	1482	382	-2109	1719	
6824	-8422	1592	409	-2117	1702	
6753	-8459	1700	435	-2125	1683	
6681	-8494	1808	462	-2134	1665	
6608	-8529	1916	489	-2144	1646	
6532	-8561	2023	515	-2152	1627	
6457	-8593	2132	541	-2160	1609	
6382	-8624	2239	567	-2167	1589	
6303	-8653	2345	594	-2174	1569	
6224	-8681	2451	620	-2181	1549	
6146	-8707	2557	646	-2188	1529	
6067	-8732	2662	672	-2194	1509	
5985	-8755	2766	697	-2200	1488	
5901	-8777	2872	725	-2205	1468	
5820	-8799	2975	750	-2209	1447	
5736	-8818	3079	775	-2214	1426	
5651	-8836	3183	802	-2217	1406	
5567	-8854	3285	826	-2223	1384	
5481	-8869	3387	852	-2228	1362	
5392	-8884	3489	876	-2229	1341	
5304	-8898	3591	901	-2234	1318	
5217	-8910	3691	927	-2237	1296	
5126	-8919	3791	951	-2239	1273	
5035	-8929	3891	977	-2241	1250	
4944	-8936	3990	1001	-2242	1227	
4852	-8942	4089	1025	-2244	1204	
4761	-8947	4186	1051	-2243	1182	
4667	-8950	4283	1074	-2245	1158	
4573	-8953	4380	1098	-2244	1134	
4480	-8954	4476	1122	-2244	1112	
4383	-8953	4571	1144	-2246	1087	
4287	-8951	4665	1168	-2245	1065	
4193	-8949	4759	1191	-2244	1040	
4094	-8944	4852	1213	-2241	1015	
3995	-8937	4944	1237	-2241	992	
3898	-8931	5037	1260	-2239	966	
3799	-8922	5128	1282	-2235	941	
3699	-8913	5218	1304	-2234	916	
3600	-8902	5307	1326	-2230	892	
3498	-8888	5395	1349	-2225	867	
3397	-8874	5483	1370	-2223	840	
3295	-8859	5569	1392	-2219	816	
3192	-8843	5656	1414	-2214	792	
3090	-8825	5741	1433	-2211	763	
2986	-8806	5826	1454	-2205	737	
2882	-8786	5909	1474	-2200	712	
2778	-8763	5991	1494	-2195	687	
2674	-8739	6073	1515	-2187	661	
2569	-8715	6154	1535	-2183	634	
2463	-8690	6235	1554	-2175	608	
2357	-8662	6313	1574	-2168	582	
2252	-8633	6390	1595	-2160	556	
2148	-8604	6467	1614	-2153	530	
2040	-8572	6543	1631	-2145	501	
1931	-8540	6618	1650	-2136	475	
1825	-8507	6692	1668	-2128	449	
1717	-8471	6766	1685	-2120	421	
1609	-8436	6837	1704	-2111	396	
1501	-8398	6908	1720	-2101	369	
1391	-8359	6978	1738	-2090	342	
1281	-8319	7046	1756	-2081	315	
1174	-8278	7114	1771	-2071	288	
1065	-8236	7181	1788	-2059	261	
955	-8192	7247	1804	-2048	234	
847	-8146	7312	1820	-2037	209	
737	-8100	7374	1836	-2025	183	
627	-8053	7437	1850	-2012	156	
519	-8005	7499	1867	-1999	131	
407	-7955	7558	1881	-1988	104	
299	-7904	7618	1893	-1976	80	
189	-7852	7676	1909	-1962	56	
79	-7798	7732	1923	-1948	30	
-29	-7744	7788	1937	-1934	5	
-140	-7689	7841	1949	-1921	-24	
-250	-7631	7894	1963	-1906	-58	
-362	-7573	7947	1975	-1891	-101	
-472	-7514	7998	1987	-1876	-144	
-579	-7453	8046	2002	-1861	-170	
-691	-7391	8095	2013	-1844	-187	
-800	-7329	8142	2023	-1828	-206	
-907	-7266	8188	2036	-1813	-230	
-1017	-7202	8233	2045	-1798	-261	
-1127	-7136	8276	2055	-1781	-291	
-1236	-7068	8318	2066	-1765	-319	
-1346	-7000	8359	2076	-1747	-345	
-1456	-6931	8399	2086	-1728	-370	
-1562	-6861	8438	2095	-1711	-398	
-1668	-6789	8475	2104	-1693	-426	
-1777	-6717	8511	2113	-1675	-452	
-1884	-6645	8545	2122	-1657	-479	
-1990	-6570	8579	2130	-1637	-505	
-2098	-6494	8610	2137	-1619	-532	
-2202	-6419	8640	2145	-1599	-560	
-2308	-6341	8670	2152	-1580	-586	
-2416	-6263	8698	2158	-1561	-613	
-2520	-6186	8725	2166	-1542	-638	
-2627	-6105	8751	2172	-1521	-664	
-2732	-6024	8775	2176	-1501	-692	
-2834	-5943	8798	2182	-1480	-717	
-2940	-5860	8819	2188	-1459	-743	
-3045	-5775	8840	2192	-1438	-769	
-3147	-5691	8858	2198	-1416	-794	
-3251	-5606	8876	2201	-1396	-820	
-3351	-5520	8892	2205	-1374	-845	
-3452	-5433	8907	2208	-1351	-871	
-3554	-5345	8919	2212	-1330	-896	
-3654	-5258	8932	2214	-1307	-921	
-3755	-5167	8944	2216	-1287	-946	
-3854	-5077	8952	2219	-1264	-971	
-3952	-4986	8960	2220	-1240	-995	
-4052	-4894	8967	2223	-1217	-1020	
-4149	-4802	8973	2223	-1192	-1044	
-4246	-4709	8977	2223	-1170	-1068	
-4342	-4615	8979	2225	-1147	-1092	
-4437	-4521	8981	2225	-1122	-1116	
-4533	-4426	8981	2225	-1099	-1140	
-4628	-4330	8979	2226	-1074	-1162	
-4722	-4234	8977	2223	-1050	-1187	
-4814	-4137	8971	2223	-1025	-1211	
-4906	-4039	8967	2221	-1002	-1232	
-4998	-3940	8961	2217	-978	-1255	
-5089	-3840	8952	2215	-952	-1278	
-5180	-3740	8943	2214	-928	-1300	
-5269	-3639	8931	2211	-902	-1323	
-5357	-3539	8920	2208	-876	-1344	
-5444	-3437	8906	2204	-852	-1367	
-5532	-3336	8891	2200	-826	-1388	
-5619	-3234	8875	2197	-801	-1409	
-5702	-3130	8857	2193	-774	-1430	
-5787	-3028	8839	2188	-749	-1451	
-5871	-2924	8820	2182	-723	-1472	
-5952	-2819	8797	2177	-696	-1493	
-6036	-2715	8774	2170	-671	-1513	
-6116	-2609	8751	2164	-644	-1533	
-6196	-2504	8726	2159	-618	-1552	
-6275	-2399	8699	2150	-592	-1573	
-6351	-2292	8670	2144	-566	-1592	
-6430	-2186	8640	2137	-539	-1610	
-6507	-2080	8610	2129	-512	-1629	
-6580	-1972	8578	2121	-486	-1648	
-6655	-1865	8545	2111	-459	-1665	
-6727	-1757	8510	2104	-431	-1684	
-6800	-1648	8474	2095	-405	-1702	
-6872	-1541	8437	2086	-378	-1720	
-6940	-1432	8399	2076	-351	-1737	
-7010	-1323	8359	2064	-325	-1755	
-7078	-1215	8318	2055	-298	-1771	
-7144	-1106	8276	2045	-270	-1788	
-7212	-997	8233	2033	-244	-1805	
-7276	-887	8188	2022	-217	-1821	
-7339	-777	8142	2010	-189	-1837	
-7401	-668	8096	2000	-162	-1851	
-7463	-559	8047	1987	-137	-1867	
-7523	-448	7997	1974	-111	-1882	
-7582	-338	7946	1963	-84	-1895	
-7641	-228	7894	1949	-58	-1911	
-7697	-118	7841	1935	-33	-1925	
-7752	-9	7787	1921	-9	-1939	
-7808	101	7732	1907	17	-1953	
-7862	212	7675	1893	44	-1964	
-7914	322	7618	1879	73	-1978	
-7964	432	7559	1864	107	-1991	
-8014	541	7498	1849	142	-2002	
-8063	650	7437	1834	176	-2014	
-8110	760	7374	1818	206	-2025	
-8156	871	7311	1802	230	-2038	
-8202	980	7247	1786	252	-2049	
-8244	1090	7182	1769	277	-2060	
-8287	1198	7115	1753	305	-2070	
-8328	1308	7047	1736	334	-2080	
-8368	1417	6977	1719	361	-2090	
-8407	1525	6908	1701	389	-2099	
-8443	1634	6837	1684	415	-2109	
-8480	1741	6764	1665	442	-2118	
-8515	1848	6693	1648	470	-2126	
-8549	1956	6618	1630	496	-2135	
-8582	2064	6543	1610	524	-2142	
-8611	2171	6467	1591	550	-2149	
-8640	2277	6390	1571	575	-2157	
-8670	2383	6313	1553	603	-2164	
-8699	2489	6234	1533	629	-2170	
-8725	2595	6153	1513	656	-2177	
-8748	2700	6073	1493	683	-2182	
-8771	2805	5991	1472	708	-2187	
-8793	2909	5909	1452	733	-2194	
-8813	3012	5825	1432	760	-2198	
-8833	3116	5740	1410	786	-2203	
-8851	3219	5656	1389	811	-2208	
-8867	3322	5570	1367	837	-2211	
-8882	3423	5483	1345	863	-2214	
-8897	3525	5395	1323	888	-2218	
-8910	3625	5306	1303	914	-2220	
-8921	3726	5218	1282	938	-2223	
-8931	3827	5127	1257	963	-2227	
-8938	3925	5036	1234	989	-2228	
-8945	4024	4945	1211	1012	-2230	
-8952	4122	4853	1188	1036	-2231	
-8957	4219	4759	1167	1060	-2232	
-8959	4316	4665	1143	1084	-2232	
-8960	4412	4572	1119	1109	-2233	
-8961	4508	4476	1096	1133	-2233	
-8961	4602	4379	1072	1156	-2232	
-8959	4697	4283	1048	1180	-2231	
-8953	4791	4187	1023	1201	-2231	
-8949	4883	4090	999	1226	-2229	
-8945	4975	3991	976	1250	-2227	
-8935	5066	3891	949	1271	-2226	
-8926	5156	3791	926	1294	-2223	
-8916	5246	3692	901	1316	-2220	
-8904	5336	3591	875	1337	-2217	
-8892	5423	3489	850	1360	-2212	
-8877	5511	3388	825	1383	-2209	
-8863	5598	3285	801	1404	-2205	
-8844	5683	3183	774	1425	-2201	
-8825	5767	3080	749	1446	-2195	
-8808	5851	2977	724	1467	-2189	
-8786	5934	2872	698	1488	-2185	
-8764	6016	2767	672	1508	-2179	
-8741	6097	2663	645	1528	-2173	
-8715	6178	2558	620	1548	-2166	
-8690	6259	2451	593	1568	-2161	
-8661	6335	2345	567	1587	-2154	
-8632	6412	2238	541	1606	-2145	
-8602	6489	2130	514	1625	-2138	
-8570	6564	2023	487	1643	-2130	
-8536	6639	1915	462	1663	-2121	
-8503	6714	1808	436	1681	-2113	
-8469	6786	1701	409	1699	-2103	
-8431	6857	1591	382	1717	-2094	
-8394	6928	1483	356	1734	-2084	
-8355	6997	1374	328	1750	-2075	
-8314	7066	1264	302	1767	-2066	
-8272	7133	1155	277	1786	-2054	
-8230	7199	1046	250	1801	-2043	
-8186	7265	937	222	1816	-2033	
-8138	7329	827	196	1833	-2021	
-8093	7392	717	170	1848	-2009	
-8045	7453	607	143	1863	-1997	
-7996	7514	497	118	1879	-1985	
-7947	7574	388	91	1894	-1971	
-7895	7632	278	66	1908	-1957	
-7844	7689	168	41	1922	-1945	
-7790	7746	57	14	1936	-1931	
-7735	7800	-52	-16	1949	-1918	
-7677	7854	-163	-49	1962	-1905	
-7620	7907	-273	-83	1976	-1890	
-7563	7958	-383	-118	1989	-1875	
-7503	8009	-493	-145	2000	-1860	
-7442	8059	-603	-167	2013	-1843	
-7383	8106	-712	-191	2024	-1829	
-7318	8152	-823	-216	2036	-1813	
-7252	8198	-933	-245	2047	-1796	
-7189	8242	-1041	-273	2058	-1781	
-7123	8285	-1151	-300	2069	-1763	
-7055	8327	-1260	-328	2079	-1747	
-6986	8368	-1369	-354	2089	-1730	
-6916	8407	-1477	-382	2098	-1713	
-6847	8444	-1585	-409	2107	-1695	
-6776	8480	-1694	-436	2117	-1676	
-6705	8515	-1802	-464	2124	-1660	
-6630	8550	-1909	-489	2132	-1640	
-6555	8583	-2017	-515	2142	-1621	
-6480	8615	-2124	-542	2150	-1603	
-6404	8646	-2230	-568	2156	-1583	
-6327	8674	-2337	-594	2164	-1564	
-6247	8701	-2444	-620	2169	-1543	
-6168	8729	-2550	-647	2175	-1524	
-6089	8753	-2656	-673	2184	-1503	
-6008	8776	-2761	-698	2188	-1482	
-5926	8799	-2866	-726	2194	-1463	
-5843	8819	-2969	-751	2199	-1442	
-5758	8840	-3072	-777	2204	-1421	
-5675	8858	-3176	-804	2207	-1400	
-5589	8874	-3279	-827	2211	-1377	
-5502	8890	-3381	-852	2216	-1356	
-5417	8905	-3482	-878	2219	-1335	
-5327	8918	-3583	-903	2222	-1312	
-5238	8929	-3684	-929	2224	-1290	
-5149	8939	-3785	-952	2227	-1267	
-5059	8948	-3885	-977	2230	-1244	
-4969	8957	-3983	-1002	2231	-1222	
-4876	8963	-4081	-1026	2232	-1198	
-4783	8967	-4179	-1051	2232	-1175	
-4690	8971	-4277	-1074	2235	-1152	
-4598	8974	-4373	-1098	2236	-1129	
-4503	8974	-4470	-1122	2235	-1106	
-4406	8974	-4566	-1145	2233	-1081	
-4310	8973	-4659	-1169	2232	-1057	
-4214	8969	-4753	-1192	2232	-1034	
-4117	8964	-4847	-1214	2231	-1009	
-4020	8958	-4939	-1238	2230	-984	
-3919	8951	-5031	-1261	2227	-960	
-3819	8942	-5121	-1282	2224	-936	
-3720	8933	-5211	-1304	2222	-911	
-3619	8922	-5301	-1327	2220	-887	
-3521	8908	-5389	-1349	2216	-861	
-3419	8895	-5476	-1370	2213	-835	
-3317	8879	-5563	-1392	2209	-810	
-3215	8863	-5649	-1414	2203	-784	
-3111	8846	-5735	-1434	2200	-757	
-3008	8826	-5820	-1455	2195	-731	
-2905	8805	-5903	-1475	2189	-706	
-2800	8782	-5985	-1496	2183	-680	
-2694	8760	-6066	-1516	2177	-654	
-2589	8736	-6148	-1535	2172	-628	
-2486	8710	-6227	-1554	2164	-602	
-2379	8683	-6306	-1574	2157	-574	
-2273	8654	-6384	-1595	2150	-549	
-2166	8624	-6461	-1614	2142	-522	
-2059	8593	-6536	-1629	2136	-496	
-1953	8561	-6612	-1649	2126	-471	
-1846	8527	-6686	-1668	2117	-443	
-1740	8493	-6759	-1685	2109	-416	
-1632	8457	-6831	-1704	2100	-389	
-1524	8419	-6901	-1721	2090	-361	
-1416	8380	-6972	-1739	2079	-336	
-1307	8340	-7040	-1755	2070	-308	
-1198	8299	-7108	-1772	2060	-282	
-1088	8256	-7176	-1789	2048	-255	
-979	8213	-7241	-1804	2038	-227	
-869	8168	-7305	-1821	2024	-202	
-759	8122	-7369	-1836	2013	-175	
-651	8074	-7431	-1851	2003	-148	
-541	8025	-7492	-1867	1988	-123	
-431	7975	-7552	-1881	1977	-96	
-321	7925	-7611	-1895	1964	-71	
-210	7873	-7670	-1909	1950	-46	
-102	7818	-7726	-1923	1938	-21	
8	7764	-7781	-1938	1922	2	
119	7708	-7835	-1952	1907	27	
228	7651	-7889	-1964	1894	54	
337	7593	-7941	-1976	1881	87	
446	7535	-7992	-1988	1866	127	
557	7474	-8041	-2000	1850	166	
665	7412	-8089	-2011	1835	200	
776	7349	-8136	-2023	1820	223	
884	7285	-8182	-2036	1802	242	
993	7222	-8227	-2046	1785	263	
1102	7156	-8271	-2056	1770	291	
1211	7089	-8313	-2066	1752	321	
1322	7021	-8353	-2077	1736	350	
1430	6951	-8393	-2087	1718	378	
1538	6881	-8432	-2095	1701	404	
1646	6811	-8468	-2105	1683	430	
1755	6738	-8504	-2112	1665	457	
1863	6664	-8540	-2121	1647	484	
1971	6591	-8573	-2131	1626	511	
2078	6514	-8604	-2137	1610	538	
2182	6439	-8635	-2146	1590	563	
2290	6362	-8664	-2153	1569	590	
2396	6283	-8692	-2157	1551	617	
2501	6204	-8720	-2165	1530	643	
2606	6124	-8746	-2172	1510	670	
2710	6044	-8770	-2177	1490	696	
2815	5962	-8792	-2183	1469	722	
2919	5880	-8813	-2187	1449	747	
3023	5796	-8833	-2193	1427	774	
3125	5710	-8852	-2197	1406	801	
3228	5626	-8870	-2201	1385	825	
3331	5541	-8886	-2206	1362	851	
3431	5453	-8901	-2208	1343	876	
3532	5365	-8914	-2212	1320	900	
3634	5278	-8926	-2216	1296	926	
3734	5187	-8938	-2217	1275	951	
3832	5098	-8946	-2219	1252	975	
3932	5007	-8954	-2221	1230	1001	
4032	4915	-8961	-2222	1206	1026	
4128	4823	-8967	-2224	1183	1049	
4224	4729	-8971	-2224	1160	1075	
4321	4635	-8974	-2225	1136	1098	
4418	4541	-8975	-2225	1113	1122	
4513	4445	-8975	-2226	1088	1145	
4606	4350	-8974	-2225	1064	1168	
4700	4252	-8971	-2222	1042	1192	
4794	4156	-8967	-2223	1015	1213	
4886	4058	-8961	-2221	991	1237	
4977	3959	-8955	-2218	968	1261	
5069	3860	-8947	-2216	942	1283	
5159	3761	-8938	-2214	918	1306	
5247	3661	-8927	-2212	893	1328	
5336	3560	-8914	-2208	866	1350	
5424	3458	-8900	-2204	841	1371	
5511	3356	-8886	-2200	816	1393	
5597	3254	-8869	-2196	791	1416	
5683	3151	-8851	-2192	764	1436	
5767	3048	-8833	-2187	739	1457	
5850	2944	-8813	-2181	714	1478	
5932	2840	-8791	-2177	686	1497	
6013	2735	-8768	-2171	662	1519	
6094	2630	-8744	-2163	635	1539	
6174	2525	-8720	-2158	608	1558	
6253	2420	-8693	-2150	582	1578	
6332	2313	-8664	-2144	556	1597	
6408	2207	-8635	-2135	529	1617	
6483	2100	-8604	-2127	502	1636	
6559	1993	-8572	-2120	477	1654	
6634	1885	-8539	-2112	449	1672	
6706	1778	-8504	-2105	421	1688	
6778	1670	-8468	-2093	396	1707	
6850	1561	-8430	-2084	370	1726	
6921	1452	-8393	-2077	341	1742	
6988	1343	-8353	-2065	315	1760	
7057	1235	-8312	-2054	289	1777	
7125	1126	-8270	-2045	262	1793	
7188	1017	-8226	-2034	234	1810	
7253	907	-8182	-2023	208	1826	
7317	798	-8136	-2010	182	1842	
7380	688	-8089	-1998	155	1858	
7442	578	-8041	-1986	130	1872	
7502	468	-7991	-1974	104	1887	
7560	358	-7941	-1962	77	1901	
7618	248	-7888	-1947	54	1916	
7676	139	-7835	-1935	27	1930	
7732	28	-7781	-1922	-1	1943	
7785	-82	-7725	-1906	-30	1958	
7838	-192	-7669	-1893	-66	1971	
7892	-302	-7612	-1878	-103	1983	
7942	-410	-7552	-1864	-136	1995	
7992	-522	-7491	-1848	-163	2008	
8040	-632	-7430	-1832	-184	2021	
8087	-741	-7368	-1817	-206	2032	
8133	-851	-7305	-1801	-232	2043	
8178	-960	-7240	-1785	-262	2054	
8223	-1069	-7175	-1770	-293	2065	
8265	-1178	-7108	-1752	-319	2076	
8306	-1287	-7040	-1735	-345	2084	
8346	-1395	-6971	-1718	-374	2095	
8384	-1503	-6901	-1700	-399	2106	
8421	-1612	-6830	-1684	-426	2114	
8458	-1720	-6758	-1666	-455	2123	
8493	-1828	-6686	-1647	-480	2131	
8525	-1934	-6612	-1629	-507	2139	
8558	-2042	-6536	-1610	-534	2148	
8590	-2149	-6460	-1591	-561	2155	
8620	-2255	-6383	-1571	-588	2163	
8648	-2362	-6307	-1552	-615	2169	
8674	-2468	-6227	-1533	-642	2175	
8700	-2574	-6147	-1512	-665	2181	
8725	-2678	-6067	-1493	-693	2187	
8747	-2784	-5985	-1472	-721	2194	
8770	-2889	-5902	-1451	-746	2199	
8791	-2992	-5819	-1431	-772	2203	
8809	-3095	-5734	-1409	-797	2209	
8828	-3198	-5649	-1388	-822	2213	
8846	-3300	-5564	-1367	-848	2216	
8860	-3402	-5477	-1346	-875	2220	
8872	-3504	-5389	-1324	-900	2223	
8885	-3604	-5300	-1301	-923	2227	
8896	-3705	-5211	-1280	-950	2230	
8907	-3804	-5122	-1257	-975	2230	
8916	-3903	-5030	-1233	-999	2234	
8922	-4003	-4938	-1213	-1024	2234	
8928	-4101	-4847	-1188	-1049	2236	
8933	-4198	-4754	-1166	-1072	2238	
8936	-4295	-4659	-1144	-1096	2237	
8938	-4391	-4565	-1118	-1120	2238	
8938	-4486	-4470	-1095	-1144	2238	
8936	-4581	-4374	-1071	-1167	2238	
8935	-4676	-4278	-1048	-1190	2236	
8932	-4769	-4180	-1023	-1214	2236	
8926	-4862	-4082	-999	-1237	2235	
8920	-4954	-3984	-975	-1262	2232	
8912	-5045	-3884	-949	-1283	2230	
8902	-5135	-3784	-924	-1304	2228	
8892	-5224	-3684	-901	-1328	2225	
8881	-5313	-3584	-875	-1349	2223	
8869	-5402	-3483	-850	-1371	2219	
8856	-5489	-3381	-825	-1394	2215	
8837	-5576	-3278	-799	-1414	2212	
8820	-5661	-3176	-775	-1437	2207	
8803	-5745	-3072	-748	-1457	2202	
8783	-5831	-2968	-722	-1477	2197	
8761	-5913	-2864	-696	-1498	2191	
8739	-5995	-2759	-670	-1519	2185	
8716	-6076	-2654	-646	-1540	2178	
8691	-6157	-2549	-618	-1559	2172	
8665	-6237	-2444	-591	-1578	2165	
8636	-6314	-2336	-566	-1599	2157	
8608	-6392	-2230	-539	-1617	2152	
8577	-6469	-2124	-512	-1636	2144	
8546	-6543	-2015	-485	-1655	2137	
8515	-6619	-1907	-460	-1673	2128	
8480	-6692	-1800	-433	-1692	2119	
8443	-6764	-1692	-406	-1710	2110	
8408	-6837	-1584	-380	-1728	2100	
8371	-6906	-1475	-353	-1744	2091	
8332	-6975	-1367	-327	-1762	2080	
8290	-7044	-1258	-300	-1780	2070	
8250	-7112	-1148	-273	-1795	2060	
8205	-7178	-1039	-246	-1813	2049	
8160	-7244	-930	-220	-1829	2038	
8118	-7307	-820	-193	-1844	2027	
8071	-7370	-711	-167	-1860	2014	
8021	-7432	-600	-142	-1875	2002	
7972	-7493	-490	-114	-1890	1990	
7925	-7552	-381	-88	-1905	1977	
7873	-7611	-272	-62	-1919	1964	
7818	-7669	-160	-37	-1933	1951	
7764	-7724	-49	-10	-1945	1937	
7709	-7779	60	15	-1961	1923	
7654	-7833	170	41	-1974	1908	
7597	-7885	281	71	-1985	1894	
7539	-7937	389	101	-1999	1880	
7479	-7988	500	135	-2011	1866	
7418	-8038	610	168	-2023	1851	
7357	-8086	720	196	-2035	1834	
7294	-8131	830	223	-2046	1819	
7230	-8177	939	247	-2058	1801	
7165	-8221	1048	273	-2069	1786	
7099	-8264	1158	299	-2079	1770	
7031	-8305	1267	327	-2089	1752	
6963	-8345	1375	355	-2099	1736	
6894	-8385	1484	381	-2109	1717	
6823	-8423	1594	409	-2117	1699	
6752	-8459	1702	436	-2126	1683	
6679	-8495	1810	461	-2135	1664	
6606	-8529	1918	489	-2144	1645	
6533	-8561	2025	515	-2152	1627	
6457	-8593	2132	541	-2160	1607	
6380	-8625	2240	569	-2167	1588	
6301	-8653	2347	595	-2174	1569	
6224	-8681	2453	620	-2181	1549	
6146	-8707	2558	646	-2188	1529	
6065	-8732	2664	673	-2193	1509	
5984	-8755	2768	698	-2200	1488	
5902	-8778	2873	723	-2205	1467	
5819	-8799	2977	751	-2210	1446	
5735	-8818	3080	777	-2214	1426	
5650	-8836	3184	802	-2218	1404	
5565	-8854	3286	828	-2222	1383	
5478	-8871	3388	852	-2227	1363	
5391	-8885	3491	877	-2230	1340	
5303	-8897	3592	902	-2233	1317	
5215	-8908	3693	927	-2237	1295	
5125	-8919	3793	952	-2239	1273	
5034	-8929	3893	977	-2241	1250	
4944	-8936	3992	1002	-2242	1227	
4853	-8943	4091	1025	-2243	1204	
4759	-8947	4188	1050	-2246	1181	
4667	-8950	4286	1074	-2245	1158	
4572	-8952	4381	1098	-2245	1135	
4478	-8953	4477	1121	-2245	1111	
4383	-8953	4573	1144	-2246	1087	
4286	-8951	4667	1168	-2245	1063	
4191	-8948	4761	1191	-2244	1039	
4092	-8943	4854	1215	-2242	1015	
3995	-8937	4946	1237	-2240	990	
3896	-8930	5037	1260	-2238	965	
3797	-8922	5128	1282	-2236	941	
3697	-8912	5220	1304	-2232	916	
3597	-8901	5308	1328	-2230	891	
3497	-8888	5397	1348	-2227	865	
3395	-8874	5484	1370	-2222	840	
3293	-8859	5571	1393	-2218	816	
3191	-8842	5658	1414	-2214	791	
3087	-8824	5743	1434	-2210	764	
2984	-8805	5827	1454	-2206	738	
2880	-8785	5911	1475	-2200	712	
2777	-8762	5993	1495	-2194	686	
2671	-8740	6074	1516	-2189	660	
2565	-8715	6154	1535	-2182	634	
2461	-8689	6236	1555	-2175	608	
2357	-8662	6314	1574	-2169	581	
2250	-8634	6391	1594	-2162	555	
2143	-8604	6469	1613	-2153	529	
2037	-8572	6544	1632	-2143	501	
1931	-8540	6620	1651	-2136	476	
1823	-8506	6694	1668	-2127	450	
1716	-8471	6766	1685	-2120	422	
1607	-8435	6839	1703	-2111	395	
1498	-8397	6908	1721	-2101	369	
1390	-8359	6979	1739	-2091	342	
1281	-8319	7048	1756	-2080	315	
1173	-8277	7116	1773	-2071	288	
1063	-8235	7183	1788	-2059	262	
953	-8192	7247	1803	-2048	236	
843	-8146	7313	1821	-2037	210	
735	-8100	7376	1836	-2024	181	
626	-8053	7438	1850	-2012	156	
516	-8004	7499	1868	-1999	132	
406	-7954	7560	1881	-1988	105	
296	-7904	7619	1895	-1975	79	
187	-7851	7676	1911	-1962	55	
78	-7798	7733	1923	-1948	30	
-33	-7743	7788	1937	-1934	5	
-142	-7687	7842	1949	-1920	-23	
-253	-7630	7896	1962	-1906	-59	
-362	-7572	7947	1975	-1891	-102	
-471	-7513	7998	1987	-1876	-143	
-583	-7453	8048	2001	-1861	-169	
-691	-7391	8096	2012	-1845	-188	
-801	-7328	8143	2024	-1829	-205	
-911	-7264	8189	2037	-1813	-230	
-1019	-7199	8234	2047	-1796	-261	
-1129	-7133	8277	2056	-1780	-290	
-1238	-7067	8318	2067	-1763	-318	
-1348	-6999	8360	2076	-1746	-344	
-1455	-6930	8399	2086	-1729	-371	
-1563	-6860	8439	2096	-1712	-397	
-1671	-6789	8475	2103	-1692	-426	
-1779	-6718	8510	2113	-1675	-454	
-1887	-6644	8546	2122	-1657	-480	
-1993	-6569	8580	2130	-1636	-505	
-2100	-6494	8611	2137	-1618	-533	
-2205	-6418	8641	2146	-1598	-560	
-2311	-6340	8671	2154	-1579	-585	
-2417	-6263	8699	2158	-1562	-613	
-2522	-6184	8725	2165	-1541	-638	
-2628	-6103	8752	2171	-1520	-665	
-2732	-6022	8775	2176	-1501	-692	
-2837	-5941	8798	2183	-1480	-716	
-2941	-5859	8819	2187	-1458	-743	
-3046	-5774	8839	2192	-1437	-769	
-3148	-5689	8858	2195	-1417	-795	
-3250	-5605	8876	2202	-1396	-820	
-3353	-5519	8892	2206	-1373	-846	
-3453	-5432	8906	2208	-1351	-871	
-3556	-5344	8920	2213	-1328	-896	
-3656	-5255	8932	2216	-1307	-920	
-3756	-5166	8942	2216	-1287	-946	
-3855	-5076	8953	2218	-1263	-971	
-3954	-4986	8961	2220	-1239	-996	
-4054	-4894	8968	2222	-1217	-1020	
-4151	-4802	8973	2224	-1192	-1045	
-4246	-4708	8976	2224	-1170	-1069	
-4344	-4615	8979	2225	-1146	-1092	
-4439	-4520	8980	2225	-1122	-1116	
-4535	-4424	8981	2225	-1099	-1140	
-4630	-4329	8980	2225	-1074	-1163	
-4723	-4232	8976	2223	-1050	-1187	
-4816	-4134	8972	2223	-1024	-1209	
-4909	-4036	8967	2221	-1001	-1232	
-5000	-3938	8960	2218	-977	-1256	
-5091	-3838	8951	2217	-951	-1278	
-5182	-3738	8942	2214	-928	-1300	
-5269	-3638	8932	2211	-902	-1324	
-5358	-3538	8919	2207	-877	-1345	
-5447	-3437	8906	2204	-852	-1367	
-5532	-3335	8892	2200	-825	-1388	
-5619	-3233	8875	2195	-800	-1410	
-5706	-3129	8857	2193	-773	-1430	
-5788	-3025	8838	2188	-747	-1452	
