-1125	-7136	8276	2056	-1781	-291	
-1234	-7069	8317	2066	-1764	-318	
-1344	-7001	8359	2078	-1746	-343	
-1451	-6932	8398	2086	-1730	-371	
-1560	-6862	8436	2094	-1712	-398	
-1669	-6791	8474	2104	-1694	-425	
-1776	-6719	8510	2114	-1676	-452	
-1882	-6646	8545	2120	-1657	-478	
-1989	-6572	8578	2129	-1638	-505	
-2096	-6496	8610	2138	-1619	-532	
-2201	-6420	8641	2144	-1600	-559	
-2308	-6343	8670	2153	-1580	-585	
-2413	-6265	8698	2158	-1562	-611	
-2519	-6186	8724	2164	-1543	-638	
-2625	-6105	8751	2172	-1520	-664	
-2729	-6025	8775	2178	-1500	-690	
-2834	-5944	8797	2183	-1481	-717	
-2938	-5861	8818	2186	-1460	-742	
-3041	-5777	8838	2192	-1439	-768	
-3145	-5693	8858	2197	-1417	-794	
-3248	-5607	8875	2200	-1396	-820	
-3351	-5522	8892	2205	-1373	-845	
-3452	-5434	8906	2208	-1351	-870	
-3552	-5347	8919	2211	-1331	-896	
-3652	-5258	8931	2214	-1308	-920	
-3753	-5168	8944	2216	-1286	-946	
-3853	-5079	8953	2218	-1264	-971	
-3952	-4988	8960	2220	-1240	-995	
-4050	-4896	8967	2222	-1217	-1021	
-4147	-4805	8972	2223	-1195	-1044	
-4244	-4711	8976	2225	-1171	-1068	
-4342	-4617	8980	2225	-1146	-1092	
-4438	-4522	8981	2225	-1123	-1116	
-4533	-4428	8981	2225	-1100	-1139	
-4627	-4332	8979	2224	-1075	-1163	
-4722	-4235	8976	2223	-1050	-1186	
-4814	-4137	8973	2222	-1027	-1208	
-4906	-4039	8968	2221	-1002	-1232	
-4997	-3941	8960	2217	-979	-1256	
-5087	-3841	8952	2215	-954	-1278	
-5179	-3741	8943	2214	-926	-1300	
-5267	-3641	8933	2211	-902	-1322	
-5356	-3541	8920	2207	-878	-1345	
-5444	-3439	8907	2204	-853	-1366	
-5530	-3337	8892	2200	-827	-1387	
-5617	-3236	8875	2196	-802	-1409	
-5701	-3132	8858	2192	-777	-1430	
-5786	-3030	8839	2186	-750	-1452	
-5869	-2926	8819	2181	-723	-1473	
-5952	-2820	8797	2176	-698	-1493	
-6033	-2717	8774	2170	-671	-1512	
-6115	-2612	8750	2162	-646	-1533	
-6196	-2506	8725	2157	-619	-1553	
-6273	-2400	8699	2151	-591	-1572	
-6351	-2294	8670	2144	-565	-1591	
-6429	-2187	8640	2136	-539	-1610	
-6505	-2081	8610	2128	-513	-1630	
-6580	-1974	8578	2120	-486	-1647	
-6655	-1866	8545	2112	-460	-1666	
-6727	-1759	8511	2104	-432	-1684	
-6800	-1651	8475	2095	-405	-1702	
-6872	-1541	8438	2085	-380	-1720	
-6941	-1435	8399	2075	-351	-1736	
-7009	-1325	8359	2065	-325	-1754	
-7076	-1217	8318	2054	-300	-1771	
-7144	-1108	8277	2044	-271	-1789	
-7210	-998	8234	2033	-243	-1804	
-7275	-889	8188	2021	-217	-1819	
-7339	-778	8143	2010	-191	-1836	
-7400	-669	8096	1998	-164	-1851	
-7462	-560	8048	1986	-137	-1865	
-7522	-450	7999	1974	-112	-1881	
-7582	-340	7948	1962	-85	-1896	
-7639	-231	7895	1948	-60	-1910	
-7695	-120	7842	1934	-36	-1925	
-7753	-9	7789	1921	-8	-1938	
-7807	100	7733	1907	16	-1950	
-7861	210	7677	1893	42	-1965	
-7912	319	7619	1879	74	-1979	
-7962	430	7559	1864	107	-1991	
-8013	539	7500	1850	142	-2002	
-8062	649	7438	1833	177	-2015	
-8109	759	7376	1818	205	-2026	
-8155	868	7312	1802	229	-2036	
-8201	978	7248	1786	252	-2048	
-8244	1087	7182	1769	277	-2058	
-8287	1196	7115	1752	303	-2069	
-8328	1306	7047	1737	332	-2080	
-8367	1414	6979	1720	363	-2089	
-8405	1522	6909	1700	388	-2100	
-8443	1630	6837	1684	415	-2109	
-8481	1739	6766	1667	443	-2116	
-8515	1847	6694	1648	468	-2126	
-8547	1954	6619	1629	495	-2135	
-8581	2061	6544	1611	522	-2141	
-8614	2169	6469	1593	549	-2150	
-8643	2276	6392	1573	576	-2157	
-8670	2382	6314	1553	602	-2164	
-8698	2488	6234	1534	629	-2169	
-8724	2593	6155	1513	655	-2176	
-8748	2698	6075	1492	681	-2182	
-8772	2802	5992	1473	708	-2186	
-8793	2907	5910	1451	733	-2194	
-8812	3012	5827	1431	758	-2198	
-8833	3115	5741	1411	786	-2202	
-8850	3217	5657	1389	812	-2207	
-8867	3320	5572	1367	836	-2210	
-8883	3422	5484	1346	861	-2215	
-8895	3523	5396	1325	888	-2218	
-8908	3623	5308	1303	912	-2220	
-8920	3724	5219	1280	937	-2223	
-8929	3824	5129	1257	963	-2225	
-8938	3923	5037	1235	987	-2227	
-8946	4023	4947	1213	1012	-2229	
-8950	4120	4854	1189	1037	-2230	
-8955	4217	4760	1166	1060	-2231	
-8960	4315	4668	1144	1085	-2232	
-8961	4411	4573	1119	1109	-2233	
-8962	4506	4478	1097	1133	-2232	
-8962	4601	4381	1072	1156	-2231	
-8958	4696	4285	1047	1179	-2231	
-8955	4789	4188	1024	1202	-2230	
-8951	4882	4090	999	1226	-2229	
-8943	4973	3992	975	1248	-2226	
-8937	5065	3893	950	1271	-2224	
-8929	5156	3794	925	1294	-2222	
-8917	5245	3693	901	1317	-2219	
-8906	5333	3592	876	1338	-2217	
-8891	5422	3491	850	1359	-2214	
-8877	5509	3390	825	1382	-2210	
-8862	5596	3287	800	1405	-2206	
-8845	5681	3184	775	1424	-2200	
-8827	5766	3081	749	1444	-2196	
-8807	5850	2978	725	1467	-2191	
-8786	5934	2874	699	1487	-2185	
-8763	6016	2769	671	1506	-2180	
-8739	6096	2664	646	1527	-2174	
-8714	6176	2559	620	1547	-2167	
-8687	6257	2453	593	1567	-2160	
-8661	6334	2348	569	1587	-2152	
-8631	6412	2241	541	1606	-2145	
-8603	6489	2133	513	1624	-2138	
-8572	6563	2026	489	1643	-2130	
-8537	6639	1917	463	1663	-2122	
-8503	6712	1810	436	1679	-2113	
-8469	6784	1703	409	1698	-2104	
-8432	6856	1592	383	1715	-2094	
-8395	6927	1484	356	1732	-2085	
-8356	6996	1377	329	1751	-2074	
-8316	7064	1267	303	1767	-2064	
-8274	7132	1157	278	1785	-2054	
-8230	7199	1048	250	1801	-2043	
-8186	7264	939	224	1816	-2031	
-8140	7328	829	196	1831	-2020	
-8092	7390	719	170	1847	-2009	
-8047	7452	610	145	1865	-1996	
-7997	7513	500	119	1879	-1984	
-7946	7573	390	93	1893	-1971	
-7896	7631	280	66	1908	-1959	
-7843	7689	170	42	1923	-1945	
-7790	7745	60	15	1936	-1931	
-7735	7800	-50	-16	1949	-1919	
-7679	7854	-160	-48	1962	-1905	
-7621	7907	-271	-83	1975	-1890	
-7564	7958	-381	-118	1988	-1875	
-7505	8009	-491	-144	2001	-1860	
-7443	8058	-600	-168	2012	-1845	
-7382	8105	-710	-192	2024	-1829	
-7319	8151	-820	-216	2037	-1813	
-7253	8197	-930	-245	2047	-1797	
-7190	8241	-1040	-274	2057	-1780	
-7124	8285	-1148	-301	2068	-1764	
-7056	8326	-1257	-328	2079	-1747	
-6987	8367	-1368	-353	2089	-1731	
-6918	8405	-1475	-381	2098	-1712	
-6848	8444	-1585	-408	2107	-1694	
-6777	8481	-1693	-435	2116	-1677	
-6705	8515	-1800	-462	2125	-1658	
-6630	8550	-1907	-487	2133	-1641	
-6555	8582	-2015	-515	2141	-1622	
-6481	8614	-2122	-541	2150	-1603	
-6406	8645	-2229	-567	2156	-1583	
-6327	8673	-2335	-594	2164	-1563	
-6250	8701	-2442	-622	2170	-1545	
-6172	8727	-2548	-647	2176	-1525	
-6090	8752	-2653	-673	2182	-1504	
-6010	8776	-2759	-699	2188	-1484	
-5928	8798	-2863	-724	2194	-1462	
-5845	8820	-2967	-750	2199	-1442	
-5761	8839	-3072	-776	2204	-1422	
-5676	8857	-3174	-801	2208	-1399	
-5591	8875	-3277	-826	2212	-1379	
-5504	8890	-3378	-854	2215	-1357	
-5418	8904	-3480	-876	2219	-1336	
-5328	8917	-3583	-901	2223	-1314	
-5240	8929	-3683	-928	2225	-1290	
-5152	8938	-3784	-953	2225	-1270	
-5061	8948	-3884	-979	2227	-1248	
-4971	8957	-3982	-1002	2231	-1223	
-4878	8962	-4080	-1025	2233	-1199	
-4784	8968	-4178	-1049	2234	-1177	
-4691	8971	-4276	-1073	2235	-1153	
-4597	8973	-4372	-1098	2234	-1130	
-4503	8974	-4468	-1121	2234	-1106	
-4408	8974	-4564	-1145	2234	-1082	
-4313	8972	-4659	-1168	2233	-1058	
-4216	8969	-4752	-1191	2234	-1033	
-4118	8965	-4844	-1214	2233	-1010	
-4020	8958	-4937	-1236	2229	-986	
-3921	8951	-5028	-1260	2227	-961	
-3823	8943	-5119	-1282	2225	-935	
-3724	8933	-5210	-1304	2222	-911	
-3624	8922	-5300	-1327	2219	-886	
-3523	8910	-5388	-1348	2217	-861	
-3421	8896	-5475	-1370	2213	-835	
-3319	8880	-5562	-1391	2208	-810	
-3215	8863	-5648	-1412	2206	-784	
-3112	8846	-5734	-1434	2199	-759	
-3009	8827	-5818	-1455	2193	-733	
-2905	8806	-5901	-1474	2190	-707	
-2801	8784	-5983	-1495	2184	-681	
-2696	8760	-6066	-1516	2177	-655	
-2592	8737	-6147	-1536	2170	-629	
-2486	8711	-6226	-1556	2164	-601	
-2379	8683	-6305	-1574	2157	-576	
-2273	8655	-6383	-1594	2150	-550	
-2168	8625	-6460	-1612	2143	-522	
-2061	8594	-6536	-1632	2135	-496	
-1955	8562	-6610	-1650	2126	-469	
-1849	8529	-6684	-1667	2117	-443	
-1742	8493	-6757	-1686	2107	-417	
-1636	8456	-6830	-1703	2099	-391	
-1526	8419	-6900	-1720	2091	-363	
-1416	8381	-6971	-1737	2080	-336	
-1309	8341	-7040	-1755	2070	-310	
-1201	8300	-7107	-1772	2060	-282	
-1091	8257	-7174	-1787	2050	-256	
-982	8214	-7240	-1803	2039	-229	
-872	8169	-7304	-1820	2027	-201	
-762	8123	-7367	-1835	2015	-174	
-654	8074	-7430	-1851	2002	-148	
-542	8026	-7491	-1866	1990	-121	
-433	7976	-7552	-1880	1977	-96	
-322	7925	-7611	-1896	1964	-71	
-211	7872	-7668	-1910	1951	-46	
-104	7819	-7724	-1923	1939	-22	
8	7765	-7780	-1937	1925	3	
117	7709	-7835	-1950	1909	27	
226	7653	-7888	-1964	1895	55	
335	7595	-7940	-1974	1882	88	
445	7535	-7991	-1987	1866	126	
555	7475	-8041	-2001	1850	166	
663	7413	-8088	-2011	1837	199	
774	7351	-8135	-2024	1820	223	
883	7287	-8181	-2034	1803	242	
991	7223	-8226	-2046	1786	263	
1102	7156	-8270	-2058	1769	289	
1209	7089	-8312	-2066	1754	319	
1320	7021	-8353	-2075	1737	349	
1430	6952	-8394	-2085	1719	377	
1536	6882	-8431	-2095	1701	403	
1646	6812	-8467	-2104	1683	429	
1753	6740	-8504	-2112	1664	456	
1861	6666	-8538	-2121	1646	483	
1968	6591	-8572	-2129	1629	510	
2074	6516	-8605	-2137	1609	536	
2181	6440	-8635	-2145	1589	564	
2287	6363	-8664	-2150	1570	591	
2393	6286	-8692	-2158	1549	617	
2499	6206	-8719	-2165	1531	643	
2604	6126	-8744	-2170	1512	669	
2708	6046	-8768	-2176	1491	696	
2813	5964	-8791	-2182	1470	722	
2917	5882	-8813	-2187	1448	747	
3020	5797	-8833	-2192	1428	772	
3123	5713	-8852	-2197	1407	799	
3226	5628	-8869	-2202	1386	824	
3328	5542	-8886	-2205	1364	850	
3429	5455	-8900	-2208	1342	875	
3530	5367	-8915	-2211	1320	900	
3631	5278	-8927	-2213	1298	927	
3733	5189	-8937	-2218	1275	950	
3832	5099	-8947	-2219	1252	975	
3930	5009	-8954	-2220	1230	1000	
4031	4916	-8962	-2221	1208	1024	
4127	4824	-8966	-2223	1183	1049	
4223	4731	-8971	-2224	1159	1073	
4320	4637	-8974	-2225	1137	1097	
4416	4542	-8975	-2224	1113	1122	
4511	4448	-8975	-2225	1089	1145	
4605	4351	-8974	-2224	1065	1168	
4699	4255	-8972	-2223	1041	1191	
4792	4159	-8967	-2223	1016	1215	
4884	4060	-8962	-2220	992	1238	
4977	3961	-8955	-2220	967	1260	
5066	3862	-8946	-2216	942	1282	
5157	3762	-8937	-2213	919	1306	
5247	3662	-8926	-2211	893	1327	
5334	3562	-8915	-2207	867	1349	
5421	3461	-8901	-2206	842	1371	
5508	3358	-8886	-2200	816	1393	
5595	3256	-8870	-2196	791	1414	
5679	3154	-8852	-2191	766	1435	
5763	3050	-8834	-2185	740	1457	
5847	2946	-8814	-2182	713	1476	
5930	2842	-8792	-2176	687	1498	
6011	2738	-8770	-2169	661	1518	
6094	2632	-8745	-2165	634	1538	
6174	2527	-8719	-2157	609	1558	
6251	2421	-8693	-2150	584	1578	
6330	2314	-8665	-2143	557	1597	
6407	2209	-8635	-2136	529	1616	
6482	2102	-8604	-2128	502	1634	
6557	1995	-8572	-2120	477	1653	
6631	1888	-8539	-2113	450	1672	
6705	1780	-8505	-2104	423	1690	
6777	1672	-8470	-2094	397	1708	
6849	1563	-8432	-2085	369	1725	
6918	1456	-8394	-2075	343	1743	
6986	1346	-8354	-2064	316	1760	
7055	1237	-8313	-2056	288	1777	
7121	1128	-8271	-2043	263	1794	
7189	1019	-8228	-2032	236	1809	
7254	910	-8183	-2022	209	1825	
7315	800	-8136	-2010	183	1840	
7379	690	-8090	-1999	156	1856	
7441	580	-8042	-1987	130	1872	
7501	470	-7992	-1974	104	1887	
7561	360	-7941	-1961	79	1902	
7617	251	-7889	-1948	54	1917	
7675	141	-7836	-1935	26	1929	
7731	30	-7781	-1921	0	1944	
7784	-80	-7726	-1907	-30	1957	
7838	-189	-7671	-1893	-65	1968	
7890	-300	-7612	-1877	-101	1982	
7941	-410	-7552	-1863	-137	1995	
7992	-518	-7493	-1849	-162	2008	
8039	-629	-7432	-1834	-184	2020	
8085	-739	-7369	-1819	-207	2032	
8132	-849	-7306	-1801	-232	2043	
8178	-958	-7241	-1786	-262	2054	
8221	-1066	-7175	-1769	-291	2064	
8264	-1176	-7109	-1752	-319	2075	
8305	-1284	-7041	-1737	-345	2085	
8345	-1393	-6973	-1719	-371	2095	
8384	-1502	-6903	-1701	-400	2105	
8420	-1609	-6832	-1683	-427	2113	
8457	-1717	-6761	-1665	-453	2122	
8494	-1825	-6687	-1647	-479	2131	
8526	-1933	-6613	-1629	-507	2139	
8558	-2039	-6538	-1611	-535	2147	
8591	-2147	-6462	-1591	-560	2155	
8619	-2253	-6385	-1571	-587	2163	
8648	-2359	-6306	-1553	-614	2169	
8675	-2467	-6228	-1533	-640	2175	
8702	-2571	-6149	-1512	-666	2182	
8727	-2676	-6068	-1492	-693	2188	
8748	-2781	-5985	-1471	-719	2194	
8770	-2885	-5903	-1452	-745	2199	
8792	-2990	-5821	-1432	-771	2203	
8808	-3093	-5736	-1409	-796	2209	
8828	-3195	-5652	-1388	-822	2212	
8845	-3298	-5565	-1368	-848	2216	
8859	-3399	-5478	-1346	-874	2220	
8874	-3502	-5392	-1325	-899	2224	
8885	-3603	-5302	-1302	-924	2227	
8896	-3703	-5213	-1279	-949	2229	
8907	-3803	-5123	-1257	-974	2230	
8915	-3903	-5031	-1234	-998	2233	
8922	-4001	-4940	-1211	-1022	2235	
8929	-4099	-4848	-1188	-1048	2236	
8935	-4197	-4755	-1167	-1073	2236	
8935	-4294	-4662	-1143	-1096	2236	
8938	-4389	-4567	-1118	-1118	2238	
8940	-4485	-4471	-1095	-1142	2239	
8937	-4579	-4375	-1071	-1167	2238	
8935	-4674	-4279	-1047	-1190	2238	
8931	-4768	-4182	-1023	-1214	2236	
8927	-4860	-4085	-999	-1237	2234	
8921	-4952	-3986	-974	-1258	2232	
8913	-5042	-3886	-950	-1282	2230	
8904	-5133	-3786	-925	-1305	2228	
8893	-5224	-3686	-900	-1326	2225	
8881	-5312	-3585	-876	-1349	2222	
8869	-5400	-3484	-851	-1372	2218	
8855	-5487	-3383	-825	-1392	2215	
8840	-5573	-3280	-799	-1413	2212	
8823	-5659	-3178	-774	-1436	2206	
8803	-5745	-3074	-750	-1457	2201	
8783	-5828	-2971	-723	-1477	2197	
8763	-5911	-2867	-696	-1498	2192	
8740	-5994	-2761	-671	-1519	2186	
8715	-6076	-2656	-645	-1539	2180	
8692	-6155	-2552	-619	-1559	2173	
8665	-6234	-2446	-593	-1578	2166	
8636	-6314	-2340	-566	-1597	2159	
8610	-6391	-2232	-541	-1617	2152	
8579	-6467	-2125	-515	-1637	2143	
8546	-6542	-2018	-488	-1654	2135	
8514	-6616	-1910	-461	-1671	2128	
8481	-6691	-1803	-434	-1691	2119	
8444	-6764	-1695	-408	-1711	2109	
8408	-6835	-1587	-381	-1727	2100	
8370	-6906	-1478	-355	-1744	2091	
8331	-6976	-1369	-329	-1762	2080	
8291	-7043	-1261	-301	-1779	2070	
8249	-7110	-1151	-273	-1794	2060	
8207	-7177	-1042	-248	-1812	2048	
8161	-7243	-932	-220	-1829	2038	
8117	-7307	-822	-195	-1845	2025	
8071	-7370	-713	-168	-1859	2013	
8023	-7431	-603	-141	-1873	2003	
7975	-7493	-493	-115	-1890	1990	
7924	-7552	-383	-89	-1904	1977	
7872	-7610	-273	-65	-1919	1964	
7821	-7668	-163	-37	-1934	1951	
7767	-7724	-53	-11	-1947	1936	
7712	-7779	58	15	-1960	1923	
7656	-7832	167	41	-1974	1910	
7599	-7885	277	69	-1987	1895	
7541	-7937	387	100	-1999	1881	
7481	-7986	497	133	-2011	1866	
7421	-8036	608	165	-2023	1850	
7359	-8084	717	196	-2036	1834	
7294	-8130	826	224	-2046	1819	
7232	-8176	936	247	-2057	1802	
7167	-8220	1047	271	-2070	1786	
7099	-8263	1156	298	-2080	1769	
7032	-8304	1265	325	-2090	1752	
6964	-8345	1374	354	-2100	1735	
6895	-8385	1482	381	-2110	1718	
6825	-8422	1590	407	-2118	1700	
6753	-8459	1699	434	-2128	1682	
6681	-8495	1807	462	-2136	1664	
6607	-8529	1915	488	-2144	1646	
6533	-8561	2023	513	-2153	1627	
6457	-8593	2131	541	-2160	1608	
6381	-8624	2238	568	-2167	1589	
6305	-8652	2345	594	-2174	1570	
6225	-8680	2450	620	-2182	1550	
6147	-8706	2557	646	-2188	1530	
6067	-8731	2662	672	-2194	1509	
5985	-8755	2766	698	-2199	1490	
5904	-8777	2871	725	-2204	1469	
5821	-8798	2975	751	-2210	1448	
5737	-8818	3079	775	-2214	1427	
5653	-8837	3182	801	-2218	1406	
5568	-8854	3285	827	-2223	1385	
5481	-8869	3388	851	-2228	1362	
5394	-8884	3489	877	-2230	1341	
5305	-8896	3590	903	-2232	1319	
5217	-8908	3690	927	-2236	1296	
5127	-8919	3791	951	-2239	1273	
5036	-8928	3891	977	-2241	1251	
4946	-8936	3989	1001	-2242	1229	
4854	-8943	4088	1025	-2244	1206	
4762	-8947	4186	1050	-2245	1182	
4668	-8950	4283	1075	-2245	1158	
4574	-8952	4380	1097	-2246	1135	
4479	-8953	4475	1121	-2246	1112	
4384	-8953	4570	1144	-2245	1087	
4291	-8952	4665	1166	-2245	1062	
4192	-8949	4759	1192	-2243	1039	
4094	-8945	4853	1215	-2241	1015	
3997	-8938	4945	1236	-2241	990	
3898	-8930	5037	1259	-2239	965	
3801	-8922	5127	1281	-2236	941	
3701	-8912	5217	1305	-2234	917	
3599	-8901	5306	1326	-2231	891	
3499	-8888	5396	1347	-2227	866	
3398	-8875	5483	1369	-2223	841	
3296	-8860	5569	1390	-2220	815	
3193	-8843	5656	1413	-2215	790	
3091	-8825	5741	1433	-2211	764	
2986	-8805	5824	1453	-2206	739	
2884	-8784	5908	1474	-2199	713	
2780	-8763	5990	1496	-2194	687	
2674	-8740	6072	1515	-2189	660	
2570	-8716	6154	1534	-2182	634	
2463	-8690	6232	1555	-2175	608	
2358	-8663	6312	1574	-2168	582	
2252	-8634	6390	1592	-2162	555	
2146	-8603	6467	1612	-2153	529	
2038	-8573	6543	1631	-2146	503	
1931	-8541	6618	1649	-2138	476	
1825	-8508	6692	1668	-2128	449	
1719	-8472	6764	1685	-2120	422	
1610	-8436	6837	1703	-2110	396	
1500	-8399	6908	1721	-2100	369	
1392	-8359	6978	1738	-2091	341	
1283	-8320	7046	1754	-2080	314	
1174	-8279	7113	1771	-2071	289	
1066	-8236	7181	1788	-2060	262	
956	-8192	7246	1803	-2048	235	
847	-8147	7311	1820	-2037	209	
738	-8101	7376	1836	-2025	182	
628	-8054	7436	1851	-2013	157	
518	-8005	7498	1866	-2000	131	
408	-7955	7559	1881	-1989	105	
298	-7904	7617	1894	-1976	79	
189	-7852	7675	1909	-1961	55	
80	-7798	7731	1923	-1948	30	
-31	-7744	7786	1936	-1934	5	
-140	-7688	7841	1950	-1921	-24	
-249	-7631	7894	1963	-1906	-58	
-361	-7574	7946	1976	-1891	-101	
-470	-7515	7997	1988	-1877	-143	
-580	-7453	8047	2000	-1861	-170	
-689	-7392	8096	2013	-1845	-187	
-798	-7330	8142	2023	-1830	-205	
-909	-7266	8188	2035	-1813	-229	
-1017	-7201	8233	2046	-1797	-260	
-1128	-7135	8276	2054	-1782	-292	
-1237	-7068	8318	2067	-1763	-318	
-1344	-7001	8360	2077	-1746	-344	
-1454	-6931	8399	2085	-1730	-372	
-1561	-6861	8437	2094	-1712	-398	
-1669	-6790	8475	2103	-1695	-425	
-1777	-6718	8511	2113	-1676	-452	
-1883	-6645	8545	2121	-1657	-479	
-1989	-6570	8577	2129	-1638	-506	
-2096	-6495	8611	2137	-1618	-532	
-2202	-6419	8642	2143	-1601	-559	
-2309	-6342	8672	2152	-1581	-585	
-2415	-6265	8698	2158	-1561	-611	
-2520	-6185	8724	2163	-1542	-639	
-2625	-6104	8751	2171	-1520	-664	
-2731	-6025	8774	2177	-1500	-691	
-2835	-5942	8798	2182	-1480	-717	
-2939	-5860	8819	2187	-1460	-742	
-3043	-5777	8838	2193	-1439	-768	
-3146	-5692	8858	2197	-1417	-794	
-3249	-5607	8875	2201	-1396	-820	
-3352	-5521	8891	2205	-1374	-845	
-3453	-5434	8906	2208	-1353	-871	
-3555	-5346	8920	2212	-1330	-896	
-3654	-5258	8932	2214	-1308	-921	
-3754	-5168	8943	2216	-1287	-947	
-3854	-5078	8953	2218	-1264	-971	
-3953	-4988	8960	2221	-1239	-995	
-4052	-4895	8967	2222	-1217	-1020	
-4149	-4803	8972	2223	-1195	-1044	
-4245	-4710	8977	2225	-1171	-1068	
-4343	-4616	8980	2225	-1147	-1093	
-4439	-4522	8981	2226	-1123	-1116	
-4533	-4426	8981	2225	-1100	-1140	
-4627	-4330	8979	2224	-1075	-1163	
-4722	-4233	8977	2223	-1051	-1186	
-4815	-4136	8972	2222	-1026	-1210	
-4907	-4039	8967	2221	-1001	-1232	
-4998	-3941	8961	2217	-979	-1256	
-5088	-3840	8953	2217	-953	-1278	
-5180	-3741	8943	2214	-927	-1300	
-5269	-3641	8932	2211	-902	-1323	
-5357	-3540	8920	2208	-877	-1345	
-5445	-3439	8906	2204	-853	-1366	
-5531	-3337	8892	2200	-827	-1388	
-5617	-3234	8876	2195	-800	-1409	
-5701	-3131	8857	2192	-775	-1431	
-5786	-3029	8839	2187	-749	-1452	
-5869	-2924	8819	2181	-724	-1472	
-5952	-2821	8796	2176	-697	-1493	
-6034	-2715	8775	2170	-671	-1513	
-6115	-2610	8750	2163	-645	-1533	
-6197	-2506	8725	2157	-618	-1553	
-6274	-2399	8698	2151	-592	-1572	
-6352	-2292	8670	2143	-566	-1592	
-6430	-2186	8641	2136	-539	-1612	
-6507	-2079	8610	2128	-512	-1629	
-6581	-1973	8578	2120	-486	-1648	
-6655	-1866	8545	2111	-459	-1667	
-6728	-1758	8510	2103	-433	-1685	
-6800	-1648	8475	2094	-406	-1703	
-6872	-1540	8438	2084	-378	-1721	
-6942	-1433	8399	2076	-351	-1737	
-7011	-1324	8359	2065	-325	-1754	
-7077	-1215	8318	2053	-299	-1772	
-7144	-1106	8277	2044	-270	-1788	
-7211	-997	8233	2034	-243	-1804	
-7276	-888	8188	2021	-218	-1821	
-7340	-778	8143	2009	-190	-1837	
-7401	-669	8095	1998	-163	-1852	
-7463	-558	8047	1986	-137	-1866	
-7522	-449	7997	1973	-112	-1883	
-7581	-338	7946	1962	-85	-1897	
-7639	-229	7895	1949	-59	-1910	
-7696	-120	7842	1934	-35	-1925	
-7752	-8	7787	1922	-9	-1939	
-7807	101	7732	1906	16	-1952	
-7861	211	7675	1892	42	-1965	
-7913	320	7618	1879	74	-1978	
-7965	430	7558	1865	108	-1989	
-8014	541	7498	1849	142	-2003	
-8062	650	7438	1833	176	-2015	
-8110	760	7375	1818	206	-2025	
-8155	869	7311	1801	229	-2038	
-8202	979	7248	1786	251	-2049	
-8245	1088	7182	1769	277	-2060	
-8288	1197	7114	1753	305	-2069	
-8330	1307	7047	1736	333	-2079	
-8367	1415	6978	1718	362	-2089	
-8406	1524	6908	1701	389	-2099	
-8445	1632	6838	1684	415	-2109	
-8481	1741	6766	1666	442	-2116	
-8516	1848	6693	1648	469	-2126	
-8549	1956	6619	1629	497	-2134	
-8580	2063	6544	1610	522	-2141	
-8612	2169	6467	1591	549	-2149	
-8642	2276	6390	1572	577	-2156	
-8671	2383	6312	1552	602	-2164	
-8698	2489	6234	1532	628	-2171	
-8723	2594	6153	1513	656	-2177	
-8747	2699	6073	1493	682	-2182	
-8771	2803	5992	1473	708	-2188	
-8794	2908	5909	1451	733	-2193	
-8813	3013	5826	1431	760	-2197	
-8834	3116	5742	1411	787	-2203	
-8852	3218	5656	1388	812	-2207	
-8868	3321	5570	1366	835	-2210	
-8883	3422	5484	1345	861	-2215	
-8896	3523	5396	1324	888	-2218	
-8910	3625	5306	1301	912	-2221	
-8921	3726	5218	1280	939	-2223	
-8931	3826	5128	1259	964	-2225	
-8939	3924	5036	1235	987	-2228	
-8945	4023	4945	1212	1012	-2229	
-8952	4122	4853	1190	1037	-2230	
-8957	4218	4760	1164	1059	-2233	
-8960	4315	4665	1141	1085	-2232	
-8961	4412	4572	1121	1110	-2232	
-8963	4507	4477	1095	1132	-2233	
-8962	4602	4380	1072	1156	-2232	
-8959	4696	4284	1047	1179	-2231	
-8956	4790	4187	1024	1202	-2229	
-8950	4882	4089	999	1225	-2228	
-8943	4974	3990	974	1249	-2227	
-8935	5066	3891	950	1271	-2224	
-8927	5156	3793	924	1294	-2222	
-8918	5246	3693	902	1316	-2218	
-8907	5334	3593	876	1338	-2216	
-8892	5422	3490	849	1359	-2214	
-8877	5511	3387	826	1382	-2209	
-8863	5597	3286	801	1404	-2205	
-8846	5682	3184	774	1424	-2202	
-8828	5767	3080	748	1444	-2195	
-8807	5851	2976	724	1466	-2190	
-8785	5934	2872	698	1488	-2185	
-8763	6016	2768	671	1507	-2179	
-8739	6097	2663	646	1527	-2173	
-8714	6177	2558	620	1549	-2165	
-8688	6257	2452	593	1568	-2160	
-8660	6335	2346	568	1586	-2153	
-8632	6412	2239	541	1606	-2144	
-8603	6490	2132	513	1625	-2138	
-8570	6565	2025	489	1644	-2129	
-8537	6639	1915	462	1663	-2121	
-8504	6713	1808	434	1680	-2112	
-8469	6786	1701	409	1698	-2103	
-8432	6857	1592	383	1716	-2093	
-8394	6927	1484	356	1733	-2084	
-8355	6997	1375	329	1750	-2074	
-8315	7066	1266	303	1768	-2063	
-8274	7132	1157	276	1785	-2054	
-8231	7199	1047	249	1800	-2042	
-8186	7265	938	223	1818	-2031	
-8139	7328	828	197	1832	-2021	
-8092	7391	719	170	1848	-2008	
-8045	7453	609	145	1865	-1996	
-7997	7514	499	118	1879	-1984	
-7947	7573	389	92	1893	-1971	
-7895	7632	279	67	1908	-1958	
-7843	7690	169	41	1922	-1945	
-7789	7746	59	15	1936	-1932	
-7734	7800	-52	-14	1949	-1918	
-7678	7854	-161	-49	1963	-1903	
-7620	7907	-271	-84	1975	-1890	
-7562	7959	-382	-117	1988	-1875	
-7504	8009	-491	-144	2001	-1860	
-7442	8058	-602	-169	2011	-1845	
-7381	8106	-712	-190	2025	-1828	
-7318	8152	-821	-215	2036	-1813	
-7254	8197	-931	-245	2047	-1797	
-7189	8242	-1041	-273	2058	-1781	
-7123	8285	-1150	-301	2069	-1764	
-7056	8327	-1258	-327	2080	-1746	
-6987	8367	-1368	-355	2088	-1730	
-6918	8406	-1477	-381	2098	-1712	
-6848	8444	-1585	-407	2107	-1694	
-6776	8480	-1694	-435	2116	-1676	
-6704	8516	-1802	-462	2125	-1658	
-6629	8551	-1909	-488	2133	-1641	
-6555	8583	-2015	-516	2141	-1622	
-6481	8614	-2122	-541	2149	-1602	
-6403	8644	-2229	-568	2157	-1583	
-6327	8672	-2337	-594	2163	-1564	
-6249	8701	-2444	-621	2170	-1544	
-6170	8728	-2549	-648	2177	-1525	
-6090	8752	-2655	-673	2182	-1504	
-6009	8776	-2759	-699	2188	-1483	
-5927	8799	-2864	-725	2194	-1464	
-5843	8820	-2968	-750	2199	-1442	
-5760	8839	-3072	-777	2202	-1421	
-5676	8858	-3176	-802	2208	-1400	
-5591	8875	-3278	-827	2213	-1378	
-5504	8891	-3381	-854	2215	-1358	
-5416	8905	-3482	-878	2219	-1335	
-5328	8917	-3583	-902	2222	-1313	
-5239	8929	-3684	-929	2225	-1291	
-5150	8939	-3783	-953	2227	-1268	
-5060	8949	-3884	-977	2229	-1246	
-4968	8957	-3983	-1001	2231	-1222	
-4876	8963	-4082	-1026	2231	-1200	
-4784	8967	-4180	-1050	2233	-1178	
-4691	8971	-4276	-1074	2235	-1153	
-4598	8974	-4373	-1098	2234	-1130	
-4503	8973	-4468	-1121	2234	-1106	
-4407	8974	-4563	-1146	2234	-1082	
-4311	8972	-4659	-1169	2233	-1059	
-4215	8968	-4753	-1190	2232	-1034	
-4117	8965	-4845	-1215	2232	-1010	
-4019	8958	-4938	-1238	2230	-985	
-3922	8951	-5029	-1261	2226	-960	
-3823	8943	-5120	-1283	2225	-936	
-3722	8933	-5210	-1305	2222	-911	
-3622	8921	-5299	-1325	2219	-885	
-3522	8909	-5388	-1349	2217	-860	
-3420	8895	-5476	-1370	2211	-836	
-3318	8879	-5563	-1392	2207	-812	
-3216	8863	-5650	-1413	2204	-784	
-3113	8846	-5734	-1434	2199	-758	
-3008	8827	-5818	-1455	2194	-733	
-2904	8806	-5902	-1475	2190	-706	
-2800	8783	-5984	-1496	2183	-681	
-2695	8760	-6065	-1516	2178	-654	
-2591	8736	-6146	-1536	2170	-628	
-2486	8710	-6228	-1556	2163	-602	
-2379	8683	-6306	-1575	2157	-576	
-2273	8654	-6383	-1594	2149	-550	
-2166	8625	-6461	-1612	2143	-522	
-2060	8594	-6536	-1631	2134	-496	
-1954	8561	-6611	-1649	2126	-470	
-1848	8528	-6685	-1667	2118	-442	
-1741	8493	-6758	-1686	2108	-416	
-1634	8456	-6831	-1703	2100	-389	
-1525	8420	-6902	-1721	2091	-362	
-1416	8381	-6971	-1737	2081	-336	
-1308	8340	-7040	-1755	2070	-308	
-1199	8299	-7108	-1772	2059	-281	
-1090	8257	-7175	-1787	2049	-256	
-980	8214	-7240	-1803	2037	-228	
-871	8168	-7305	-1820	2025	-200	
-761	8121	-7369	-1836	2015	-174	
-652	8074	-7430	-1851	2002	-148	
-542	8025	-7491	-1865	1990	-122	
-432	7975	-7552	-1881	1977	-96	
-321	7924	-7611	-1896	1963	-71	
-211	7873	-7669	-1909	1951	-45	
-103	7820	-7725	-1922	1938	-21	
9	7765	-7780	-1937	1925	3	
118	7709	-7835	-1951	1909	28	
226	7652	-7887	-1963	1895	56	
337	7594	-7940	-1974	1881	89	
445	7536	-7991	-1988	1866	127	
555	7475	-8041	-2000	1850	166	
665	7413	-8089	-2011	1834	199	
774	7350	-8136	-2024	1818	222	
883	7287	-8182	-2035	1803	241	
993	7222	-8227	-2045	1787	263	
1102	7156	-8270	-2056	1769	290	
1210	7089	-8312	-2065	1755	320	
1322	7020	-8353	-2077	1737	350	
1431	6952	-8393	-2086	1719	378	
1537	6882	-8431	-2094	1701	403	
1646	6811	-8468	-2104	1683	430	
1755	6739	-8505	-2112	1666	457	
1863	6666	-8538	-2122	1646	483	
1969	6592	-8572	-2129	1628	512	
2076	6516	-8605	-2136	1608	538	
2183	6439	-8636	-2144	1589	564	
2288	6363	-8665	-2151	1570	591	
2394	6285	-8693	-2159	1550	616	
2501	6206	-8719	-2165	1530	643	
2604	6125	-8745	-2170	1511	670	
2709	6045	-8769	-2176	1491	696	
2815	5963	-8792	-2182	1470	722	
2918	5880	-8814	-2189	1448	747	
3021	5797	-8834	-2192	1428	774	
3123	5713	-8853	-2196	1407	800	
3227	5627	-8870	-2201	1385	825	
3329	5541	-8886	-2205	1364	850	
3430	5454	-8901	-2208	1342	875	
3531	5365	-8914	-2211	1320	901	
3632	5277	-8926	-2214	1297	926	
3734	5188	-8938	-2217	1273	951	
3832	5099	-8947	-2219	1252	976	
3930	5007	-8955	-2220	1231	1000	
4031	4916	-8962	-2222	1208	1025	
4128	4823	-8967	-2223	1184	1049	
4223	4729	-8971	-2224	1159	1073	
4321	4637	-8973	-2224	1136	1099	
4417	4541	-8975	-2224	1113	1122	
4512	4447	-8975	-2224	1089	1145	
4607	4352	-8975	-2223	1066	1168	
4701	4254	-8971	-2223	1040	1191	
4793	4157	-8967	-2222	1016	1216	
4883	4059	-8961	-2220	992	1239	
4976	3960	-8955	-2218	966	1260	
5068	3861	-8947	-2216	942	1283	
5157	3762	-8937	-2212	919	1306	
5248	3662	-8926	-2211	894	1327	
5335	3561	-8914	-2207	868	1350	
5422	3459	-8901	-2204	842	1372	
5511	3358	-8887	-2201	817	1393	
5596	3256	-8870	-2195	790	1414	
5680	3153	-8853	-2191	765	1436	
5765	3050	-8834	-2186	740	1457	
5848	2946	-8813	-2181	714	1477	
5931	2841	-8791	-2176	688	1497	
6013	2736	-8769	-2170	661	1518	
6094	2632	-8744	-2165	634	1537	
6174	2527	-8719	-2159	609	1556	
6252	2420	-8694	-2151	583	1578	
6332	2314	-8665	-2142	556	1598	
6408	2207	-8636	-2136	529	1616	
6482	2102	-8605	-2129	502	1635	
6559	1994	-8572	-2120	475	1653	
6632	1886	-8539	-2112	449	1670	
6704	1779	-8505	-2103	423	1688	
6777	1670	-8470	-2094	396	1708	
6849	1562	-8432	-2085	370	1725	
6918	1454	-8393	-2074	341	1742	
6987	1346	-8354	-2064	315	1760	
7056	1237	-8313	-2056	289	1775	
7122	1127	-8271	-2043	263	1793	
7189	1018	-8226	-2033	238	1809	
7254	908	-8182	-2021	210	1826	
7317	798	-8136	-2011	181	1841	
7379	689	-8089	-1999	155	1856	
7441	579	-8041	-1986	128	1872	
7502	470	-7992	-1974	103	1886	
7561	359	-7941	-1960	78	1901	
7618	249	-7889	-1948	52	1916	
7676	140	-7836	-1935	28	1929	
7731	30	-7781	-1921	1	1943	
7784	-80	-7725	-1907	-31	1956	
7839	-190	-7669	-1892	-65	1969	
7891	-300	-7611	-1878	-102	1982	
7942	-411	-7552	-1862	-136	1996	
7992	-520	-7493	-1847	-163	2007	
8039	-629	-7431	-1834	-185	2019	
8086	-739	-7369	-1818	-206	2033	
8133	-849	-7306	-1801	-233	2044	
8178	-958	-7241	-1785	-262	2054	
8221	-1067	-7175	-1770	-291	2066	
8263	-1176	-7109	-1752	-319	2075	
8305	-1285	-7041	-1735	-345	2086	
8345	-1395	-6972	-1718	-371	2095	
8385	-1501	-6903	-1701	-400	2104	
8421	-1611	-6832	-1683	-427	2114	
8456	-1719	-6759	-1664	-452	2122	
8494	-1826	-6686	-1647	-480	2132	
8527	-1933	-6613	-1628	-507	2139	
8559	-2040	-6538	-1610	-534	2147	
8590	-2148	-6461	-1590	-560	2155	
8620	-2254	-6384	-1571	-587	2161	
8649	-2360	-6308	-1553	-614	2169	
8675	-2467	-6229	-1531	-640	2174	
8701	-2572	-6148	-1512	-667	2181	
8727	-2677	-6067	-1492	-693	2188	
8748	-2781	-5985	-1471	-719	2193	
8770	-2886	-5903	-1452	-745	2198	
8791	-2990	-5820	-1431	-770	2203	
8809	-3093	-5736	-1410	-795	2208	
8829	-3196	-5650	-1388	-821	2213	
8846	-3298	-5564	-1368	-848	2217	
8860	-3402	-5478	-1347	-874	2220	
8874	-3503	-5391	-1323	-899	2223	
8885	-3603	-5301	-1302	-925	2228	
8897	-3704	-5213	-1280	-950	2229	
8906	-3803	-5123	-1257	-974	2231	
8916	-3903	-5031	-1234	-999	2234	
8923	-4002	-4940	-1212	-1022	2236	
8929	-4100	-4848	-1189	-1046	2237	
8933	-4197	-4754	-1166	-1072	2237	
8935	-4294	-4660	-1143	-1095	2237	
8938	-4390	-4566	-1118	-1118	2238	
8940	-4485	-4471	-1094	-1143	2237	
8939	-4580	-4375	-1071	-1166	2237	
8933	-4674	-4278	-1047	-1191	2236	
8931	-4768	-4181	-1023	-1215	2236	
8927	-4860	-4084	-999	-1237	2234	
8920	-4952	-3985	-975	-1260	2232	
8912	-5043	-3886	-949	-1282	2231	
8903	-5134	-3787	-925	-1305	2228	
8893	-5224	-3686	-900	-1326	2226	
8881	-5312	-3585	-875	-1350	2223	
8870	-5401	-3484	-850	-1371	2218	
8855	-5487	-3382	-824	-1392	2215	
8838	-5574	-3279	-799	-1413	2211	
8822	-5660	-3176	-773	-1434	2208	
8803	-5745	-3073	-748	-1456	2201	
8784	-5829	-2970	-723	-1477	2196	
8764	-5912	-2865	-697	-1498	2191	
8740	-5994	-2761	-672	-1519	2185	
8717	-6076	-2656	-645	-1538	2180	
8692	-6157	-2550	-618	-1559	2172	
8665	-6236	-2445	-593	-1579	2166	
8637	-6314	-2338	-567	-1598	2159	
8609	-6392	-2232	-541	-1617	2151	
8578	-6468	-2125	-514	-1637	2143	
8546	-6544	-2017	-488	-1655	2135	
8515	-6618	-1909	-460	-1672	2127	
8481	-6691	-1802	-433	-1691	2118	
8444	-6765	-1694	-409	-1711	2109	
8407	-6836	-1586	-382	-1728	2100	
8370	-6906	-1478	-354	-1744	2091	
8330	-6976	-1369	-328	-1762	2081	
8290	-7044	-1260	-301	-1779	2069	
8248	-7111	-1150	-274	-1795	2058	
8205	-7178	-1040	-248	-1812	2049	
8162	-7243	-932	-221	-1829	2039	
8117	-7308	-823	-195	-1845	2026	
8071	-7370	-712	-167	-1859	2014	
8022	-7432	-603	-140	-1874	2003	
7973	-7493	-492	-114	-1889	1990	
7924	-7553	-382	-88	-1904	1977	
7872	-7611	-272	-63	-1921	1964	
7820	-7668	-163	-36	-1934	1950	
7766	-7724	-53	-10	-1948	1936	
7711	-7779	59	14	-1961	1922	
7656	-7833	169	42	-1973	1909	
7599	-7885	280	70	-1987	1894	
7540	-7936	388	99	-1999	1880	
7479	-7987	498	134	-2011	1866	
7418	-8036	608	166	-2024	1851	
7357	-8085	718	197	-2035	1834	
7293	-8131	829	223	-2045	1818	
7231	-8176	938	248	-2057	1803	
7166	-8220	1048	272	-2069	1787	
7099	-8263	1156	297	-2080	1769	
7032	-8305	1265	326	-2090	1753	
6963	-8345	1375	354	-2099	1735	
6894	-8385	1484	381	-2108	1718	
6824	-8424	1591	408	-2118	1701	
6752	-8459	1699	435	-2127	1682	
6679	-8495	1808	462	-2136	1664	
6608	-8529	1915	488	-2144	1646	
6532	-8561	2024	513	-2153	1626	
6457	-8594	2132	541	-2160	1607	
6383	-8624	2239	569	-2166	1589	
6304	-8653	2345	594	-2174	1570	
6226	-8680	2452	620	-2181	1549	
6146	-8706	2558	646	-2188	1528	
6065	-8731	2663	673	-2194	1509	
5985	-8754	2768	698	-2200	1489	
5903	-8778	2871	723	-2204	1469	
5820	-8799	2975	751	-2209	1449	
5737	-8818	3079	776	-2215	1427	
5651	-8836	3183	801	-2218	1406	
5565	-8853	3286	828	-2223	1385	
5481	-8869	3388	852	-2227	1361	
5394	-8883	3489	877	-2228	1340	
5305	-8896	3589	903	-2232	1319	
5217	-8908	3691	928	-2235	1296	
5127	-8919	3792	952	-2238	1274	
5037	-8929	3892	977	-2241	1251	
4947	-8936	3991	1002	-2243	1229	
4854	-8942	4090	1025	-2244	1204	
4761	-8947	4187	1050	-2244	1182	
4668	-8950	4283	1074	-2243	1159	
4575	-8952	4381	1097	-2245	1135	
4480	-8953	4477	1122	-2245	1112	
4385	-8953	4571	1145	-2245	1087	
4288	-8952	4665	1167	-2245	1063	
4190	-8949	4760	1192	-2243	1039	
4095	-8944	4853	1215	-2241	1015	
3997	-8937	4944	1238	-2240	991	
3898	-8930	5037	1260	-2238	965	
3798	-8921	5127	1282	-2236	940	
3699	-8912	5218	1304	-2233	916	
3598	-8901	5307	1326	-2230	891	
3498	-8888	5394	1349	-2227	866	
3396	-8874	5482	1370	-2224	841	
3295	-8860	5570	1391	-2220	814	
3192	-8843	5656	1414	-2215	789	
3089	-8825	5741	1432	-2211	764	
2988	-8805	5825	1454	-2205	738	
2883	-8784	5909	1476	-2198	713	
2778	-8763	5991	1496	-2194	686	
2674	-8740	6072	1516	-2189	660	
2567	-8716	6154	1534	-2183	635	
2463	-8690	6233	1554	-2176	608	
2359	-8661	6312	1574	-2168	581	
2253	-8634	6391	1593	-2161	555	
2146	-8604	6467	1613	-2153	530	
2039	-8573	6543	1631	-2144	502	
1932	-8541	6618	1649	-2136	474	
1825	-8507	6691	1668	-2127	449	
1717	-8471	6766	1685	-2121	422	
1609	-8435	6837	1702	-2111	395	
1500	-8398	6908	1721	-2100	368	
1393	-8360	6978	1738	-2091	342	
1284	-8320	7046	1754	-2080	316	
1173	-8278	7115	1771	-2071	288	
1064	-8236	7181	1788	-2059	262	
955	-8192	7247	1804	-2049	235	
845	-8147	7312	1820	-2037	210	
736	-8101	7375	1836	-2023	183	
626	-8053	7437	1850	-2013	155	
516	-8005	7498	1865	-2001	131	
407	-7955	7558	1881	-1988	106	
298	-7904	7618	1894	-1976	80	
188	-7851	7675	1909	-1961	55	
80	-7798	7732	1922	-1948	31	
-29	-7743	7789	1937	-1934	6	
-140	-7688	7842	1950	-1920	-23	
-250	-7631	7895	1962	-1906	-60	
-359	-7573	7947	1976	-1891	-102	
-470	-7514	7997	1988	-1876	-143	
-579	-7453	8047	2000	-1861	-171	
-689	-7391	8095	2012	-1845	-187	
-798	-7329	8142	2023	-1831	-205	
-907	-7265	8188	2035	-1813	-230	
-1018	-7201	8234	2044	-1798	-260	
