-988	-7219	8222	2043	-1802	-251	
-1097	-7154	8265	2053	-1786	-282	
-1207	-7087	8307	2063	-1768	-311	
-1315	-7019	8348	2073	-1751	-338	
-1424	-6950	8388	2084	-1733	-364	
-1533	-6880	8428	2094	-1716	-390	
-1640	-6809	8465	2102	-1698	-417	
-1750	-6738	8501	2111	-1681	-445	
-1856	-6665	8535	2118	-1662	-471	
-1962	-6591	8569	2126	-1643	-498	
-2068	-6516	8602	2136	-1624	-525	
-2174	-6439	8633	2143	-1606	-551	
-2281	-6363	8663	2150	-1586	-578	
-2386	-6285	8690	2156	-1566	-605	
-2491	-6207	8717	2163	-1546	-632	
-2597	-6127	8744	2170	-1526	-658	
-2702	-6046	8767	2174	-1505	-684	
-2806	-5964	8791	2182	-1485	-710	
-2912	-5882	8813	2187	-1464	-734	
-3015	-5799	8833	2190	-1443	-761	
-3118	-5715	8854	2195	-1423	-788	
-3221	-5629	8871	2200	-1402	-813	
-3323	-5544	8887	2204	-1381	-839	
-3425	-5458	8902	2206	-1358	-864	
-3526	-5371	8916	2210	-1336	-888	
-3626	-5282	8929	2214	-1314	-914	
-3726	-5192	8941	2216	-1292	-940	
-3827	-5103	8950	2218	-1269	-964	
-3928	-5012	8958	2221	-1246	-988	
-4025	-4920	8965	2222	-1223	-1014	
-4122	-4829	8971	2223	-1199	-1038	
-4220	-4735	8976	2225	-1175	-1060	
-4317	-4641	8979	2224	-1155	-1086	
-4412	-4547	8980	2225	-1130	-1110	
-4508	-4452	8980	2225	-1106	-1133	
-4603	-4357	8980	2223	-1083	-1157	
-4697	-4261	8978	2224	-1057	-1180	
-4790	-4164	8975	2223	-1032	-1203	
-4883	-4065	8969	2220	-1009	-1227	
-4973	-3967	8963	2219	-984	-1249	
-5065	-3867	8955	2217	-959	-1271	
-5155	-3767	8946	2214	-933	-1295	
-5245	-3668	8935	2213	-909	-1316	
-5333	-3567	8923	2210	-883	-1337	
-5420	-3465	8910	2206	-858	-1359	
-5508	-3365	8896	2201	-833	-1382	
-5595	-3261	8880	2197	-807	-1404	
-5680	-3158	8863	2194	-782	-1425	
-5764	-3056	8845	2188	-756	-1446	
-5848	-2952	8825	2183	-730	-1467	
-5932	-2848	8804	2177	-704	-1487	
-6014	-2744	8781	2172	-678	-1507	
-6094	-2639	8757	2166	-651	-1528	
-6174	-2533	8731	2159	-624	-1547	
-6254	-2428	8705	2154	-599	-1566	
-6332	-2322	8677	2145	-573	-1587	
-6409	-2215	8648	2140	-545	-1605	
-6486	-2109	8619	2133	-519	-1623	
-6561	-2002	8588	2122	-494	-1643	
-6634	-1894	8554	2114	-467	-1661	
-6707	-1787	8519	2105	-439	-1680	
-6780	-1679	8484	2096	-412	-1697	
-6852	-1570	8448	2087	-386	-1715	
-6922	-1462	8410	2078	-359	-1733	
-6991	-1354	8370	2068	-331	-1750	
-7060	-1244	8330	2057	-305	-1766	
-7127	-1136	8288	2047	-279	-1783	
-7193	-1026	8245	2036	-250	-1800	
-7258	-917	8200	2026	-223	-1816	
-7322	-808	8154	2014	-197	-1831	
-7385	-698	8108	2003	-169	-1846	
-7447	-589	8060	1990	-144	-1861	
-7508	-479	8011	1977	-118	-1877	
-7567	-369	7960	1965	-91	-1893	
-7626	-259	7909	1951	-67	-1907	
-7684	-148	7857	1938	-41	-1921	
-7738	-39	7802	1924	-15	-1935	
-7794	71	7747	1911	10	-1948	
-7846	182	7691	1897	37	-1961	
-7899	291	7634	1884	66	-1973	
-7951	400	7574	1869	99	-1988	
-8000	510	7515	1853	133	-2000	
-8050	621	7454	1839	169	-2010	
-8096	731	7391	1821	198	-2023	
-8142	840	7328	1806	222	-2033	
-8189	950	7264	1791	246	-2045	
-8233	1061	7200	1774	270	-2056	
-8276	1170	7133	1758	297	-2066	
-8318	1277	7065	1741	325	-2077	
-8358	1386	6997	1724	354	-2087	
-8397	1495	6928	1706	382	-2097	
-8435	1604	6857	1688	407	-2106	
-8469	1712	6784	1670	435	-2114	
-8506	1820	6712	1652	462	-2123	
-8540	1927	6639	1635	490	-2132	
-8572	2034	6563	1617	517	-2139	
-8605	2142	6488	1597	542	-2147	
-8634	2248	6411	1577	568	-2155	
-8663	2354	6334	1559	594	-2162	
-8690	2460	6256	1539	621	-2169	
-8716	2566	6175	1518	649	-2175	
-8742	2671	6095	1498	674	-2181	
-8764	2776	6013	1478	702	-2187	
-8786	2881	5931	1456	727	-2192	
-8808	2984	5848	1437	752	-2196	
-8828	3088	5765	1417	780	-2200	
-8846	3190	5680	1395	805	-2206	
-8863	3293	5593	1375	830	-2209	
-8878	3395	5507	1353	857	-2212	
-8893	3497	5420	1330	880	-2218	
-8906	3599	5331	1308	906	-2219	
-8918	3699	5242	1287	931	-2222	
-8929	3798	5153	1264	956	-2224	
-8937	3898	5062	1241	980	-2227	
-8944	3997	4970	1219	1005	-2229	
-8951	4095	4878	1195	1030	-2230	
-8955	4192	4785	1173	1055	-2231	
-8958	4290	4691	1150	1079	-2230	
-8961	4387	4597	1126	1102	-2230	
-8962	4482	4502	1103	1127	-2231	
-8961	4577	4407	1081	1151	-2231	
-8958	4671	4312	1057	1174	-2230	
-8955	4765	4214	1031	1197	-2229	
-8951	4858	4116	1006	1220	-2229	
-8945	4951	4017	982	1242	-2227	
-8937	5042	3918	957	1265	-2224	
-8928	5132	3820	933	1288	-2222	
-8919	5222	3720	908	1311	-2219	
-8908	5311	3618	883	1332	-2216	
-8895	5400	3518	857	1354	-2213	
-8880	5487	3416	834	1376	-2208	
-8865	5573	3313	808	1398	-2205	
-8850	5659	3210	781	1420	-2202	
-8832	5744	3107	757	1441	-2196	
-8813	5828	3004	731	1461	-2191	
-8792	5911	2900	704	1482	-2188	
-8769	5994	2797	679	1503	-2181	
-8745	6076	2692	652	1522	-2175	
-8721	6156	2586	628	1542	-2169	
-8696	6235	2481	601	1562	-2161	
-8667	6315	2375	573	1581	-2155	
-8640	6392	2267	548	1601	-2148	
-8611	6468	2160	522	1620	-2140	
-8578	6545	2053	496	1639	-2132	
-8546	6620	1945	469	1658	-2124	
-8512	6693	1838	442	1676	-2115	
-8476	6765	1729	417	1694	-2106	
-8442	6838	1619	390	1711	-2097	
-8405	6910	1512	362	1729	-2088	
-8367	6978	1404	335	1747	-2078	
-8326	7047	1296	309	1764	-2068	
-8285	7115	1187	283	1779	-2057	
-8243	7181	1076	256	1797	-2047	
-8198	7247	967	231	1813	-2035	
-8153	7311	857	204	1827	-2024	
-8106	7374	748	177	1844	-2012	
-8059	7437	638	152	1860	-1999	
-8011	7498	528	125	1875	-1988	
-7960	7557	419	100	1891	-1976	
-7910	7616	308	74	1905	-1960	
-7857	7674	198	47	1919	-1948	
-7802	7731	87	21	1932	-1936	
-7749	7786	-22	-7	1945	-1922	
-7693	7840	-132	-39	1959	-1908	
-7637	7893	-242	-75	1971	-1894	
-7578	7945	-352	-109	1984	-1880	
-7518	7996	-462	-137	1998	-1865	
-7459	8044	-573	-163	2010	-1849	
-7397	8093	-683	-184	2021	-1832	
-7333	8139	-793	-208	2033	-1816	
-7271	8185	-901	-236	2044	-1801	
-7206	8230	-1011	-265	2056	-1785	
-7140	8274	-1121	-292	2067	-1768	
-7075	8315	-1229	-320	2076	-1751	
-7006	8356	-1338	-348	2086	-1734	
-6937	8396	-1446	-374	2095	-1717	
-6866	8434	-1555	-401	2105	-1701	
-6797	8470	-1665	-430	2112	-1684	
-6726	8505	-1772	-456	2122	-1663	
-6651	8540	-1880	-481	2132	-1644	
-6577	8574	-1987	-508	2139	-1627	
-6500	8606	-2094	-534	2148	-1606	
-6425	8637	-2201	-561	2155	-1589	
-6347	8666	-2308	-588	2162	-1569	
-6269	8694	-2415	-612	2169	-1549	
-6192	8720	-2520	-639	2175	-1529	
-6110	8745	-2626	-666	2181	-1508	
-6030	8770	-2731	-692	2186	-1488	
-5948	8792	-2836	-717	2192	-1469	
-5865	8814	-2941	-744	2197	-1448	
-5782	8834	-3044	-769	2202	-1427	
-5698	8853	-3147	-795	2207	-1405	
-5612	8871	-3251	-821	2211	-1384	
-5527	8886	-3353	-845	2215	-1362	
-5440	8901	-3455	-869	2218	-1340	
-5351	8914	-3556	-896	2222	-1319	
-5263	8926	-3657	-921	2225	-1297	
-5174	8938	-3758	-944	2227	-1274	
-5084	8946	-3857	-969	2229	-1251	
-4993	8955	-3957	-995	2230	-1229	
-4902	8962	-4056	-1019	2232	-1205	
-4810	8966	-4153	-1043	2233	-1183	
-4716	8970	-4250	-1068	2234	-1161	
-4623	8973	-4348	-1093	2234	-1136	
-4528	8973	-4443	-1115	2235	-1111	
-4432	8974	-4538	-1139	2234	-1088	
-4337	8974	-4633	-1162	2233	-1065	
-4242	8970	-4728	-1184	2233	-1040	
-4144	8966	-4820	-1208	2232	-1016	
-4046	8959	-4913	-1231	2231	-991	
-3948	8953	-5005	-1254	2229	-966	
-3848	8946	-5095	-1276	2226	-941	
-3749	8936	-5186	-1298	2222	-917	
-3650	8925	-5276	-1320	2219	-892	
-3549	8913	-5365	-1341	2216	-867	
-3448	8899	-5453	-1364	2212	-842	
-3346	8884	-5540	-1386	2210	-815	
-3243	8868	-5626	-1406	2206	-790	
-3141	8850	-5711	-1429	2200	-766	
-3037	8831	-5796	-1449	2195	-739	
-2933	8811	-5880	-1469	2192	-712	
-2829	8790	-5962	-1490	2186	-688	
-2724	8766	-6045	-1510	2180	-662	
-2620	8742	-6125	-1529	2173	-635	
-2513	8718	-6206	-1548	2166	-609	
-2407	8690	-6284	-1569	2159	-582	
-2303	8662	-6361	-1589	2152	-556	
-2196	8633	-6440	-1607	2145	-530	
-2089	8602	-6516	-1626	2137	-503	
-1982	8571	-6592	-1645	2128	-477	
-1876	8538	-6666	-1662	2120	-450	
-1770	8503	-6739	-1681	2111	-424	
-1663	8466	-6811	-1698	2102	-396	
-1555	8429	-6882	-1715	2092	-369	
-1445	8391	-6953	-1733	2083	-343	
-1337	8351	-7021	-1750	2074	-315	
-1229	8310	-7089	-1767	2062	-288	
-1119	8268	-7157	-1783	2051	-261	
-1010	8224	-7223	-1799	2040	-235	
-899	8180	-7288	-1815	2029	-209	
-789	8134	-7351	-1831	2018	-181	
-680	8087	-7414	-1847	2005	-155	
-571	8039	-7476	-1861	1994	-129	
-461	7989	-7536	-1876	1981	-103	
-350	7939	-7595	-1892	1968	-79	
-242	7887	-7652	-1905	1955	-52	
-131	7833	-7710	-1919	1941	-27	
-22	7779	-7766	-1934	1928	-4	
87	7724	-7820	-1947	1914	21	
198	7667	-7874	-1959	1899	48	
307	7610	-7927	-1972	1885	78	
415	7550	-7977	-1985	1870	117	
525	7490	-8027	-1997	1854	157	
634	7429	-8076	-2007	1839	190	
744	7367	-8124	-2019	1824	217	
853	7304	-8170	-2032	1808	237	
962	7239	-8214	-2042	1791	257	
1072	7173	-8259	-2054	1774	282	
1182	7107	-8302	-2063	1758	313	
1290	7039	-8343	-2072	1742	342	
1400	6970	-8382	-2083	1724	369	
1508	6900	-8420	-2093	1706	396	
1616	6830	-8458	-2102	1688	422	
1727	6758	-8495	-2111	1669	449	
1833	6685	-8530	-2120	1650	476	
1940	6611	-8564	-2127	1633	503	
2048	6535	-8596	-2135	1614	531	
2155	6460	-8626	-2144	1595	557	
2261	6384	-8658	-2150	1575	583	
2366	6306	-8685	-2157	1555	609	
2471	6227	-8711	-2163	1535	637	
2576	6147	-8738	-2168	1517	663	
2683	6067	-8763	-2175	1496	689	
2786	5985	-8787	-2180	1476	715	
2890	5902	-8808	-2185	1455	739	
2993	5819	-8828	-2191	1434	767	
3096	5735	-8848	-2195	1412	793	
3201	5650	-8866	-2199	1391	818	
3303	5563	-8882	-2203	1370	843	
3404	5477	-8897	-2208	1347	868	
3505	5389	-8911	-2211	1325	894	
3606	5301	-8924	-2213	1304	919	
3707	5213	-8935	-2216	1282	944	
3805	5123	-8944	-2218	1259	969	
3904	5031	-8952	-2220	1235	994	
4003	4940	-8960	-2222	1212	1018	
4101	4848	-8966	-2222	1189	1042	
4198	4755	-8970	-2223	1165	1066	
4294	4662	-8973	-2224	1143	1092	
4390	4567	-8974	-2225	1119	1115	
4486	4472	-8976	-2225	1095	1138	
4580	4377	-8974	-2224	1072	1162	
4674	4279	-8971	-2223	1047	1186	
4767	4183	-8967	-2222	1022	1209	
4860	4086	-8964	-2221	997	1231	
4952	3986	-8958	-2219	973	1254	
5043	3887	-8949	-2217	949	1278	
5134	3788	-8941	-2214	924	1300	
5223	3689	-8929	-2210	900	1323	
5311	3587	-8917	-2208	875	1343	
5399	3487	-8905	-2205	847	1365	
5487	3384	-8890	-2201	823	1388	
5575	3282	-8874	-2197	797	1408	
5659	3181	-8857	-2193	771	1430	
5744	3077	-8839	-2187	746	1451	
5827	2973	-8819	-2183	721	1472	
5909	2869	-8797	-2178	694	1493	
5993	2764	-8775	-2172	669	1512	
6073	2660	-8751	-2166	642	1532	
6153	2555	-8726	-2158	616	1553	
6231	2448	-8699	-2151	590	1573	
6309	2343	-8671	-2144	564	1592	
6388	2236	-8643	-2139	537	1611	
6463	2129	-8613	-2131	509	1629	
6538	2022	-8581	-2121	483	1650	
6613	1915	-8548	-2114	457	1668	
6686	1807	-8513	-2105	430	1686	
6759	1699	-8478	-2097	404	1704	
6830	1591	-8442	-2087	377	1721	
6899	1482	-8404	-2077	350	1740	
6970	1374	-8365	-2068	323	1756	
7038	1265	-8324	-2057	296	1773	
7104	1156	-8281	-2046	269	1790	
7173	1046	-8239	-2036	242	1805	
7236	938	-8195	-2024	217	1820	
7299	829	-8148	-2013	190	1837	
7363	718	-8101	-2001	163	1853	
7423	609	-8053	-1988	137	1868	
7485	498	-8005	-1976	111	1884	
7545	389	-7955	-1964	85	1898	
7601	280	-7903	-1952	60	1912	
7659	169	-7850	-1939	34	1927	
7716	59	-7795	-1924	9	1940	
7769	-50	-7740	-1911	-22	1955	
7823	-161	-7685	-1897	-55	1968	
7877	-271	-7627	-1882	-92	1979	
7927	-380	-7567	-1867	-127	1992	
7979	-491	-7509	-1852	-156	2005	
8028	-601	-7448	-1839	-180	2016	
8073	-710	-7385	-1822	-200	2029	
8121	-820	-7322	-1805	-226	2040	
8166	-929	-7258	-1790	-255	2051	
8211	-1038	-7193	-1774	-284	2062	
8254	-1147	-7126	-1757	-311	2072	
8296	-1256	-7059	-1739	-338	2083	
8336	-1365	-6992	-1723	-365	2092	
8374	-1474	-6920	-1706	-390	2103	
8410	-1582	-6849	-1688	-419	2112	
8448	-1689	-6778	-1670	-447	2120	
8484	-1797	-6705	-1652	-472	2129	
8517	-1905	-6632	-1634	-500	2137	
8550	-2012	-6557	-1616	-529	2144	
8581	-2119	-6481	-1596	-554	2154	
8611	-2226	-6405	-1577	-580	2160	
8640	-2333	-6326	-1558	-607	2167	
8666	-2439	-6248	-1537	-633	2174	
8693	-2544	-6169	-1517	-660	2180	
8718	-2649	-6088	-1498	-686	2186	
8742	-2753	-6008	-1477	-712	2192	
8765	-2858	-5925	-1457	-738	2197	
8785	-2963	-5842	-1436	-764	2203	
8804	-3066	-5758	-1415	-790	2208	
8822	-3169	-5673	-1392	-814	2212	
8841	-3272	-5587	-1372	-841	2216	
8855	-3373	-5501	-1352	-867	2217	
8869	-3476	-5414	-1329	-891	2221	
8883	-3578	-5325	-1308	-918	2224	
8893	-3677	-5236	-1286	-943	2227	
8904	-3777	-5146	-1263	-967	2231	
8914	-3877	-5055	-1240	-993	2232	
8921	-3976	-4964	-1218	-1017	2233	
8927	-4073	-4872	-1195	-1041	2235	
8930	-4171	-4779	-1172	-1066	2236	
8935	-4269	-4686	-1149	-1091	2237	
8937	-4365	-4592	-1125	-1114	2237	
8938	-4461	-4496	-1101	-1136	2238	
8937	-4555	-4400	-1079	-1162	2237	
8935	-4651	-4304	-1055	-1186	2235	
8931	-4744	-4207	-1029	-1208	2235	
8928	-4836	-4111	-1006	-1231	2234	
8922	-4929	-4011	-981	-1253	2232	
8914	-5020	-3912	-957	-1276	2231	
8905	-5111	-3814	-932	-1299	2228	
8895	-5201	-3713	-907	-1321	2225	
8884	-5291	-3613	-882	-1344	2222	
8872	-5378	-3511	-857	-1366	2220	
8858	-5466	-3409	-832	-1389	2215	
8842	-5552	-3307	-806	-1409	2210	
8826	-5638	-3205	-779	-1429	2206	
8809	-5723	-3101	-756	-1453	2201	
8789	-5807	-2997	-731	-1473	2197	
8768	-5891	-2894	-703	-1492	2192	
8744	-5973	-2789	-678	-1513	2187	
8722	-6054	-2684	-652	-1534	2181	
8698	-6135	-2579	-626	-1554	2174	
8672	-6215	-2472	-600	-1573	2168	
8645	-6292	-2365	-573	-1593	2160	
8614	-6371	-2259	-547	-1612	2154	
8585	-6448	-2152	-522	-1631	2147	
8555	-6523	-2045	-495	-1651	2138	
8522	-6599	-1937	-467	-1668	2130	
8490	-6672	-1831	-440	-1687	2121	
8456	-6745	-1724	-416	-1707	2111	
8418	-6817	-1614	-387	-1723	2103	
8381	-6888	-1507	-361	-1740	2094	
8342	-6957	-1397	-334	-1758	2084	
8302	-7026	-1287	-307	-1774	2073	
8261	-7093	-1179	-281	-1791	2063	
8218	-7160	-1070	-254	-1808	2052	
8175	-7226	-961	-227	-1825	2040	
8130	-7290	-850	-200	-1839	2030	
8082	-7353	-740	-174	-1856	2018	
8036	-7415	-630	-148	-1872	2005	
7987	-7477	-521	-120	-1884	1994	
7936	-7537	-410	-94	-1899	1981	
7887	-7595	-300	-70	-1915	1967	
7833	-7653	-191	-44	-1930	1955	
7780	-7710	-81	-17	-1944	1941	
7726	-7764	29	7	-1957	1927	
7669	-7819	139	33	-1970	1913	
7613	-7872	250	61	-1983	1898	
7554	-7923	359	91	-1996	1884	
7495	-7974	469	124	-2008	1869	
7436	-8023	579	159	-2020	1855	
7374	-8073	689	189	-2034	1839	
7311	-8119	799	215	-2045	1822	
7247	-8165	908	241	-2054	1808	
7182	-8209	1018	264	-2066	1791	
7118	-8252	1128	289	-2077	1773	
7051	-8294	1236	319	-2087	1756	
6981	-8335	1346	347	-2098	1739	
6912	-8375	1455	373	-2107	1723	
6843	-8413	1563	401	-2116	1705	
6772	-8449	1670	427	-2126	1688	
6699	-8485	1779	454	-2134	1669	
6626	-8520	1888	482	-2142	1650	
6552	-8554	1995	507	-2150	1632	
6477	-8585	2104	533	-2159	1613	
6402	-8616	2211	561	-2166	1593	
6324	-8646	2317	588	-2172	1574	
6246	-8673	2424	612	-2180	1554	
6167	-8699	2529	638	-2188	1534	
6087	-8724	2635	666	-2192	1515	
6007	-8749	2739	691	-2198	1495	
5925	-8772	2844	718	-2204	1474	
5843	-8793	2949	744	-2209	1453	
5759	-8813	3051	769	-2214	1432	
5674	-8832	3155	795	-2218	1411	
5589	-8849	3259	820	-2221	1389	
5504	-8865	3361	846	-2225	1367	
5416	-8880	3463	870	-2230	1345	
5328	-8894	3564	896	-2232	1324	
5240	-8906	3665	922	-2234	1302	
5150	-8916	3766	945	-2237	1279	
5059	-8925	3866	970	-2241	1257	
4969	-8933	3965	995	-2242	1235	
4877	-8940	4063	1019	-2243	1211	
4785	-8946	4161	1044	-2244	1188	
4692	-8950	4259	1068	-2244	1165	
4599	-8951	4355	1092	-2245	1142	
4504	-8953	4452	1115	-2246	1117	
4408	-8953	4546	1138	-2245	1093	
4312	-8952	4640	1161	-2244	1070	
4217	-8949	4735	1184	-2245	1045	
4120	-8944	4828	1208	-2243	1021	
4022	-8939	4921	1231	-2240	997	
3924	-8932	5013	1253	-2239	971	
3824	-8925	5104	1275	-2237	947	
3726	-8915	5194	1299	-2233	924	
3626	-8904	5284	1321	-2231	898	
3525	-8892	5373	1342	-2228	872	
3424	-8878	5459	1365	-2225	847	
3322	-8863	5547	1385	-2220	822	
3220	-8847	5634	1406	-2216	797	
3118	-8829	5719	1429	-2211	771	
3014	-8811	5803	1449	-2207	744	
2910	-8790	5887	1469	-2201	719	
2805	-8769	5970	1490	-2194	694	
2701	-8746	6051	1511	-2189	666	
2597	-8722	6133	1529	-2184	639	
2491	-8696	6213	1550	-2177	615	
2385	-8670	6292	1569	-2171	589	
2279	-8641	6371	1588	-2163	563	
2173	-8612	6447	1608	-2155	536	
2065	-8582	6523	1626	-2148	509	
1958	-8549	6598	1644	-2138	483	
1852	-8516	6673	1662	-2130	456	
1745	-8481	6746	1681	-2121	430	
1637	-8446	6819	1697	-2113	403	
1529	-8409	6890	1716	-2104	375	
1420	-8370	6960	1735	-2092	349	
1312	-8331	7029	1750	-2084	321	
1202	-8288	7096	1766	-2075	293	
1093	-8246	7164	1785	-2063	269	
985	-8204	7230	1801	-2051	242	
875	-8159	7295	1816	-2040	216	
766	-8113	7358	1832	-2028	190	
657	-8067	7420	1847	-2015	163	
548	-8018	7483	1862	-2005	137	
438	-7968	7543	1877	-1992	111	
328	-7916	7602	1892	-1978	87	
217	-7865	7660	1905	-1965	62	
109	-7812	7717	1920	-1952	38	
-2	-7758	7773	1934	-1937	13	
-112	-7703	7828	1946	-1924	-17	
-221	-7646	7881	1957	-1910	-49	
-332	-7588	7933	1972	-1894	-89	
-442	-7529	7984	1984	-1880	-133	
-552	-7469	8035	1995	-1865	-165	
-662	-7409	8083	2008	-1850	-184	
-771	-7346	8130	2020	-1834	-199	
-881	-7282	8176	2032	-1818	-223	
-989	-7219	8221	2043	-1802	-253	
-1098	-7152	8265	2052	-1785	-283	
-1208	-7085	8308	2063	-1770	-313	
-1317	-7019	8348	2074	-1751	-338	
-1424	-6949	8389	2084	-1732	-365	
-1534	-6878	8428	2092	-1717	-393	
-1642	-6809	8465	2102	-1699	-419	
-1749	-6737	8502	2109	-1680	-444	
-1857	-6664	8536	2118	-1662	-471	
-1963	-6590	8570	2127	-1644	-499	
-2070	-6515	8603	2134	-1624	-525	
-2176	-6439	8633	2142	-1605	-552	
-2282	-6361	8662	2150	-1587	-579	
-2388	-6284	8691	2157	-1566	-605	
-2494	-6206	8718	2163	-1547	-631	
-2599	-6126	8744	2168	-1528	-658	
-2703	-6045	8768	2176	-1506	-684	
-2809	-5964	8791	2181	-1485	-710	
-2913	-5882	8814	2184	-1466	-736	
-3017	-5798	8834	2189	-1445	-761	
-3119	-5713	8853	2196	-1423	-788	
-3222	-5628	8871	2200	-1401	-814	
-3326	-5543	8887	2204	-1380	-838	
-3427	-5456	8903	2208	-1358	-862	
-3527	-5368	8916	2210	-1336	-889	
-3628	-5280	8929	2213	-1314	-915	
-3728	-5191	8941	2216	-1291	-939	
-3827	-5101	8950	2217	-1268	-964	
-3929	-5011	8959	2219	-1246	-989	
-4026	-4919	8965	2222	-1223	-1013	
-4123	-4826	8971	2222	-1199	-1038	
-4220	-4734	8976	2222	-1176	-1064	
-4318	-4641	8979	2223	-1152	-1085	
-4415	-4546	8980	2224	-1130	-1108	
-4510	-4450	8980	2224	-1106	-1134	
-4605	-4355	8980	2224	-1081	-1157	
-4698	-4259	8978	2223	-1058	-1181	
-4790	-4162	8974	2222	-1034	-1205	
-4884	-4063	8970	2221	-1008	-1226	
-4976	-3965	8963	2219	-983	-1249	
-5067	-3866	8955	2217	-960	-1272	
-5156	-3766	8946	2214	-935	-1295	
-5246	-3667	8935	2213	-908	-1316	
-5335	-3566	8924	2208	-883	-1339	
-5422	-3465	8910	2203	-859	-1362	
-5509	-3362	8895	2202	-833	-1382	
-5595	-3260	8880	2198	-808	-1403	
-5681	-3158	8863	2192	-783	-1425	
-5764	-3055	8843	2188	-757	-1446	
-5849	-2951	8824	2183	-731	-1467	
-5932	-2846	8804	2178	-704	-1487	
-6014	-2742	8781	2172	-678	-1507	
-6094	-2638	8756	2165	-652	-1528	
-6175	-2532	8731	2158	-626	-1547	
-6256	-2426	8706	2152	-598	-1567	
-6332	-2320	8678	2146	-571	-1588	
-6410	-2214	8649	2137	-546	-1606	
-6487	-2106	8618	2129	-519	-1625	
-6562	-1999	8586	2123	-493	-1643	
-6635	-1892	8553	2114	-467	-1662	
-6708	-1785	8520	2105	-439	-1680	
-6782	-1677	8484	2097	-411	-1697	
-6852	-1569	8446	2087	-386	-1715	
-6923	-1460	8408	2077	-359	-1733	
-6992	-1352	8369	2067	-331	-1749	
-7059	-1242	8329	2058	-305	-1766	
-7128	-1134	8288	2045	-278	-1785	
-7193	-1025	8245	2035	-252	-1800	
-7259	-915	8199	2025	-223	-1816	
-7324	-806	8154	2014	-196	-1833	
-7386	-697	8108	2001	-172	-1848	
-7448	-586	8059	1990	-144	-1863	
-7508	-476	8011	1977	-117	-1878	
-7569	-367	7961	1965	-91	-1892	
-7627	-258	7908	1952	-66	-1906	
-7684	-147	7856	1938	-41	-1921	
-7739	-37	7801	1924	-16	-1935	
-7794	72	7746	1911	10	-1949	
-7848	183	7690	1897	37	-1962	
-7901	292	7633	1881	64	-1976	
-7953	402	7574	1868	98	-1987	
-8001	513	7513	1854	134	-1999	
-8051	623	7453	1837	168	-2012	
-8098	732	7391	1821	197	-2023	
-8143	841	7327	1806	222	-2035	
-8189	951	7264	1790	246	-2046	
-8233	1061	7198	1773	269	-2057	
-8276	1170	7132	1757	297	-2068	
-8318	1279	7064	1740	326	-2077	
-8359	1388	6996	1723	355	-2087	
-8397	1497	6925	1706	381	-2097	
-8435	1604	6855	1688	408	-2106	
-8472	1712	6784	1669	435	-2116	
-8506	1821	6711	1652	462	-2124	
-8541	1928	6638	1634	490	-2132	
-8573	2036	6562	1614	516	-2141	
-8606	2143	6488	1595	542	-2147	
-8635	2249	6411	1577	569	-2155	
-8663	2356	6333	1557	595	-2162	
-8692	2461	6255	1537	622	-2168	
-8717	2567	6174	1517	648	-2175	
-8742	2672	6093	1497	674	-2180	
-8766	2777	6012	1478	702	-2186	
-8786	2882	5930	1458	729	-2192	
-8808	2986	5847	1436	752	-2197	
-8830	3089	5763	1414	778	-2202	
-8845	3192	5678	1394	806	-2206	
-8864	3295	5593	1373	831	-2211	
-8880	3398	5506	1351	855	-2214	
-8893	3499	5419	1330	881	-2217	
-8906	3600	5330	1308	907	-2220	
-8918	3701	5241	1285	931	-2223	
-8928	3800	5151	1263	957	-2224	
-8936	3899	5061	1241	981	-2226	
-8944	3999	4969	1219	1005	-2229	
-8950	4097	4878	1196	1029	-2230	
-8956	4193	4785	1173	1055	-2230	
-8960	4291	4691	1148	1078	-2232	
-8960	4387	4597	1124	1102	-2232	
-8962	4483	4501	1102	1128	-2232	
-8962	4578	4406	1077	1151	-2232	
-8959	4673	4310	1053	1173	-2232	
-8956	4766	4212	1030	1197	-2230	
-8951	4859	4115	1006	1220	-2228	
-8945	4951	4016	981	1243	-2227	
-8938	5043	3918	956	1266	-2225	
-8929	5134	3819	932	1288	-2222	
-8918	5224	3717	907	1310	-2220	
-8907	5312	3617	883	1331	-2217	
-8894	5400	3516	857	1355	-2213	
-8881	5488	3415	831	1376	-2210	
-8867	5576	3313	807	1398	-2205	
-8849	5660	3210	782	1420	-2201	
-8831	5745	3106	755	1440	-2197	
-8812	5830	3003	729	1461	-2191	
-8791	5912	2900	704	1482	-2186	
-8770	5995	2795	679	1501	-2180	
-8746	6077	2690	652	1523	-2175	
-8722	6156	2585	627	1543	-2169	
-8696	6236	2479	601	1563	-2161	
-8669	6316	2373	574	1582	-2154	
-8640	6393	2266	548	1601	-2147	
-8609	6469	2159	521	1620	-2139	
-8578	6546	2052	494	1638	-2132	
-8546	6621	1943	468	1658	-2124	
-8513	6694	1836	443	1677	-2115	
-8478	6767	1728	415	1693	-2107	
-8441	6839	1620	388	1711	-2098	
-8404	6909	1511	362	1729	-2087	
-8365	6979	1403	335	1747	-2078	
-8324	7049	1294	308	1763	-2068	
-8282	7116	1184	283	1780	-2058	
-8240	7182	1075	257	1797	-2046	
-8197	7248	966	230	1813	-2035	
-8153	7313	856	203	1830	-2024	
-8107	7376	747	176	1844	-2012	
-8059	7436	637	150	1859	-2001	
-8010	7498	527	125	1875	-1987	
-7960	7559	416	100	1891	-1975	
-7909	7618	307	73	1904	-1962	
-7856	7675	197	48	1917	-1949	
-7802	7731	86	21	1931	-1935	
-7749	7786	-24	-8	1945	-1921	
-7693	7840	-134	-39	1959	-1908	
-7636	7892	-243	-74	1972	-1894	
-7578	7946	-354	-109	1985	-1879	
-7518	7995	-464	-139	1997	-1865	
-7458	8045	-573	-161	2010	-1848	
-7395	8094	-684	-186	2021	-1833	
-7333	8140	-794	-210	2032	-1817	
-7271	8186	-903	-237	2046	-1802	
-7206	8230	-1012	-266	2056	-1786	
-7139	8274	-1122	-293	2064	-1768	
-7072	8316	-1231	-321	2075	-1752	
-7006	8357	-1340	-347	2086	-1734	
-6937	8396	-1448	-374	2095	-1716	
-6866	8434	-1557	-401	2104	-1700	
-6795	8471	-1666	-427	2115	-1681	
-6723	8506	-1773	-455	2124	-1662	
-6650	8542	-1881	-482	2131	-1645	
-6576	8575	-1987	-508	2140	-1626	
-6499	8607	-2095	-536	2146	-1607	
-6424	8637	-2203	-562	2154	-1588	
-6348	8665	-2310	-587	2163	-1568	
-6267	8694	-2416	-614	2169	-1548	
-6189	8721	-2522	-640	2175	-1529	
-6110	8746	-2628	-666	2181	-1509	
-6028	8771	-2733	-691	2187	-1488	
-5947	8793	-2838	-718	2193	-1468	
-5864	8814	-2942	-744	2198	-1447	
-5780	8834	-3045	-769	2203	-1426	
-5696	8853	-3149	-796	2208	-1406	
-5611	8871	-3252	-822	2211	-1384	
-5526	8886	-3355	-846	2215	-1362	
-5438	8902	-3457	-872	2218	-1341	
-5350	8915	-3557	-896	2222	-1319	
-5262	8926	-3659	-921	2225	-1297	
-5172	8937	-3759	-947	2225	-1274	
-5083	8947	-3858	-972	2227	-1253	
-4993	8954	-3959	-997	2228	-1231	
-4901	8961	-4057	-1019	2231	-1205	
-4809	8967	-4155	-1044	2234	-1182	
-4716	8970	-4252	-1068	2234	-1160	
-4621	8973	-4348	-1090	2234	-1136	
-4527	8973	-4445	-1115	2234	-1112	
-4432	8973	-4540	-1138	2235	-1087	
-4335	8973	-4635	-1162	2234	-1063	
-4239	8970	-4729	-1187	2233	-1040	
-4143	8965	-4822	-1208	2232	-1016	
-4044	8960	-4914	-1231	2231	-991	
-3944	8954	-5007	-1254	2229	-965	
-3845	8946	-5098	-1277	2226	-941	
-3747	8936	-5188	-1299	2222	-918	
-3648	8925	-5277	-1320	2220	-891	
-3547	8912	-5365	-1343	2216	-866	
-3447	8899	-5454	-1365	2213	-842	
-3345	8884	-5541	-1385	2211	-815	
-3243	8868	-5626	-1407	2205	-790	
-3139	8850	-5712	-1429	2200	-764	
-3035	8831	-5797	-1450	2195	-739	
-2932	8811	-5881	-1471	2190	-714	
-2827	8789	-5964	-1491	2186	-687	
-2723	8767	-6045	-1510	2180	-661	
-2617	8743	-6126	-1529	2172	-635	
-2512	8717	-6207	-1550	2166	-608	
-2406	8690	-6286	-1570	2159	-582	
-2300	8661	-6364	-1589	2152	-556	
-2194	8632	-6441	-1608	2145	-530	
-2087	8603	-6517	-1627	2137	-503	
-1980	8569	-6593	-1645	2128	-477	
-1874	8537	-6666	-1663	2120	-449	
-1769	8503	-6740	-1681	2111	-421	
-1661	8466	-6813	-1699	2102	-395	
-1553	8429	-6883	-1716	2093	-368	
-1445	8390	-6954	-1733	2084	-341	
-1335	8351	-7024	-1750	2074	-315	
-1227	8311	-7091	-1767	2063	-288	
-1118	8268	-7158	-1784	2052	-262	
-1008	8224	-7224	-1800	2041	-235	
-898	8179	-7289	-1815	2029	-208	
-789	8134	-7352	-1832	2017	-182	
-680	8086	-7415	-1847	2004	-154	
-569	8038	-7477	-1862	1993	-128	
-460	7989	-7537	-1877	1981	-104	
-349	7937	-7596	-1891	1967	-78	
-240	7885	-7654	-1906	1955	-52	
-130	7833	-7711	-1920	1942	-27	
-21	7779	-7767	-1932	1928	-4	
88	7723	-7821	-1945	1914	22	
201	7667	-7875	-1959	1899	49	
308	7610	-7927	-1973	1884	79	
417	7550	-7978	-1985	1869	117	
527	7490	-8028	-1996	1854	157	
636	7428	-8077	-2008	1839	192	
747	7366	-8124	-2021	1823	217	
855	7303	-8170	-2032	1807	237	
965	7238	-8216	-2041	1790	257	
1073	7173	-8260	-2053	1775	283	
1182	7106	-8302	-2063	1757	312	
1293	7039	-8343	-2073	1740	341	
1402	6969	-8382	-2084	1724	370	
1511	6899	-8422	-2091	1706	398	
1619	6829	-8460	-2101	1688	424	
1726	6757	-8495	-2111	1669	450	
1836	6685	-8532	-2120	1650	478	
1943	6609	-8564	-2128	1633	504	
2049	6534	-8596	-2136	1614	531	
2156	6458	-8627	-2143	1595	557	
2261	6382	-8656	-2149	1576	584	
2368	6305	-8686	-2157	1555	610	
2473	6225	-8712	-2163	1537	636	
2577	6146	-8738	-2168	1516	663	
2684	6065	-8763	-2175	1496	689	
2788	5984	-8786	-2180	1476	716	
2891	5902	-8808	-2184	1455	742	
2995	5818	-8828	-2190	1433	768	
3098	5734	-8847	-2195	1411	793	
3202	5650	-8866	-2200	1390	819	
3303	5562	-8883	-2203	1369	845	
3404	5476	-8897	-2207	1346	869	
3505	5389	-8911	-2211	1325	895	
3606	5300	-8924	-2214	1304	920	
3708	5211	-8935	-2216	1280	943	
3808	5122	-8944	-2218	1258	970	
3905	5030	-8953	-2219	1235	995	
4004	4939	-8961	-2221	1213	1018	
4103	4847	-8965	-2222	1190	1043	
4199	4753	-8971	-2223	1167	1068	
4297	4660	-8973	-2226	1142	1091	
4392	4565	-8975	-2226	1117	1115	
4486	4471	-8975	-2224	1095	1139	
4581	4375	-8974	-2224	1070	1162	
4676	4278	-8973	-2224	1045	1186	
4770	4182	-8969	-2222	1021	1209	
4861	4084	-8963	-2221	998	1232	
4953	3985	-8957	-2219	973	1256	
5044	3886	-8949	-2215	948	1277	
5135	3786	-8940	-2214	924	1300	
5225	3687	-8929	-2212	899	1322	
5312	3586	-8917	-2206	874	1345	
5400	3485	-8905	-2203	849	1368	
5488	3384	-8890	-2200	823	1387	
5574	3281	-8873	-2197	797	1409	
5661	3178	-8858	-2192	772	1431	
5745	3076	-8839	-2187	745	1451	
5827	2972	-8819	-2183	720	1472	
5911	2868	-8798	-2178	694	1493	
5993	2763	-8775	-2171	668	1512	
6075	2658	-8750	-2165	642	1533	
6153	2554	-8725	-2159	616	1554	
6232	2448	-8699	-2151	590	1573	
6311	2342	-8671	-2144	563	1592	
6388	2235	-8643	-2135	538	1611	
6465	2128	-8612	-2127	510	1631	
6539	2022	-8580	-2122	482	1649	
6612	1914	-8547	-2114	456	1667	
6686	1806	-8513	-2105	429	1685	
6759	1699	-8478	-2095	403	1703	
6831	1590	-8441	-2086	376	1721	
6900	1482	-8403	-2078	349	1739	
6970	1374	-8363	-2067	322	1756	
7040	1264	-8324	-2056	295	1773	
7107	1156	-8281	-2045	270	1790	
7173	1045	-8237	-2034	243	1806	
7237	936	-8193	-2024	217	1821	
7300	827	-8148	-2010	191	1838	
7363	717	-8102	-2000	164	1854	
7426	607	-8054	-1990	136	1868	
7487	497	-8004	-1977	110	1883	
7545	388	-7955	-1965	86	1899	
7604	277	-7903	-1952	60	1913	
7662	168	-7849	-1938	34	1927	
7716	58	-7795	-1924	8	1941	
7770	-52	-7738	-1911	-22	1954	
7826	-162	-7683	-1896	-56	1967	
7879	-273	-7627	-1881	-92	1981	
7928	-382	-7568	-1867	-127	1993	
7979	-493	-7508	-1852	-157	2005	
8028	-603	-7447	-1835	-178	2018	
8075	-712	-7384	-1821	-201	2029	
8121	-821	-7321	-1806	-227	2040	
8168	-930	-7257	-1790	-255	2052	
8212	-1040	-7191	-1774	-284	2062	
8254	-1149	-7125	-1757	-312	2072	
8295	-1257	-7058	-1740	-338	2082	
8337	-1366	-6989	-1722	-365	2092	
8376	-1475	-6920	-1706	-393	2102	
8412	-1582	-6848	-1687	-420	2111	
8450	-1692	-6777	-1668	-446	2121	
8486	-1800	-6706	-1652	-473	2129	
8518	-1907	-6631	-1633	-499	2137	
8550	-2013	-6557	-1612	-526	2148	
8581	-2120	-6481	-1595	-553	2154	
8611	-2228	-6404	-1576	-581	2160	
8640	-2333	-6326	-1556	-607	2168	
8668	-2439	-6248	-1537	-633	2175	
8694	-2545	-6169	-1518	-660	2180	
8718	-2649	-6087	-1497	-686	2186	
8742	-2755	-6006	-1477	-713	2193	
8764	-2860	-5923	-1457	-738	2198	
8787	-2964	-5840	-1435	-764	2203	
8805	-3066	-5757	-1415	-790	2207	
8822	-3170	-5672	-1394	-815	2211	
8841	-3273	-5587	-1371	-840	2215	
8856	-3375	-5500	-1349	-865	2220	
8870	-3477	-5412	-1330	-893	2223	
8883	-3578	-5324	-1308	-918	2226	
8894	-3678	-5234	-1286	-942	2228	
8905	-3779	-5147	-1263	-967	2230	
8915	-3878	-5055	-1240	-992	2232	
8922	-3978	-4963	-1218	-1018	2233	
8927	-4075	-4871	-1195	-1042	2236	
8932	-4172	-4778	-1172	-1066	2236	
8935	-4270	-4685	-1148	-1090	2238	
8938	-4366	-4590	-1124	-1113	2238	
8937	-4462	-4496	-1100	-1138	2238	
8937	-4556	-4400	-1077	-1161	2238	
8936	-4651	-4304	-1052	-1184	2237	
8931	-4745	-4206	-1029	-1208	2236	
8927	-4837	-4108	-1006	-1232	2234	
8921	-4930	-4010	-981	-1255	2233	
8914	-5022	-3912	-957	-1277	2230	
8905	-5112	-3812	-932	-1300	2228	
8895	-5202	-3712	-906	-1322	2225	
8884	-5291	-3611	-882	-1344	2221	
8872	-5380	-3510	-857	-1366	2219	
8859	-5467	-3408	-830	-1387	2216	
8843	-5554	-3305	-806	-1409	2211	
8826	-5640	-3202	-781	-1430	2206	
8808	-5723	-3100	-754	-1451	2203	
8789	-5808	-2996	-729	-1471	2198	
8768	-5892	-2892	-703	-1494	2191	
8745	-5974	-2787	-677	-1514	2186	
8722	-6055	-2682	-652	-1533	2181	
8699	-6136	-2578	-625	-1554	2175	
8673	-6216	-2472	-599	-1574	2168	
8645	-6294	-2365	-573	-1593	2160	
8616	-6371	-2257	-547	-1612	2152	
8585	-6448	-2151	-520	-1631	2145	
8555	-6524	-2044	-492	-1649	2139	
8523	-6599	-1935	-466	-1668	2130	
8490	-6673	-1828	-439	-1686	2121	
8454	-6746	-1721	-413	-1704	2113	
8417	-6818	-1613	-388	-1723	2103	
8381	-6888	-1505	-361	-1740	2093	
8342	-6957	-1396	-334	-1757	2083	
8301	-7027	-1287	-307	-1774	2073	
8260	-7094	-1177	-280	-1791	2063	
8217	-7160	-1068	-254	-1807	2052	
8174	-7227	-959	-226	-1823	2042	
8129	-7290	-848	-201	-1840	2029	
8082	-7354	-739	-173	-1856	2018	
8036	-7416	-630	-146	-1870	2006	
7986	-7477	-519	-120	-1884	1993	
7935	-7536	-409	-94	-1899	1980	
7886	-7595	-299	-68	-1915	1968	
7833	-7654	-189	-42	-1929	1956	
7779	-7710	-79	-17	-1944	1940	
7724	-7766	31	8	-1957	1927	
7669	-7819	141	34	-1970	1914	
7613	-7871	252	62	-1984	1898	
7553	-7924	361	93	-1996	1884	
7494	-7974	471	126	-2008	1870	
7435	-8025	582	158	-2021	1855	
7374	-8073	691	190	-2032	1840	
7310	-8119	800	217	-2044	1823	
7245	-8165	910	240	-2055	1806	
7181	-8209	1020	265	-2066	1790	
7116	-8253	1130	292	-2077	1774	
7051	-8295	1238	319	-2087	1757	
6982	-8335	1347	347	-2097	1740	
6913	-8375	1456	374	-2107	1722	
6842	-8413	1565	401	-2117	1705	
6771	-8451	1672	427	-2126	1686	
6701	-8486	1782	454	-2133	1668	
6627	-8520	1889	482	-2143	1650	
6551	-8554	1997	508	-2152	1631	
6476	-8586	2105	535	-2157	1614	
6401	-8616	2212	562	-2165	1594	
6323	-8645	2318	588	-2172	1574	
6246	-8674	2424	615	-2177	1555	
6166	-8700	2531	641	-2185	1535	
6085	-8726	2637	665	-2192	1514	
6005	-8750	2741	692	-2198	1494	
5923	-8772	2845	719	-2203	1474	
5841	-8794	2950	744	-2208	1452	
5757	-8813	3053	769	-2214	1431	
5673	-8831	3156	795	-2218	1412	
5587	-8850	3259	821	-2222	1390	
5502	-8866	3361	845	-2226	1367	
5416	-8881	3464	871	-2230	1346	
5327	-8894	3566	897	-2232	1324	
5239	-8906	3666	922	-2234	1302	
5150	-8917	3767	948	-2236	1281	
5060	-8926	3866	972	-2239	1258	
4969	-8934	3966	996	-2242	1234	
4877	-8941	4065	1020	-2243	1211	
4785	-8946	4162	1042	-2244	1188	
4692	-8949	4260	1068	-2245	1164	
4598	-8951	4356	1092	-2245	1141	
4503	-8953	4452	1114	-2245	1118	
4407	-8953	4548	1140	-2245	1093	
4311	-8952	4643	1163	-2245	1070	
4216	-8950	4737	1187	-2243	1047	
4119	-8946	4829	1209	-2242	1021	
4021	-8940	4922	1231	-2240	996	
3923	-8933	5014	1256	-2238	972	
3822	-8924	5105	1277	-2236	948	
3724	-8915	5195	1298	-2234	923	
3624	-8904	5285	1320	-2231	898	
3523	-8892	5374	1343	-2227	873	
3423	-8878	5461	1365	-2224	847	
3320	-8864	5549	1386	-2220	823	
3218	-8847	5635	1408	-2216	797	
3115	-8830	5720	1429	-2212	770	
3012	-8810	5805	1450	-2206	745	
2909	-8789	5888	1471	-2200	720	
2804	-8768	5970	1490	-2195	693	
2699	-8745	6052	1510	-2189	667	
2595	-8722	6134	1530	-2182	640	
2489	-8697	6214	1550	-2176	614	
2383	-8669	6293	1569	-2171	589	
2278	-8640	6371	1588	-2164	561	
2171	-8611	6448	1608	-2156	536	
2064	-8581	6525	1626	-2148	509	
1959	-8549	6600	1644	-2139	482	
1851	-8516	6673	1663	-2130	456	
1742	-8481	6748	1681	-2122	428	
1636	-8446	6819	1701	-2112	403	
1528	-8408	6890	1717	-2103	376	
1418	-8369	6960	1734	-2093	348	
1310	-8330	7030	1751	-2083	323	
1201	-8289	7098	1768	-2073	295	
1092	-8247	7164	1783	-2062	268	
983	-8204	7231	1799	-2052	241	
873	-8158	7295	1816	-2040	215	
765	-8112	7359	1831	-2028	189	
655	-8065	7422	1847	-2016	162	
545	-8017	7484	1862	-2003	137	
436	-7967	7544	1877	-1991	112	
325	-7916	7603	1891	-1977	86	
216	-7864	7661	1907	-1965	63	
108	-7812	7718	1920	-1950	38	
-5	-7757	7773	1933	-1936	11	
-113	-7701	7827	1948	-1923	-14	
-223	-7646	7882	1961	-1909	-47	
-334	-7588	7934	1972	-1895	-90	
-443	-7529	7985	1984	-1880	-133	
-553	-7469	8036	1997	-1865	-166	
-663	-7407	8084	2009	-1849	-184	
-773	-7344	8131	2021	-1833	-200	
-883	-7282	8176	2033	-1817	-221	
