-1058	-7177	8250	2049	-1792	-271	
-1167	-7112	8293	2058	-1775	-301	
-1275	-7043	8334	2069	-1757	-328	
-1386	-6974	8373	2080	-1739	-354	
-1492	-6905	8412	2090	-1721	-380	
-1601	-6835	8451	2098	-1705	-408	
-1710	-6764	8488	2107	-1687	-436	
-1817	-6692	8524	2118	-1669	-461	
-1924	-6617	8558	2124	-1651	-489	
-2030	-6542	8590	2132	-1630	-515	
-2137	-6468	8622	2140	-1612	-542	
-2242	-6391	8652	2146	-1592	-569	
-2349	-6314	8681	2154	-1573	-594	
-2454	-6235	8708	2161	-1555	-622	
-2558	-6156	8734	2166	-1534	-648	
-2665	-6075	8759	2174	-1513	-673	
-2768	-5994	8783	2179	-1493	-700	
-2873	-5913	8806	2183	-1471	-726	
-2979	-5829	8826	2188	-1451	-752	
-3081	-5745	8846	2194	-1430	-778	
-3183	-5661	8865	2198	-1409	-803	
-3286	-5575	8882	2201	-1388	-830	
-3388	-5488	8898	2206	-1366	-854	
-3490	-5401	8911	2210	-1343	-879	
-3590	-5312	8924	2213	-1322	-905	
-3691	-5224	8937	2217	-1299	-930	
-3792	-5135	8947	2217	-1277	-955	
-3890	-5045	8955	2219	-1254	-980	
-3990	-4954	8963	2222	-1230	-1006	
-4087	-4861	8969	2222	-1208	-1029	
-4183	-4769	8974	2223	-1185	-1052	
-4282	-4675	8979	2224	-1162	-1078	
-4378	-4582	8981	2223	-1139	-1102	
-4473	-4487	8981	2224	-1115	-1125	
-4568	-4391	8980	2224	-1090	-1148	
-4663	-4295	8979	2223	-1065	-1171	
-4756	-4198	8976	2223	-1042	-1195	
-4849	-4101	8971	2222	-1017	-1218	
-4941	-4002	8965	2220	-992	-1240	
-5032	-3903	8958	2217	-969	-1263	
-5123	-3804	8949	2215	-943	-1286	
-5212	-3703	8939	2213	-917	-1309	
-5300	-3603	8927	2209	-892	-1331	
-5389	-3502	8915	2206	-866	-1353	
-5477	-3401	8901	2202	-843	-1375	
-5564	-3299	8886	2199	-817	-1395	
-5650	-3197	8869	2194	-791	-1417	
-5734	-3093	8851	2189	-766	-1438	
-5818	-2990	8832	2185	-740	-1459	
-5901	-2886	8811	2179	-714	-1480	
-5983	-2781	8789	2173	-687	-1500	
-6066	-2677	8766	2169	-660	-1520	
-6146	-2572	8741	2162	-635	-1540	
-6224	-2465	8715	2155	-609	-1561	
-6304	-2360	8688	2149	-581	-1580	
-6380	-2254	8658	2141	-555	-1597	
-6456	-2146	8629	2133	-529	-1618	
-6534	-2040	8599	2124	-502	-1637	
-6608	-1933	8566	2117	-476	-1656	
-6681	-1825	8532	2108	-449	-1674	
-6753	-1719	8497	2099	-423	-1692	
-6825	-1610	8461	2091	-396	-1710	
-6896	-1501	8423	2080	-368	-1727	
-6967	-1393	8384	2070	-342	-1744	
-7034	-1284	8344	2060	-315	-1760	
-7103	-1176	8303	2050	-288	-1778	
-7171	-1066	8261	2041	-261	-1794	
-7235	-957	8216	2029	-233	-1809	
-7299	-848	8171	2019	-206	-1826	
-7362	-737	8125	2005	-181	-1842	
-7424	-628	8077	1993	-154	-1858	
-7486	-519	8029	1983	-128	-1872	
-7547	-408	7980	1969	-101	-1887	
-7606	-298	7928	1956	-75	-1902	
-7662	-188	7875	1944	-49	-1915	
-7718	-78	7822	1930	-24	-1930	
-7773	32	7767	1915	0	-1944	
-7827	142	7711	1902	27	-1956	
-7879	252	7653	1888	54	-1970	
-7932	361	7595	1873	85	-1983	
-7983	471	7537	1858	121	-1996	
-8032	581	7476	1844	156	-2007	
-8080	691	7414	1827	188	-2019	
-8126	801	7351	1812	214	-2031	
-8173	911	7287	1797	238	-2041	
-8218	1020	7223	1780	261	-2053	
-8260	1129	7158	1764	285	-2064	
-8303	1238	7089	1746	314	-2074	
-8342	1347	7021	1730	344	-2082	
-8383	1456	6952	1712	371	-2092	
-8422	1564	6882	1693	398	-2104	
-8458	1673	6811	1676	425	-2111	
-8494	1781	6738	1659	453	-2121	
-8527	1888	6665	1643	480	-2129	
-8562	1995	6590	1623	507	-2136	
-8594	2102	6514	1603	533	-2144	
-8624	2209	6439	1584	559	-2151	
-8653	2316	6362	1565	586	-2160	
-8680	2422	6283	1546	612	-2166	
-8708	2527	6204	1526	639	-2172	
-8734	2633	6124	1506	665	-2178	
-8756	2737	6043	1485	692	-2184	
-8779	2843	5962	1466	718	-2190	
-8801	2946	5879	1444	744	-2195	
-8821	3050	5795	1423	770	-2200	
-8839	3153	5711	1403	795	-2204	
-8858	3256	5625	1382	822	-2208	
-8874	3359	5539	1361	847	-2210	
-8887	3460	5450	1337	870	-2216	
-8902	3562	5362	1315	897	-2219	
-8914	3662	5274	1294	922	-2220	
-8925	3762	5185	1272	947	-2225	
-8935	3862	5095	1249	971	-2227	
-8941	3961	5003	1226	996	-2228	
-8949	4060	4911	1203	1021	-2230	
-8953	4157	4820	1180	1045	-2230	
-8957	4254	4725	1157	1069	-2231	
-8961	4351	4632	1135	1094	-2231	
-8961	4447	4537	1111	1118	-2233	
-8961	4542	4441	1087	1142	-2231	
-8960	4637	4345	1063	1166	-2230	
-8957	4732	4249	1038	1187	-2231	
-8953	4824	4152	1014	1211	-2230	
-8947	4917	4054	990	1234	-2228	
-8940	5009	3955	965	1257	-2226	
-8932	5099	3856	941	1280	-2224	
-8923	5190	3756	917	1302	-2220	
-8912	5279	3655	891	1324	-2218	
-8901	5367	3555	867	1346	-2214	
-8886	5455	3452	843	1370	-2209	
-8870	5543	3350	816	1392	-2207	
-8856	5629	3249	791	1412	-2203	
-8838	5714	3145	767	1434	-2197	
-8819	5798	3042	740	1454	-2193	
-8798	5882	2938	714	1474	-2188	
-8777	5965	2834	688	1495	-2182	
-8754	6046	2730	663	1515	-2177	
-8730	6126	2625	637	1535	-2171	
-8705	6207	2520	611	1555	-2163	
-8678	6287	2414	584	1575	-2156	
-8650	6364	2307	558	1594	-2150	
-8621	6441	2200	532	1613	-2142	
-8591	6518	2092	506	1632	-2133	
-8559	6593	1984	479	1651	-2126	
-8524	6667	1876	453	1670	-2118	
-8490	6740	1768	427	1689	-2108	
-8455	6812	1661	399	1706	-2100	
-8419	6884	1553	372	1722	-2092	
-8380	6953	1443	346	1741	-2082	
-8340	7022	1334	319	1757	-2072	
-8301	7090	1225	293	1773	-2062	
-8258	7157	1117	266	1791	-2050	
-8215	7223	1007	240	1807	-2040	
-8169	7288	897	213	1823	-2029	
-8123	7351	787	188	1839	-2015	
-8075	7414	677	162	1854	-2003	
-8027	7475	568	135	1870	-1992	
-7979	7536	459	109	1885	-1979	
-7928	7596	349	84	1899	-1966	
-7875	7653	238	58	1914	-1954	
-7823	7710	129	30	1927	-1941	
-7769	7766	19	3	1940	-1928	
-7714	7819	-92	-28	1952	-1915	
-7657	7874	-203	-63	1966	-1900	
-7599	7927	-313	-98	1981	-1885	
-7541	7978	-422	-128	1993	-1870	
-7481	8028	-533	-153	2005	-1854	
-7419	8076	-643	-175	2019	-1838	
-7358	8123	-753	-198	2030	-1823	
-7295	8168	-862	-227	2041	-1808	
-7229	8214	-971	-255	2052	-1790	
-7165	8258	-1080	-282	2063	-1773	
-7098	8301	-1189	-311	2072	-1758	
-7030	8342	-1298	-338	2082	-1740	
-6962	8381	-1409	-364	2092	-1723	
-6892	8420	-1517	-390	2101	-1706	
-6821	8457	-1625	-418	2111	-1689	
-6750	8493	-1733	-445	2120	-1670	
-6676	8528	-1841	-472	2128	-1651	
-6602	8563	-1948	-499	2135	-1633	
-6528	8595	-2055	-523	2145	-1614	
-6452	8626	-2162	-551	2152	-1596	
-6377	8656	-2269	-578	2160	-1577	
-6298	8684	-2376	-604	2167	-1555	
-6219	8711	-2482	-630	2174	-1535	
-6140	8737	-2588	-657	2179	-1517	
-6060	8760	-2694	-683	2184	-1496	
-5980	8784	-2798	-708	2190	-1476	
-5897	8807	-2903	-734	2196	-1454	
-5814	8827	-3006	-760	2201	-1434	
-5729	8846	-3110	-785	2206	-1413	
-5644	8864	-3214	-811	2210	-1393	
-5558	8880	-3317	-837	2213	-1371	
-5470	8895	-3418	-861	2218	-1348	
-5385	8909	-3520	-886	2221	-1327	
-5296	8921	-3621	-912	2224	-1305	
-5207	8933	-3720	-936	2227	-1281	
-5117	8943	-3821	-962	2228	-1259	
-5026	8951	-3921	-986	2229	-1237	
-4936	8959	-4020	-1011	2231	-1214	
-4844	8965	-4119	-1036	2234	-1191	
-4751	8969	-4215	-1058	2233	-1168	
-4656	8972	-4313	-1084	2234	-1144	
-4562	8973	-4408	-1106	2234	-1120	
-4468	8975	-4504	-1130	2234	-1097	
-4373	8974	-4599	-1154	2234	-1072	
-4276	8971	-4693	-1175	2233	-1049	
-4178	8967	-4787	-1200	2232	-1024	
-4081	8962	-4879	-1222	2231	-1000	
-3982	8956	-4972	-1244	2229	-975	
-3884	8948	-5064	-1268	2226	-951	
-3785	8940	-5154	-1290	2225	-927	
-3684	8930	-5245	-1312	2222	-901	
-3584	8917	-5333	-1334	2218	-876	
-3483	8903	-5420	-1356	2215	-851	
-3383	8889	-5509	-1378	2210	-825	
-3280	8874	-5596	-1399	2206	-799	
-3177	8857	-5680	-1421	2202	-775	
-3074	8838	-5765	-1441	2198	-748	
-2971	8819	-5851	-1461	2193	-722	
-2867	8798	-5933	-1483	2187	-697	
-2761	8775	-6014	-1503	2183	-670	
-2656	8752	-6096	-1522	2176	-643	
-2552	8728	-6176	-1543	2168	-618	
-2446	8700	-6256	-1562	2162	-592	
-2340	8672	-6334	-1581	2154	-565	
-2235	8643	-6412	-1601	2148	-539	
-2129	8613	-6489	-1619	2140	-513	
-2021	8582	-6564	-1637	2131	-487	
-1916	8549	-6639	-1656	2123	-460	
-1810	8515	-6712	-1675	2114	-432	
-1701	8479	-6785	-1691	2105	-405	
-1592	8442	-6857	-1709	2096	-379	
-1484	8405	-6927	-1728	2087	-353	
-1376	8366	-6996	-1743	2078	-325	
-1268	8326	-7064	-1760	2067	-298	
-1158	8283	-7132	-1777	2055	-272	
-1048	8240	-7199	-1794	2044	-246	
-939	8197	-7264	-1810	2034	-217	
-830	8151	-7328	-1826	2021	-191	
-720	8105	-7391	-1841	2009	-166	
-610	8056	-7453	-1856	1998	-138	
-500	8006	-7514	-1871	1985	-112	
-391	7957	-7574	-1886	1973	-87	
-283	7906	-7633	-1899	1960	-61	
-172	7853	-7690	-1914	1946	-38	
-62	7799	-7746	-1927	1933	-13	
47	7744	-7800	-1941	1919	12	
158	7688	-7855	-1955	1906	38	
266	7630	-7908	-1967	1890	67	
376	7572	-7960	-1979	1875	102	
486	7513	-8010	-1992	1860	142	
595	7452	-8059	-2003	1845	180	
705	7388	-8107	-2015	1830	208	
814	7327	-8152	-2026	1813	230	
924	7263	-8198	-2039	1797	249	
1033	7197	-8243	-2050	1780	273	
1141	7132	-8286	-2059	1765	302	
1252	7064	-8328	-2070	1748	332	
1360	6995	-8368	-2078	1730	361	
1469	6925	-8407	-2088	1712	387	
1578	6855	-8446	-2098	1695	414	
1685	6785	-8482	-2107	1677	439	
1792	6711	-8517	-2116	1657	467	
1901	6638	-8552	-2124	1640	494	
2007	6563	-8584	-2132	1621	520	
2113	6487	-8615	-2140	1602	547	
2221	6412	-8646	-2148	1583	574	
2327	6333	-8675	-2154	1563	601	
2433	6256	-8702	-2160	1543	627	
2537	6176	-8728	-2166	1524	654	
2641	6096	-8753	-2172	1503	679	
2748	6016	-8777	-2179	1483	706	
2852	5933	-8799	-2183	1462	731	
2957	5850	-8821	-2188	1441	758	
3060	5766	-8841	-2193	1419	783	
3163	5680	-8860	-2198	1398	808	
3266	5596	-8876	-2202	1378	836	
3368	5509	-8892	-2205	1356	860	
3470	5422	-8907	-2209	1333	884	
3569	5334	-8919	-2212	1311	911	
3671	5245	-8931	-2215	1288	934	
3769	5156	-8942	-2217	1267	960	
3868	5065	-8950	-2218	1245	986	
3968	4973	-8958	-2221	1221	1010	
4065	4882	-8964	-2221	1199	1034	
4163	4789	-8969	-2223	1175	1058	
4259	4696	-8972	-2224	1151	1082	
4355	4601	-8974	-2224	1127	1107	
4451	4506	-8975	-2226	1104	1130	
4546	4411	-8975	-2224	1080	1153	
4640	4315	-8973	-2222	1056	1176	
4733	4218	-8970	-2222	1032	1200	
4826	4120	-8965	-2222	1007	1224	
4918	4023	-8960	-2220	982	1245	
5010	3924	-8953	-2217	958	1269	
5100	3824	-8944	-2215	933	1293	
5190	3725	-8933	-2212	910	1314	
5280	3624	-8922	-2209	883	1336	
5367	3524	-8909	-2206	856	1358	
5456	3423	-8895	-2203	833	1379	
5542	3320	-8880	-2199	806	1401	
5627	3218	-8864	-2195	780	1421	
5712	3115	-8846	-2190	755	1443	
5796	3012	-8827	-2186	729	1464	
5880	2908	-8806	-2180	704	1484	
5961	2802	-8784	-2174	678	1505	
6042	2698	-8759	-2169	651	1525	
6122	2593	-8735	-2162	625	1547	
6204	2487	-8710	-2155	599	1565	
6282	2382	-8683	-2147	574	1585	
6357	2275	-8654	-2141	546	1604	
6436	2168	-8624	-2133	519	1623	
6512	2062	-8593	-2125	493	1642	
6587	1954	-8560	-2117	465	1659	
6660	1846	-8527	-2109	438	1679	
6733	1739	-8492	-2099	413	1697	
6805	1630	-8455	-2090	386	1714	
6874	1523	-8417	-2081	359	1732	
6945	1414	-8379	-2071	331	1749	
7014	1305	-8338	-2062	305	1766	
7078	1196	-8296	-2051	280	1783	
7146	1086	-8255	-2040	252	1799	
7213	977	-8211	-2029	226	1815	
7276	867	-8165	-2018	199	1831	
7338	758	-8119	-2006	173	1848	
7401	649	-8071	-1993	148	1862	
7462	539	-8023	-1981	119	1877	
7522	429	-7973	-1968	94	1892	
7582	319	-7923	-1956	69	1906	
7638	209	-7869	-1943	43	1921	
7695	100	-7816	-1929	17	1936	
7751	-11	-7762	-1915	-11	1949	
7805	-120	-7705	-1903	-42	1962	
7858	-230	-7648	-1888	-78	1975	
7909	-341	-7590	-1872	-115	1987	
7961	-450	-7530	-1858	-147	2000	
8009	-561	-7470	-1843	-172	2012	
8057	-671	-7409	-1828	-193	2025	
8105	-780	-7345	-1812	-216	2036	
8150	-890	-7282	-1796	-244	2047	
8197	-998	-7217	-1779	-274	2059	
8239	-1107	-7151	-1762	-301	2069	
8280	-1216	-7084	-1745	-328	2079	
8321	-1325	-7016	-1728	-355	2089	
8359	-1434	-6946	-1712	-381	2098	
8397	-1542	-6875	-1694	-410	2108	
8434	-1649	-6805	-1676	-437	2118	
8471	-1758	-6733	-1658	-463	2126	
8506	-1865	-6661	-1640	-490	2134	
8539	-1973	-6584	-1622	-517	2142	
8570	-2080	-6508	-1602	-544	2150	
8601	-2187	-6434	-1585	-571	2157	
8630	-2294	-6356	-1565	-596	2165	
8658	-2399	-6278	-1544	-623	2172	
8685	-2506	-6200	-1526	-650	2178	
8710	-2611	-6119	-1505	-676	2183	
8735	-2716	-6038	-1485	-702	2189	
8758	-2820	-5955	-1464	-729	2196	
8778	-2924	-5872	-1443	-756	2201	
8797	-3028	-5789	-1422	-780	2205	
8816	-3131	-5704	-1401	-804	2209	
8835	-3235	-5619	-1382	-833	2213	
8851	-3337	-5534	-1360	-858	2219	
8864	-3439	-5445	-1337	-882	2222	
8877	-3539	-5357	-1316	-910	2223	
8890	-3640	-5268	-1293	-934	2228	
8900	-3741	-5179	-1271	-957	2231	
8910	-3840	-5089	-1249	-982	2232	
8918	-3940	-4997	-1226	-1007	2234	
8924	-4038	-4906	-1203	-1032	2235	
8930	-4136	-4814	-1180	-1056	2237	
8934	-4233	-4720	-1158	-1081	2238	
8937	-4329	-4625	-1133	-1105	2238	
8938	-4425	-4531	-1109	-1127	2238	
8939	-4520	-4436	-1086	-1151	2238	
8937	-4615	-4340	-1063	-1176	2237	
8935	-4709	-4243	-1038	-1198	2237	
8931	-4803	-4144	-1014	-1222	2236	
8925	-4895	-4047	-990	-1245	2234	
8919	-4987	-3948	-966	-1267	2232	
8910	-5078	-3849	-941	-1291	2229	
8899	-5169	-3750	-916	-1313	2227	
8890	-5258	-3650	-891	-1335	2224	
8877	-5346	-3547	-866	-1359	2220	
8863	-5434	-3446	-840	-1381	2217	
8848	-5520	-3344	-815	-1401	2212	
8832	-5607	-3241	-790	-1422	2208	
8814	-5692	-3139	-766	-1445	2203	
8795	-5776	-3036	-738	-1465	2199	
8774	-5861	-2932	-712	-1485	2195	
8753	-5943	-2827	-689	-1507	2188	
8731	-6024	-2722	-661	-1527	2182	
8706	-6106	-2617	-635	-1546	2176	
8681	-6186	-2512	-610	-1566	2169	
8654	-6264	-2405	-583	-1586	2163	
8626	-6343	-2298	-557	-1606	2156	
8597	-6420	-2192	-530	-1624	2148	
8567	-6495	-2085	-504	-1644	2140	
8535	-6571	-1978	-477	-1662	2131	
8502	-6645	-1870	-451	-1679	2123	
8467	-6719	-1761	-426	-1699	2114	
8431	-6791	-1653	-397	-1716	2106	
8395	-6861	-1544	-371	-1734	2097	
8357	-6932	-1437	-344	-1752	2087	
8317	-7000	-1328	-317	-1768	2077	
8276	-7069	-1219	-290	-1786	2067	
8235	-7136	-1110	-263	-1802	2056	
8192	-7202	-1000	-237	-1817	2045	
8146	-7268	-891	-210	-1834	2033	
8100	-7330	-781	-184	-1849	2021	
8053	-7392	-672	-156	-1864	2010	
8005	-7454	-562	-130	-1880	1998	
7956	-7515	-452	-105	-1895	1985	
7905	-7574	-342	-79	-1910	1971	
7853	-7632	-232	-53	-1924	1960	
7801	-7690	-121	-26	-1938	1947	
7746	-7744	-10	-2	-1952	1932	
7690	-7799	99	24	-1966	1918	
7634	-7853	209	52	-1978	1904	
7576	-7905	319	81	-1992	1888	
7518	-7956	429	113	-2004	1875	
7459	-8006	538	145	-2015	1860	
7397	-8054	650	177	-2029	1845	
7335	-8101	759	206	-2040	1830	
7272	-8148	868	232	-2050	1813	
7206	-8193	979	255	-2062	1796	
7141	-8236	1087	280	-2073	1779	
7076	-8279	1195	308	-2084	1764	
7007	-8320	1306	335	-2094	1746	
6939	-8360	1415	364	-2104	1729	
6870	-8398	1523	391	-2113	1712	
6798	-8436	1632	416	-2121	1693	
6726	-8472	1739	444	-2131	1676	
6653	-8506	1848	471	-2139	1657	
6579	-8541	1956	498	-2148	1638	
6505	-8573	2063	525	-2156	1620	
6429	-8605	2171	551	-2163	1601	
6352	-8635	2278	577	-2170	1581	
6275	-8662	2385	602	-2177	1561	
6195	-8690	2491	630	-2185	1543	
6116	-8715	2597	657	-2190	1522	
6036	-8740	2702	682	-2196	1501	
5955	-8764	2805	708	-2202	1482	
5872	-8785	2910	733	-2206	1461	
5789	-8806	3014	759	-2211	1439	
5705	-8825	3117	786	-2217	1418	
5621	-8844	3221	811	-2221	1397	
5536	-8860	3323	836	-2224	1376	
5448	-8875	3425	861	-2228	1354	
5360	-8889	3527	887	-2231	1333	
5271	-8901	3628	912	-2234	1311	
5183	-8913	3729	936	-2239	1287	
5093	-8923	3828	960	-2239	1266	
5002	-8931	3928	986	-2241	1243	
4911	-8938	4027	1010	-2243	1220	
4819	-8944	4124	1035	-2243	1197	
4726	-8948	4222	1059	-2245	1174	
4633	-8952	4319	1082	-2246	1151	
4538	-8953	4416	1107	-2246	1127	
4443	-8954	4512	1131	-2245	1102	
4349	-8953	4606	1153	-2245	1079	
4253	-8950	4700	1176	-2245	1055	
4155	-8947	4794	1200	-2242	1030	
4058	-8941	4887	1223	-2242	1006	
3960	-8935	4980	1245	-2241	980	
3861	-8928	5071	1269	-2238	956	
3763	-8918	5160	1290	-2235	932	
3662	-8908	5251	1312	-2233	906	
3562	-8897	5340	1334	-2229	882	
3461	-8883	5427	1356	-2226	856	
3360	-8869	5515	1377	-2222	831	
3258	-8854	5602	1399	-2218	806	
3156	-8836	5688	1421	-2213	779	
3052	-8818	5773	1441	-2209	755	
2947	-8798	5857	1462	-2203	728	
2844	-8776	5939	1482	-2197	703	
2740	-8755	6022	1502	-2192	677	
2634	-8731	6103	1523	-2187	650	
2528	-8706	6183	1542	-2180	626	
2424	-8680	6262	1561	-2173	599	
2319	-8652	6342	1581	-2166	571	
2212	-8624	6419	1600	-2158	547	
2105	-8594	6496	1619	-2149	519	
1998	-8561	6572	1637	-2143	492	
1892	-8528	6646	1656	-2134	467	
1785	-8494	6718	1674	-2124	439	
1677	-8459	6792	1692	-2117	412	
1569	-8422	6863	1710	-2107	386	
1460	-8383	6934	1728	-2096	360	
1352	-8344	7004	1743	-2087	333	
1243	-8305	7073	1759	-2077	305	
1133	-8263	7139	1778	-2067	279	
1023	-8219	7205	1794	-2055	252	
915	-8176	7271	1810	-2044	226	
805	-8131	7335	1826	-2032	199	
695	-8083	7398	1841	-2020	172	
586	-8035	7460	1857	-2008	146	
476	-7987	7521	1871	-1996	121	
366	-7936	7580	1885	-1984	96	
258	-7884	7639	1900	-1971	71	
148	-7832	7697	1914	-1956	46	
38	-7778	7752	1929	-1942	22	
-71	-7722	7807	1941	-1930	-5	
-181	-7667	7862	1954	-1917	-35	
-291	-7610	7915	1968	-1900	-73	
-400	-7551	7966	1980	-1887	-117	
-510	-7492	8016	1992	-1872	-155	
-620	-7430	8065	2004	-1855	-178	
-729	-7368	8113	2016	-1839	-193	
-839	-7305	8160	2028	-1824	-213	
-948	-7241	8205	2039	-1808	-240	
-1057	-7177	8250	2049	-1791	-271	
-1168	-7111	8293	2059	-1775	-302	
-1276	-7044	8333	2071	-1757	-329	
-1384	-6975	8374	2080	-1739	-355	
-1493	-6905	8414	2088	-1724	-382	
-1602	-6835	8452	2098	-1705	-409	
-1710	-6763	8489	2108	-1686	-435	
-1817	-6691	8523	2116	-1668	-461	
-1924	-6617	8557	2124	-1650	-489	
-2032	-6543	8590	2132	-1631	-516	
-2137	-6467	8622	2140	-1612	-542	
-2243	-6389	8652	2147	-1593	-570	
-2349	-6313	8681	2154	-1573	-596	
-2454	-6235	8709	2160	-1554	-621	
-2560	-6156	8735	2167	-1534	-647	
-2666	-6075	8760	2173	-1512	-674	
-2769	-5993	8783	2180	-1492	-701	
-2873	-5911	8806	2183	-1473	-728	
-2978	-5828	8827	2189	-1451	-753	
-3081	-5744	8846	2194	-1430	-778	
-3184	-5660	8865	2197	-1411	-804	
-3287	-5575	8882	2203	-1388	-829	
-3389	-5488	8897	2205	-1366	-855	
-3490	-5401	8911	2208	-1344	-881	
-3591	-5312	8925	2212	-1322	-905	
-3692	-5224	8936	2214	-1299	-929	
-3792	-5135	8947	2217	-1277	-955	
-3891	-5044	8956	2219	-1255	-979	
-3989	-4953	8963	2222	-1230	-1005	
-4088	-4861	8970	2222	-1208	-1029	
-4184	-4768	8974	2221	-1186	-1054	
-4282	-4674	8978	2225	-1160	-1078	
-4378	-4581	8980	2224	-1138	-1100	
-4474	-4486	8980	2224	-1114	-1125	
-4569	-4390	8980	2224	-1090	-1148	
-4663	-4295	8979	2224	-1066	-1171	
-4758	-4197	8976	2223	-1041	-1196	
-4849	-4100	8971	2221	-1017	-1218	
-4941	-4002	8965	2220	-992	-1241	
-5032	-3903	8957	2217	-968	-1265	
-5123	-3803	8948	2215	-943	-1286	
-5214	-3702	8939	2215	-917	-1308	
-5301	-3602	8927	2209	-894	-1331	
-5389	-3501	8915	2205	-869	-1353	
-5478	-3400	8901	2203	-843	-1373	
-5564	-3299	8886	2198	-817	-1396	
-5650	-3196	8870	2195	-790	-1418	
-5735	-3092	8850	2190	-766	-1437	
-5818	-2989	8832	2185	-739	-1459	
-5901	-2885	8812	2180	-714	-1480	
-5984	-2781	8788	2174	-688	-1500	
-6066	-2677	8765	2168	-660	-1520	
-6146	-2572	8741	2161	-635	-1540	
-6224	-2466	8715	2155	-608	-1560	
-6304	-2360	8688	2148	-581	-1580	
-6381	-2253	8659	2140	-557	-1600	
-6458	-2146	8630	2132	-530	-1619	
-6534	-2039	8598	2126	-503	-1636	
-6607	-1932	8565	2116	-477	-1655	
-6682	-1825	8532	2108	-449	-1673	
-6755	-1717	8497	2099	-421	-1692	
-6826	-1609	8460	2089	-396	-1709	
-6896	-1501	8423	2082	-369	-1727	
-6966	-1392	8384	2071	-343	-1745	
-7035	-1283	8344	2060	-316	-1762	
-7103	-1175	8303	2050	-288	-1778	
-7171	-1065	8260	2040	-260	-1794	
-7235	-957	8216	2029	-233	-1810	
-7299	-848	8171	2016	-209	-1828	
-7363	-737	8124	2006	-180	-1842	
-7426	-628	8078	1994	-153	-1856	
-7487	-517	8029	1981	-127	-1872	
-7545	-408	7979	1969	-100	-1887	
-7604	-299	7927	1956	-76	-1903	
-7663	-189	7875	1943	-50	-1917	
-7720	-77	7822	1929	-25	-1929	
-7774	32	7767	1916	1	-1943	
-7827	142	7710	1902	26	-1958	
-7880	253	7653	1886	54	-1971	
-7932	362	7596	1874	86	-1982	
-7982	472	7536	1859	120	-1995	
-8032	582	7476	1841	154	-2008	
-8080	691	7414	1828	187	-2018	
-8127	801	7351	1813	215	-2029	
-8173	911	7288	1795	237	-2042	
-8217	1020	7223	1780	261	-2053	
-8261	1131	7156	1765	288	-2063	
-8303	1239	7090	1747	315	-2073	
-8344	1348	7021	1729	344	-2084	
-8384	1457	6952	1712	373	-2093	
-8421	1565	6883	1694	399	-2102	
-8458	1674	6812	1677	424	-2112	
-8493	1781	6738	1660	452	-2120	
-8528	1888	6664	1640	480	-2130	
-8563	1995	6591	1620	505	-2138	
-8593	2102	6514	1602	532	-2144	
-8623	2210	6439	1584	560	-2152	
-8653	2316	6362	1564	585	-2159	
-8680	2422	6283	1545	612	-2167	
-8706	2528	6204	1527	639	-2173	
-8732	2633	6124	1506	665	-2178	
-8757	2739	6043	1486	691	-2184	
-8779	2844	5960	1465	716	-2189	
-8801	2947	5878	1443	742	-2196	
-8820	3050	5795	1423	770	-2200	
-8839	3154	5710	1401	796	-2204	
-8859	3257	5624	1380	821	-2209	
-8874	3359	5538	1358	845	-2213	
-8888	3460	5451	1338	871	-2216	
-8903	3562	5363	1316	897	-2218	
-8913	3663	5274	1293	922	-2221	
-8925	3763	5184	1272	946	-2224	
-8935	3863	5094	1248	972	-2226	
-8942	3962	5003	1226	997	-2228	
-8949	4060	4911	1204	1021	-2229	
-8953	4158	4818	1181	1046	-2230	
-8959	4255	4725	1156	1069	-2233	
-8961	4351	4632	1133	1093	-2232	
-8960	4448	4537	1111	1119	-2232	
-8963	4543	4441	1085	1141	-2233	
-8961	4637	4345	1061	1164	-2231	
-8957	4731	4248	1038	1189	-2231	
-8953	4825	4151	1015	1212	-2229	
-8947	4917	4053	991	1234	-2228	
-8940	5008	3955	966	1258	-2225	
-8932	5100	3856	941	1280	-2223	
-8923	5190	3755	917	1301	-2221	
-8912	5280	3654	892	1325	-2218	
-8901	5368	3554	867	1347	-2215	
-8888	5455	3453	840	1367	-2212	
-8871	5542	3351	817	1391	-2208	
-8855	5629	3248	792	1412	-2203	
-8839	5714	3144	764	1432	-2199	
-8819	5799	3042	740	1453	-2194	
-8799	5883	2937	714	1474	-2188	
-8777	5964	2833	687	1495	-2182	
-8755	6046	2729	663	1514	-2177	
-8730	6128	2624	637	1535	-2171	
-8705	6207	2518	611	1555	-2164	
-8678	6286	2413	584	1574	-2157	
-8649	6365	2307	558	1594	-2150	
-8620	6442	2199	531	1612	-2144	
-8591	6517	2092	504	1631	-2136	
-8558	6593	1984	479	1651	-2126	
-8524	6668	1876	453	1670	-2118	
-8490	6740	1768	425	1687	-2110	
-8455	6812	1660	398	1705	-2101	
-8419	6884	1551	372	1723	-2092	
-8380	6954	1442	346	1740	-2081	
-8341	7023	1334	318	1757	-2071	
-8300	7090	1225	293	1774	-2061	
-8257	7158	1116	267	1790	-2050	
-8214	7224	1007	239	1807	-2039	
-8169	7288	897	214	1824	-2027	
-8122	7352	787	187	1838	-2017	
-8075	7415	678	159	1853	-2005	
-8029	7476	568	135	1870	-1992	
-7979	7536	457	109	1885	-1980	
-7928	7595	347	82	1899	-1966	
-7878	7654	238	58	1912	-1954	
-7823	7710	127	32	1926	-1940	
-7770	7766	17	3	1941	-1925	
-7713	7821	-93	-27	1954	-1914	
-7656	7874	-203	-61	1968	-1899	
-7600	7927	-313	-96	1981	-1884	
-7541	7977	-423	-128	1993	-1869	
-7482	8028	-533	-153	2006	-1853	
-7420	8075	-643	-176	2016	-1841	
-7358	8122	-752	-201	2028	-1825	
-7294	8170	-863	-228	2042	-1807	
-7228	8214	-971	-255	2053	-1792	
-7164	8258	-1080	-283	2061	-1774	
-7098	8300	-1191	-311	2071	-1758	
-7029	8342	-1299	-337	2083	-1741	
-6960	8382	-1408	-364	2092	-1724	
-6892	8420	-1517	-391	2101	-1707	
-6820	8458	-1626	-418	2111	-1688	
-6748	8493	-1733	-446	2119	-1670	
-6676	8529	-1840	-472	2128	-1652	
-6601	8562	-1948	-498	2136	-1633	
-6527	8595	-2055	-525	2144	-1615	
-6450	8626	-2162	-550	2152	-1596	
-6376	8654	-2270	-578	2160	-1576	
-6298	8683	-2376	-604	2167	-1556	
-6218	8711	-2483	-631	2172	-1537	
-6140	8737	-2589	-657	2178	-1517	
-6059	8760	-2694	-684	2184	-1496	
-5979	8784	-2799	-709	2190	-1476	
-5896	8806	-2903	-734	2196	-1454	
-5813	8826	-3006	-760	2201	-1433	
-5729	8846	-3110	-786	2205	-1413	
-5643	8864	-3214	-811	2210	-1392	
-5557	8881	-3317	-836	2213	-1370	
-5471	8896	-3419	-862	2217	-1349	
-5384	8909	-3520	-888	2221	-1326	
-5295	8922	-3621	-912	2224	-1305	
-5206	8933	-3722	-936	2226	-1281	
-5116	8943	-3823	-962	2227	-1260	
-5026	8953	-3921	-986	2230	-1237	
-4935	8959	-4021	-1009	2232	-1213	
-4843	8965	-4118	-1035	2233	-1191	
-4751	8969	-4215	-1059	2234	-1168	
-4656	8972	-4313	-1082	2233	-1145	
-4563	8974	-4409	-1107	2234	-1121	
-4469	8973	-4505	-1130	2234	-1097	
-4373	8973	-4599	-1153	2233	-1073	
-4275	8971	-4694	-1178	2233	-1049	
-4178	8967	-4787	-1199	2233	-1025	
-4082	8962	-4880	-1222	2231	-999	
-3982	8956	-4973	-1246	2229	-975	
-3884	8947	-5064	-1269	2226	-952	
-3784	8939	-5154	-1292	2225	-927	
-3683	8928	-5244	-1313	2222	-900	
-3584	8917	-5333	-1336	2218	-876	
-3482	8905	-5422	-1357	2216	-851	
-3381	8889	-5509	-1379	2211	-824	
-3280	8874	-5595	-1399	2206	-801	
-3176	8857	-5681	-1420	2202	-774	
-3074	8839	-5766	-1442	2197	-747	
-2972	8819	-5850	-1462	2192	-723	
-2866	8797	-5933	-1483	2188	-697	
-2760	8775	-6016	-1502	2183	-671	
-2655	8751	-6096	-1522	2175	-644	
-2551	8727	-6177	-1543	2168	-618	
-2446	8701	-6256	-1562	2161	-593	
-2340	8672	-6335	-1581	2154	-565	
-2235	8644	-6412	-1601	2147	-540	
-2129	8613	-6488	-1620	2139	-513	
-2022	8581	-6565	-1638	2131	-485	
-1915	8549	-6639	-1656	2122	-460	
-1808	8515	-6712	-1674	2114	-432	
-1700	8479	-6785	-1693	2104	-406	
-1591	8443	-6856	-1710	2096	-378	
-1485	8406	-6927	-1726	2088	-351	
-1376	8365	-6997	-1743	2077	-325	
-1268	8324	-7065	-1761	2066	-298	
-1159	8283	-7132	-1779	2055	-271	
-1048	8240	-7199	-1794	2044	-245	
-940	8196	-7265	-1809	2032	-217	
-829	8151	-7329	-1826	2021	-191	
-719	8105	-7392	-1841	2010	-165	
-609	8057	-7453	-1857	1998	-138	
-500	8007	-7514	-1872	1985	-112	
-392	7956	-7574	-1886	1973	-87	
-282	7906	-7633	-1901	1959	-62	
-172	7853	-7690	-1914	1947	-36	
-61	7798	-7746	-1927	1934	-12	
49	7743	-7801	-1941	1919	13	
159	7687	-7855	-1955	1905	38	
268	7630	-7908	-1968	1889	67	
378	7572	-7960	-1980	1874	103	
488	7512	-8010	-1992	1860	141	
596	7451	-8059	-2004	1845	179	
705	7389	-8106	-2015	1830	209	
814	7326	-8153	-2028	1814	229	
925	7263	-8199	-2039	1796	249	
1034	7198	-8243	-2049	1780	273	
1143	7131	-8287	-2059	1764	301	
1253	7064	-8328	-2070	1747	331	
1360	6995	-8368	-2080	1730	360	
1469	6926	-8408	-2088	1714	387	
1579	6855	-8446	-2099	1694	413	
1686	6784	-8481	-2108	1676	439	
1793	6712	-8518	-2116	1658	467	
1901	6637	-8552	-2124	1639	494	
2008	6563	-8584	-2132	1621	520	
2114	6487	-8617	-2140	1602	548	
2221	6411	-8646	-2147	1583	574	
2327	6334	-8675	-2154	1563	600	
2435	6254	-8703	-2160	1542	627	
2539	6176	-8728	-2166	1523	654	
2643	6095	-8754	-2173	1504	679	
2749	6014	-8778	-2178	1484	705	
2852	5932	-8800	-2184	1463	732	
2957	5849	-8821	-2189	1441	757	
3061	5766	-8840	-2194	1420	782	
3163	5680	-8859	-2198	1399	809	
3266	5596	-8876	-2202	1377	834	
3368	5509	-8892	-2206	1355	860	
3469	5422	-8906	-2209	1334	886	
3571	5334	-8920	-2213	1312	911	
3670	5244	-8931	-2215	1289	935	
3769	5155	-8941	-2217	1267	961	
3870	5064	-8951	-2218	1244	984	
3969	4973	-8957	-2221	1221	1008	
4065	4881	-8963	-2222	1199	1034	
4164	4788	-8968	-2222	1176	1059	
4260	4695	-8972	-2224	1150	1082	
4356	4600	-8975	-2224	1126	1106	
4452	4506	-8975	-2224	1103	1130	
4547	4410	-8974	-2225	1080	1153	
4640	4314	-8973	-2223	1056	1177	
4734	4218	-8969	-2223	1032	1200	
4827	4120	-8965	-2222	1008	1223	
4919	4022	-8960	-2219	982	1246	
5012	3923	-8953	-2216	958	1269	
5099	3824	-8943	-2215	933	1291	
5191	3724	-8934	-2213	908	1313	
5281	3623	-8922	-2208	885	1337	
5368	3523	-8909	-2205	858	1359	
5456	3422	-8896	-2203	832	1379	
5542	3318	-8880	-2199	806	1400	
5628	3217	-8863	-2194	780	1422	
5713	3114	-8846	-2189	756	1443	
5796	3010	-8826	-2184	729	1463	
5879	2907	-8805	-2180	703	1484	
5961	2803	-8783	-2173	677	1505	
6042	2697	-8760	-2168	651	1526	
6125	2592	-8736	-2161	626	1546	
6204	2487	-8710	-2155	600	1564	
6281	2381	-8682	-2148	573	1584	
6359	2275	-8655	-2140	547	1604	
6436	2167	-8623	-2132	521	1624	
6513	2061	-8592	-2125	493	1641	
6587	1954	-8560	-2117	466	1661	
6661	1846	-8526	-2108	440	1679	
6734	1739	-8491	-2099	412	1697	
6806	1631	-8456	-2090	386	1715	
6876	1522	-8417	-2080	359	1732	
6945	1413	-8378	-2071	332	1749	
7013	1305	-8338	-2061	305	1766	
7082	1196	-8297	-2050	280	1784	
7147	1086	-8254	-2040	252	1799	
7211	977	-8210	-2028	226	1815	
7277	867	-8165	-2016	200	1833	
7340	758	-8119	-2006	171	1848	
7403	648	-8071	-1994	145	1863	
7463	538	-8023	-1981	120	1877	
7522	429	-7973	-1968	95	1892	
7581	319	-7922	-1955	69	1908	
7638	209	-7870	-1942	43	1922	
7696	99	-7815	-1928	19	1936	
7750	-11	-7760	-1915	-11	1950	
7806	-121	-7706	-1901	-42	1962	
7860	-233	-7649	-1885	-77	1976	
7910	-342	-7589	-1872	-116	1988	
7961	-451	-7531	-1858	-147	2000	
8010	-562	-7470	-1841	-170	2014	
8058	-671	-7408	-1826	-193	2025	
8104	-780	-7346	-1812	-216	2036	
8150	-890	-7281	-1797	-245	2047	
8196	-999	-7217	-1779	-274	2058	
8239	-1109	-7150	-1763	-302	2069	
8281	-1217	-7083	-1746	-328	2079	
8321	-1326	-7016	-1728	-355	2089	
8359	-1435	-6946	-1711	-383	2099	
8398	-1543	-6875	-1694	-409	2109	
8436	-1651	-6805	-1676	-436	2117	
8470	-1758	-6733	-1658	-464	2126	
8507	-1866	-6659	-1640	-490	2134	
8538	-1974	-6585	-1620	-517	2143	
8570	-2080	-6509	-1602	-545	2150	
8602	-2188	-6433	-1583	-572	2158	
8631	-2293	-6356	-1564	-598	2165	
8660	-2399	-6278	-1546	-623	2171	
8685	-2506	-6199	-1525	-650	2178	
8710	-2611	-6118	-1505	-678	2184	
8734	-2716	-6036	-1485	-702	2190	
8756	-2821	-5955	-1466	-729	2195	
8778	-2926	-5872	-1443	-755	2202	
8799	-3028	-5789	-1423	-780	2205	
8817	-3131	-5704	-1402	-806	2208	
8834	-3235	-5618	-1378	-831	2215	
8851	-3337	-5533	-1358	-857	2219	
8863	-3439	-5444	-1337	-883	2222	
8877	-3540	-5357	-1316	-908	2225	
8889	-3641	-5268	-1293	-934	2228	
8900	-3741	-5178	-1271	-958	2230	
8910	-3841	-5088	-1248	-982	2232	
8918	-3939	-4996	-1225	-1007	2234	
8924	-4038	-4906	-1203	-1032	2236	
8930	-4136	-4813	-1179	-1057	2237	
8936	-4233	-4719	-1156	-1079	2239	
8937	-4329	-4625	-1133	-1102	2238	
8938	-4425	-4530	-1109	-1127	2237	
8938	-4521	-4435	-1085	-1152	2239	
8937	-4616	-4338	-1061	-1175	2237	
8934	-4709	-4242	-1038	-1199	2237	
8930	-4802	-4144	-1013	-1222	2236	
8925	-4895	-4047	-988	-1244	2233	
8918	-4987	-3948	-966	-1268	2231	
8909	-5079	-3849	-942	-1292	2228	
8900	-5170	-3749	-916	-1314	2227	
8890	-5258	-3649	-891	-1336	2224	
8877	-5345	-3547	-866	-1359	2220	
8864	-5434	-3445	-840	-1379	2218	
8848	-5521	-3344	-815	-1400	2212	
8832	-5607	-3242	-789	-1422	2208	
8815	-5693	-3139	-764	-1442	2204	
8795	-5777	-3035	-738	-1464	2199	
8775	-5861	-2932	-714	-1487	2193	
8753	-5943	-2827	-687	-1507	2188	
8730	-6025	-2721	-661	-1527	2182	
8707	-6106	-2617	-635	-1546	2176	
8681	-6186	-2511	-609	-1567	2169	
8655	-6266	-2405	-583	-1586	2163	
8625	-6343	-2299	-557	-1605	2155	
8597	-6420	-2192	-530	-1624	2149	
8568	-6497	-2084	-503	-1642	2141	
8534	-6573	-1976	-478	-1662	2132	
8501	-6646	-1869	-450	-1680	2124	
8467	-6719	-1762	-422	-1697	2116	
8432	-6790	-1654	-397	-1717	2106	
8395	-6861	-1544	-371	-1734	2096	
8356	-6932	-1436	-344	-1750	2087	
8317	-7001	-1328	-317	-1768	2077	
8277	-7069	-1218	-291	-1786	2067	
8235	-7136	-1110	-264	-1802	2056	
8191	-7201	-1000	-237	-1818	2045	
8145	-7266	-890	-211	-1834	2034	
8100	-7330	-780	-183	-1849	2023	
8053	-7393	-671	-157	-1864	2011	
8004	-7455	-561	-130	-1879	1997	
7955	-7515	-451	-103	-1895	1985	
7904	-7574	-341	-76	-1909	1973	
7853	-7632	-231	-52	-1924	1960	
7800	-7690	-121	-28	-1939	1946	
7746	-7745	-9	-2	-1952	1932	
7690	-7800	100	24	-1965	1918	
7633	-7853	210	51	-1979	1903	
7576	-7906	320	81	-1991	1889	
7518	-7957	429	112	-2004	1875	
7457	-8006	540	146	-2017	1859	
7397	-8055	650	179	-2028	1846	
7335	-8102	759	207	-2039	1829	
7271	-8148	869	231	-2051	1811	
7207	-8193	979	256	-2061	1797	
7142	-8236	1088	282	-2073	1781	
7075	-8279	1197	307	-2085	1763	
7006	-8320	1307	336	-2095	1747	
6937	-8360	1415	365	-2104	1730	
6868	-8399	1524	390	-2113	1711	
6797	-8437	1632	418	-2123	1694	
6726	-8473	1741	445	-2132	1674	
6652	-8508	1849	470	-2140	1657	
6579	-8541	1955	499	-2149	1639	
6506	-8574	2063	526	-2156	1620	
6429	-8605	2172	551	-2163	1601	
6353	-8635	2279	577	-2169	1581	
6275	-8663	2385	605	-2176	1562	
6196	-8690	2491	632	-2183	1543	
6118	-8716	2597	656	-2190	1523	
6037	-8741	2703	682	-2197	1502	
5955	-8764	2807	707	-2201	1481	
5872	-8785	2910	734	-2207	1460	
5790	-8807	3014	760	-2212	1439	
5705	-8825	3118	786	-2216	1419	
5621	-8843	3221	811	-2221	1397	
5534	-8860	3324	837	-2225	1376	
5448	-8875	3425	863	-2227	1356	
5361	-8889	3528	886	-2231	1332	
5271	-8901	3629	913	-2233	1310	
5183	-8912	3729	939	-2235	1288	
5093	-8923	3830	961	-2238	1266	
5002	-8931	3928	986	-2241	1243	
4911	-8939	4027	1010	-2244	1220	
4819	-8944	4125	1034	-2244	1197	
4725	-8949	4222	1059	-2245	1173	
4632	-8952	4320	1082	-2245	1149	
4538	-8954	4416	1107	-2245	1126	
4443	-8954	4511	1130	-2246	1103	
4349	-8952	4605	1153	-2245	1079	
4252	-8950	4701	1178	-2243	1056	
4154	-8947	4794	1200	-2242	1029	
4058	-8941	4886	1223	-2240	1005	
3959	-8935	4979	1248	-2238	983	
3861	-8928	5071	1269	-2238	958	
3762	-8919	5163	1289	-2235	932	
3661	-8908	5252	1313	-2231	907	
3561	-8896	5340	1335	-2229	881	
3460	-8882	5428	1357	-2225	856	
3359	-8869	5516	1378	-2221	832	
3256	-8853	5602	1398	-2217	807	
3153	-8835	5687	1419	-2213	780	
3051	-8818	5773	1441	-2207	754	
2949	-8798	5856	1463	-2202	729	
2843	-8776	5940	1482	-2197	702	
2739	-8753	6022	1504	-2190	677	
2634	-8730	6104	1523	-2185	652	
2529	-8706	6184	1542	-2180	624	
2425	-8678	6263	1562	-2174	598	
2319	-8652	6343	1581	-2166	572	
2212	-8623	6420	1601	-2158	546	
2106	-8592	6496	1620	-2151	519	
1999	-8560	6572	1638	-2142	492	
1893	-8528	6646	1658	-2134	466	
1785	-8494	6719	1675	-2125	438	
1677	-8459	6792	1692	-2116	413	
1568	-8422	6864	1710	-2106	387	
1459	-8384	6934	1728	-2096	359	
1352	-8345	7003	1745	-2087	332	
1242	-8304	7072	1762	-2076	305	
1132	-8263	7140	1777	-2066	279	
1022	-8220	7206	1793	-2055	252	
913	-8175	7272	1810	-2044	225	
804	-8130	7335	1826	-2033	199	
695	-8083	7397	1841	-2020	172	
586	-8035	7460	1856	-2009	146	
476	-7986	7522	1871	-1996	120	
366	-7937	7580	1885	-1983	95	
258	-7884	7639	1901	-1969	72	
148	-7832	7696	1915	-1955	46	
38	-7779	7752	1929	-1944	21	
-72	-7723	7808	1944	-1929	-4	
-182	-7667	7862	1956	-1914	-35	
-291	-7610	7915	1967	-1900	-74	
-401	-7551	7966	1980	-1887	-118	
-511	-7491	8016	1992	-1871	-156	
-620	-7430	8065	2004	-1855	-178	
-729	-7368	8113	2017	-1840	-195	
-839	-7305	8159	2028	-1824	-214	
-949	-7242	8205	2039	-1808	-240	
