-5819	-2989	8832	2184	-739	-1459	
-5902	-2885	8811	2181	-713	-1480	
-5983	-2780	8789	2173	-688	-1502	
-6065	-2676	8765	2167	-662	-1521	
-6146	-2571	8740	2161	-635	-1540	
-6226	-2465	8715	2155	-609	-1560	
-6305	-2359	8688	2149	-582	-1579	
-6381	-2253	8659	2141	-555	-1600	
-6458	-2147	8630	2134	-529	-1618	
-6534	-2039	8598	2127	-502	-1636	
-6609	-1932	8565	2117	-475	-1656	
-6683	-1825	8532	2108	-448	-1674	
-6755	-1716	8498	2100	-422	-1692	
-6827	-1608	8461	2091	-396	-1710	
-6898	-1500	8423	2082	-368	-1728	
-6968	-1392	8384	2071	-341	-1744	
-7036	-1284	8345	2061	-314	-1761	
-7103	-1174	8303	2051	-287	-1777	
-7170	-1065	8260	2040	-260	-1794	
-7234	-955	8216	2029	-233	-1810	
-7300	-846	8171	2017	-207	-1827	
-7363	-736	8124	2006	-180	-1842	
-7425	-627	8078	1994	-153	-1857	
-7485	-518	8029	1981	-127	-1872	
-7544	-407	7978	1970	-101	-1887	
-7604	-298	7928	1956	-75	-1902	
-7663	-187	7875	1943	-49	-1915	
-7718	-78	7821	1930	-23	-1930	
-7773	32	7767	1914	0	-1945	
-7827	143	7710	1901	27	-1957	
-7880	253	7654	1888	55	-1970	
-7932	363	7595	1873	85	-1982	
-7983	473	7536	1859	119	-1995	
-8033	582	7476	1843	156	-2007	
-8079	692	7413	1828	188	-2018	
-8127	802	7351	1812	215	-2030	
-8174	911	7288	1796	238	-2041	
-8218	1020	7222	1780	262	-2052	
-8260	1130	7156	1762	286	-2064	
-8301	1239	7089	1748	317	-2073	
-8344	1348	7021	1730	345	-2083	
-8384	1457	6952	1710	370	-2095	
-8420	1565	6881	1694	399	-2103	
-8458	1674	6810	1677	426	-2111	
-8495	1781	6738	1659	452	-2121	
-8527	1889	6664	1641	479	-2129	
-8560	1996	6591	1622	506	-2137	
-8594	2102	6515	1604	533	-2145	
-8624	2209	6439	1584	557	-2153	
-8652	2317	6361	1565	586	-2159	
-8681	2423	6282	1545	614	-2167	
-8708	2528	6203	1524	639	-2173	
-8733	2634	6123	1506	667	-2178	
-8758	2738	6043	1486	691	-2185	
-8780	2842	5961	1463	717	-2191	
-8800	2948	5878	1444	744	-2194	
-8821	3051	5794	1424	769	-2200	
-8839	3154	5709	1401	795	-2205	
-8859	3258	5624	1381	821	-2208	
-8874	3359	5538	1360	847	-2212	
-8887	3461	5450	1338	871	-2216	
-8901	3563	5361	1315	897	-2220	
-8913	3663	5273	1293	923	-2222	
-8924	3763	5185	1271	946	-2224	
-8934	3862	5094	1249	972	-2227	
-8941	3962	5003	1226	997	-2229	
-8948	4060	4911	1203	1021	-2231	
-8956	4157	4819	1181	1045	-2231	
-8957	4254	4724	1157	1069	-2231	
-8960	4352	4630	1133	1094	-2232	
-8963	4448	4537	1111	1119	-2233	
-8961	4543	4441	1088	1141	-2233	
-8960	4638	4345	1064	1165	-2232	
-8957	4731	4248	1040	1189	-2230	
-8954	4825	4151	1015	1212	-2229	
-8948	4917	4052	990	1234	-2229	
-8941	5009	3954	966	1258	-2226	
-8932	5100	3855	941	1281	-2224	
-8923	5189	3754	916	1302	-2221	
-8914	5279	3654	890	1324	-2220	
-8901	5368	3554	866	1347	-2216	
-8887	5456	3453	842	1369	-2211	
-8872	5543	3350	816	1389	-2208	
-8855	5629	3246	791	1412	-2203	
-8839	5714	3145	765	1434	-2198	
-8820	5799	3042	739	1453	-2193	
-8798	5882	2937	715	1475	-2189	
-8778	5964	2834	689	1496	-2183	
-8753	6046	2728	662	1515	-2177	
-8729	6127	2623	636	1534	-2172	
-8706	6207	2518	610	1555	-2165	
-8679	6286	2412	584	1575	-2158	
-8652	6364	2306	557	1593	-2151	
-8621	6441	2198	532	1612	-2144	
-8589	6517	2091	505	1631	-2136	
-8558	6593	1983	478	1651	-2127	
-8526	6667	1875	452	1669	-2119	
-8491	6740	1768	424	1686	-2110	
-8454	6812	1659	398	1705	-2101	
-8418	6883	1551	372	1722	-2092	
-8380	6954	1443	345	1739	-2081	
-8340	7023	1333	319	1757	-2071	
-8298	7090	1224	292	1774	-2061	
-8255	7158	1115	265	1792	-2050	
-8214	7224	1006	239	1808	-2040	
-8169	7288	897	212	1822	-2029	
-8123	7351	787	186	1838	-2016	
-8078	7414	677	160	1854	-2004	
-8029	7476	568	135	1869	-1992	
-7977	7536	457	109	1884	-1979	
-7927	7595	347	82	1898	-1966	
-7876	7654	237	57	1913	-1952	
-7823	7710	127	31	1927	-1939	
-7768	7766	17	3	1940	-1926	
-7713	7821	-92	-28	1954	-1913	
-7657	7873	-203	-61	1967	-1899	
-7599	7927	-313	-94	1981	-1884	
-7541	7978	-423	-127	1993	-1871	
-7481	8027	-533	-154	2004	-1856	
-7419	8076	-643	-176	2016	-1837	
-7355	8124	-753	-200	2029	-1822	
-7293	8169	-863	-227	2040	-1806	
-7230	8214	-972	-254	2051	-1790	
-7164	8258	-1081	-283	2062	-1773	
-7097	8301	-1191	-311	2073	-1757	
-7029	8342	-1300	-338	2083	-1740	
-6961	8381	-1409	-365	2093	-1722	
-6891	8420	-1517	-391	2102	-1705	
-6820	8457	-1626	-418	2111	-1688	
-6748	8493	-1735	-445	2121	-1670	
-6678	8529	-1842	-472	2129	-1652	
-6604	8563	-1949	-499	2136	-1635	
-6527	8595	-2057	-525	2145	-1614	
-6452	8626	-2164	-552	2151	-1595	
-6376	8655	-2270	-577	2159	-1576	
-6298	8684	-2377	-604	2166	-1556	
-6219	8711	-2484	-631	2172	-1537	
-6139	8737	-2589	-656	2178	-1517	
-6060	8761	-2694	-684	2182	-1498	
-5979	8784	-2800	-709	2191	-1476	
-5896	8807	-2905	-735	2197	-1455	
-5812	8827	-3007	-760	2201	-1434	
-5728	8846	-3110	-785	2206	-1412	
-5643	8864	-3215	-812	2210	-1393	
-5558	8881	-3316	-838	2213	-1370	
-5472	8896	-3419	-862	2216	-1348	
-5384	8909	-3520	-887	2220	-1327	
-5294	8922	-3620	-913	2223	-1304	
-5206	8933	-3722	-938	2226	-1282	
-5117	8943	-3822	-962	2229	-1259	
-5025	8952	-3922	-987	2229	-1237	
-4935	8959	-4020	-1011	2231	-1213	
-4843	8964	-4118	-1036	2233	-1191	
-4751	8970	-4216	-1060	2233	-1168	
-4657	8972	-4313	-1083	2235	-1144	
-4562	8973	-4410	-1107	2236	-1120	
-4467	8974	-4505	-1131	2234	-1097	
-4371	8974	-4600	-1154	2234	-1073	
-4274	8972	-4695	-1176	2234	-1048	
-4176	8967	-4788	-1200	2232	-1025	
-4081	8962	-4881	-1223	2230	-1000	
-3983	8956	-4972	-1245	2229	-975	
-3883	8949	-5064	-1268	2227	-950	
-3784	8939	-5155	-1290	2224	-925	
-3683	8929	-5245	-1312	2221	-901	
-3583	8917	-5334	-1335	2218	-875	
-3482	8904	-5421	-1356	2215	-850	
-3381	8890	-5509	-1377	2211	-826	
-3280	8874	-5596	-1401	2207	-800	
-3178	8857	-5681	-1422	2203	-775	
-3074	8839	-5766	-1442	2197	-748	
-2970	8819	-5850	-1462	2193	-723	
-2866	8798	-5934	-1482	2188	-696	
-2760	8775	-6015	-1504	2181	-671	
-2655	8752	-6097	-1523	2174	-645	
-2551	8726	-6177	-1543	2168	-617	
-2446	8699	-6256	-1562	2162	-591	
-2340	8672	-6335	-1581	2156	-565	
-2234	8643	-6412	-1601	2147	-539	
-2128	8613	-6490	-1619	2139	-513	
-2020	8581	-6564	-1637	2131	-485	
-1914	8548	-6639	-1657	2123	-459	
-1808	8515	-6714	-1676	2115	-433	
-1700	8479	-6786	-1693	2105	-406	
-1593	8442	-6857	-1711	2096	-379	
-1484	8404	-6927	-1728	2086	-351	
-1376	8365	-6998	-1744	2076	-324	
-1267	8325	-7065	-1761	2066	-298	
-1158	8284	-7132	-1777	2055	-271	
-1048	8240	-7199	-1794	2044	-245	
-938	8196	-7265	-1810	2033	-218	
-830	8150	-7329	-1826	2021	-191	
-720	8104	-7391	-1842	2009	-164	
-609	8056	-7455	-1856	1998	-139	
-500	8007	-7515	-1872	1986	-113	
-391	7956	-7574	-1887	1972	-87	
-280	7905	-7632	-1900	1959	-61	
-169	7853	-7690	-1915	1946	-37	
-60	7799	-7747	-1929	1932	-12	
49	7744	-7801	-1941	1918	12	
161	7687	-7855	-1956	1905	38	
270	7630	-7908	-1968	1890	67	
378	7571	-7960	-1980	1875	101	
487	7512	-8011	-1993	1860	142	
596	7451	-8058	-2005	1844	179	
705	7389	-8106	-2016	1829	208	
814	7327	-8153	-2027	1813	230	
924	7262	-8199	-2040	1796	249	
1034	7196	-8244	-2050	1780	273	
1143	7131	-8286	-2059	1764	301	
1252	7064	-8328	-2070	1747	332	
1363	6996	-8368	-2080	1730	361	
1471	6925	-8408	-2090	1711	387	
1578	6854	-8445	-2099	1693	413	
1686	6784	-8481	-2108	1676	440	
1794	6711	-8518	-2116	1657	466	
1902	6637	-8551	-2124	1639	494	
2009	6563	-8585	-2133	1620	521	
2116	6487	-8617	-2140	1600	547	
2223	6410	-8647	-2147	1583	574	
2327	6333	-8676	-2155	1563	600	
2434	6255	-8703	-2162	1541	626	
2539	6176	-8729	-2167	1522	653	
2645	6095	-8754	-2174	1502	679	
2749	6014	-8778	-2180	1482	705	
2853	5932	-8800	-2184	1462	731	
2957	5849	-8821	-2191	1441	757	
3061	5764	-8840	-2195	1421	783	
3164	5680	-8859	-2198	1399	808	
3266	5595	-8876	-2202	1377	834	
3368	5509	-8891	-2205	1356	860	
3469	5421	-8906	-2209	1334	885	
3570	5332	-8919	-2212	1312	910	
3671	5243	-8932	-2215	1289	935	
3770	5154	-8942	-2219	1266	961	
3870	5063	-8949	-2219	1243	985	
3968	4972	-8957	-2222	1221	1009	
4066	4880	-8964	-2223	1197	1035	
4165	4788	-8969	-2222	1174	1059	
4261	4694	-8973	-2224	1151	1083	
4357	4599	-8975	-2224	1127	1106	
4452	4505	-8976	-2224	1103	1130	
4547	4410	-8975	-2224	1079	1155	
4642	4313	-8973	-2222	1056	1178	
4735	4217	-8970	-2222	1032	1201	
4829	4120	-8965	-2221	1008	1224	
4920	4022	-8959	-2220	982	1246	
5011	3923	-8952	-2218	957	1269	
5101	3823	-8944	-2216	932	1292	
5191	3724	-8934	-2213	907	1314	
5281	3623	-8923	-2210	882	1337	
5368	3522	-8908	-2207	858	1359	
5454	3421	-8895	-2203	832	1380	
5542	3319	-8880	-2199	806	1402	
5628	3216	-8863	-2195	780	1423	
5713	3113	-8846	-2190	754	1445	
5796	3010	-8827	-2184	730	1465	
5880	2907	-8806	-2179	705	1484	
5962	2802	-8783	-2173	678	1506	
6044	2697	-8760	-2168	651	1526	
6124	2591	-8735	-2161	625	1546	
6204	2487	-8710	-2154	598	1567	
6282	2380	-8682	-2148	572	1585	
6359	2273	-8654	-2140	546	1603	
6437	2168	-8624	-2133	519	1624	
6513	2060	-8592	-2125	493	1642	
6587	1952	-8560	-2116	466	1661	
6661	1846	-8526	-2108	439	1679	
6732	1738	-8491	-2100	413	1697	
6803	1629	-8455	-2090	386	1714	
6875	1521	-8416	-2081	359	1731	
6946	1413	-8378	-2071	332	1749	
7013	1304	-8338	-2061	305	1766	
7080	1195	-8297	-2051	278	1783	
7147	1085	-8254	-2040	252	1800	
7213	977	-8211	-2030	226	1816	
7278	867	-8166	-2018	198	1832	
7340	756	-8119	-2006	172	1848	
7401	647	-8071	-1994	146	1863	
7463	538	-8022	-1982	120	1878	
7522	428	-7972	-1968	94	1893	
7582	318	-7922	-1957	69	1908	
7640	208	-7870	-1943	44	1922	
7696	99	-7815	-1929	18	1935	
7752	-12	-7760	-1915	-11	1949	
7806	-122	-7705	-1902	-44	1962	
7859	-233	-7648	-1888	-79	1975	
7910	-341	-7589	-1872	-117	1987	
7961	-452	-7530	-1858	-147	2000	
8010	-562	-7469	-1842	-171	2013	
8058	-671	-7407	-1827	-193	2024	
8106	-782	-7345	-1812	-215	2036	
8151	-891	-7282	-1797	-243	2047	
8196	-1000	-7217	-1779	-274	2058	
8238	-1109	-7151	-1762	-302	2070	
8279	-1218	-7083	-1746	-329	2078	
8321	-1327	-7015	-1729	-355	2089	
8360	-1434	-6946	-1712	-382	2098	
8398	-1544	-6876	-1695	-410	2108	
8436	-1652	-6804	-1676	-437	2117	
8471	-1759	-6731	-1657	-465	2126	
8505	-1867	-6659	-1640	-491	2134	
8539	-1974	-6584	-1622	-517	2142	
8570	-2081	-6508	-1602	-544	2151	
8600	-2188	-6432	-1583	-571	2158	
8630	-2294	-6355	-1565	-598	2164	
8658	-2401	-6278	-1544	-623	2172	
8684	-2506	-6197	-1524	-649	2179	
8711	-2612	-6118	-1505	-677	2184	
8735	-2717	-6038	-1485	-702	2189	
8757	-2822	-5954	-1465	-729	2194	
8777	-2926	-5872	-1444	-755	2200	
8797	-3028	-5788	-1423	-781	2206	
8818	-3133	-5704	-1402	-807	2210	
8836	-3236	-5618	-1380	-832	2215	
8850	-3338	-5532	-1359	-857	2218	
8864	-3440	-5444	-1337	-883	2221	
8879	-3540	-5356	-1316	-909	2225	
8891	-3642	-5268	-1293	-933	2228	
8902	-3742	-5177	-1270	-958	2230	
8911	-3841	-5088	-1247	-983	2232	
8918	-3940	-4997	-1226	-1007	2233	
8926	-4039	-4904	-1203	-1032	2235	
8931	-4136	-4812	-1180	-1057	2236	
8933	-4234	-4719	-1157	-1081	2237	
8938	-4331	-4625	-1133	-1105	2238	
8939	-4426	-4530	-1110	-1128	2239	
8937	-4522	-4434	-1085	-1153	2238	
8936	-4616	-4339	-1062	-1176	2236	
8935	-4709	-4241	-1039	-1200	2237	
8931	-4803	-4145	-1014	-1223	2235	
8924	-4895	-4046	-989	-1245	2235	
8918	-4987	-3946	-965	-1268	2232	
8909	-5078	-3848	-939	-1290	2229	
8899	-5169	-3747	-914	-1312	2227	
8889	-5258	-3647	-891	-1334	2223	
8876	-5346	-3546	-866	-1358	2221	
8862	-5434	-3445	-840	-1380	2217	
8847	-5521	-3343	-815	-1401	2212	
8833	-5607	-3240	-790	-1422	2208	
8816	-5692	-3138	-764	-1443	2205	
8795	-5777	-3033	-739	-1465	2200	
8775	-5860	-2929	-713	-1485	2194	
8753	-5944	-2826	-686	-1506	2189	
8730	-6025	-2721	-660	-1527	2183	
8706	-6106	-2616	-634	-1546	2177	
8682	-6186	-2510	-609	-1566	2170	
8655	-6265	-2403	-582	-1585	2163	
8628	-6343	-2297	-556	-1605	2156	
8597	-6420	-2189	-530	-1625	2149	
8567	-6496	-2082	-503	-1643	2142	
8536	-6571	-1975	-477	-1661	2133	
8501	-6645	-1868	-450	-1680	2124	
8467	-6718	-1761	-423	-1698	2116	
8431	-6791	-1653	-396	-1716	2106	
8394	-6862	-1544	-370	-1734	2097	
8357	-6932	-1435	-344	-1751	2087	
8317	-7002	-1326	-315	-1767	2078	
8275	-7069	-1218	-289	-1784	2069	
8232	-7136	-1108	-264	-1801	2055	
8189	-7202	-999	-237	-1817	2045	
8145	-7267	-890	-210	-1834	2034	
8099	-7331	-779	-184	-1850	2021	
8053	-7393	-671	-158	-1865	2009	
8005	-7455	-560	-131	-1880	1998	
7954	-7515	-451	-105	-1895	1986	
7905	-7574	-340	-79	-1910	1972	
7853	-7633	-231	-52	-1924	1960	
7798	-7690	-120	-26	-1939	1945	
7743	-7745	-9	-2	-1952	1931	
7689	-7800	100	24	-1966	1918	
7633	-7853	210	52	-1978	1903	
7576	-7906	320	81	-1991	1889	
7517	-7956	430	112	-2004	1874	
7456	-8006	541	145	-2017	1859	
7395	-8055	650	176	-2029	1844	
7332	-8101	759	206	-2040	1829	
7270	-8148	870	230	-2051	1812	
7206	-8194	979	255	-2062	1796	
7140	-8238	1088	281	-2074	1779	
7074	-8280	1198	308	-2084	1763	
7006	-8320	1307	336	-2094	1746	
6938	-8361	1416	364	-2104	1727	
6868	-8400	1525	392	-2112	1713	
6797	-8437	1633	418	-2121	1694	
6726	-8472	1741	444	-2130	1674	
6652	-8508	1849	472	-2139	1657	
6579	-8542	1956	498	-2148	1639	
6505	-8574	2065	524	-2157	1620	
6429	-8605	2172	552	-2163	1600	
6352	-8635	2278	577	-2171	1582	
6274	-8663	2386	603	-2178	1563	
6196	-8690	2492	630	-2184	1542	
6116	-8715	2597	656	-2191	1522	
6035	-8741	2702	683	-2195	1503	
5953	-8764	2807	709	-2202	1482	
5871	-8786	2912	734	-2207	1461	
5787	-8806	3015	760	-2210	1441	
5704	-8825	3118	786	-2216	1419	
5620	-8843	3221	811	-2219	1397	
5533	-8860	3323	836	-2224	1376	
5447	-8876	3427	862	-2229	1354	
5358	-8889	3529	887	-2231	1332	
5270	-8902	3629	912	-2235	1311	
5184	-8913	3730	937	-2238	1289	
5092	-8922	3830	962	-2239	1266	
5001	-8931	3929	987	-2240	1243	
4910	-8938	4028	1011	-2242	1219	
4817	-8944	4126	1034	-2244	1197	
4726	-8948	4224	1060	-2244	1174	
4633	-8951	4321	1083	-2244	1149	
4538	-8953	4417	1106	-2245	1126	
4444	-8954	4512	1131	-2244	1102	
4348	-8953	4607	1152	-2245	1079	
4251	-8950	4702	1177	-2244	1055	
4155	-8947	4795	1201	-2243	1030	
4057	-8942	4888	1222	-2242	1005	
3958	-8935	4980	1246	-2240	981	
3859	-8927	5072	1268	-2238	956	
3761	-8918	5162	1291	-2235	932	
3662	-8908	5252	1313	-2232	907	
3561	-8897	5340	1334	-2229	882	
3459	-8883	5428	1357	-2226	857	
3357	-8869	5516	1378	-2221	831	
3256	-8854	5603	1399	-2217	806	
3154	-8836	5688	1420	-2213	780	
3051	-8818	5773	1441	-2208	753	
2947	-8799	5857	1462	-2203	729	
2842	-8778	5940	1482	-2198	703	
2738	-8755	6023	1502	-2192	676	
2634	-8730	6103	1523	-2186	651	
2529	-8706	6184	1543	-2180	625	
2424	-8679	6264	1562	-2173	599	
2317	-8651	6342	1581	-2165	571	
2210	-8622	6420	1600	-2158	545	
2105	-8592	6496	1620	-2151	520	
1998	-8560	6572	1638	-2142	491	
1892	-8527	6647	1656	-2134	465	
1784	-8494	6719	1674	-2125	439	
1675	-8459	6793	1691	-2116	412	
1568	-8422	6864	1710	-2107	385	
1459	-8384	6936	1727	-2097	358	
1350	-8345	7005	1744	-2087	332	
1240	-8304	7073	1761	-2077	305	
1131	-8262	7140	1778	-2066	278	
1023	-8218	7206	1794	-2055	252	
914	-8174	7272	1810	-2044	225	
804	-8129	7336	1827	-2032	199	
695	-8084	7399	1842	-2019	173	
585	-8035	7462	1858	-2008	146	
476	-7985	7522	1872	-1996	121	
367	-7936	7581	1886	-1984	95	
256	-7883	7640	1900	-1970	70	
148	-7831	7697	1914	-1957	47	
37	-7779	7753	1929	-1943	21	
-73	-7722	7808	1942	-1930	-5	
-182	-7667	7862	1955	-1915	-35	
-292	-7610	7915	1967	-1900	-74	
-401	-7551	7966	1980	-1886	-119	
-512	-7491	8016	1992	-1871	-155	
-622	-7429	8066	2005	-1854	-176	
-732	-7369	8113	2017	-1839	-193	
-841	-7305	8159	2028	-1822	-214	
-950	-7241	8206	2039	-1807	-241	
-1061	-7176	8251	2048	-1792	-273	
-1169	-7109	8292	2059	-1774	-302	
-1279	-7042	8335	2070	-1758	-328	
-1387	-6973	8375	2080	-1740	-355	
-1495	-6904	8414	2090	-1722	-380	
-1603	-6833	8451	2098	-1704	-408	
-1711	-6763	8488	2108	-1686	-436	
-1818	-6690	8524	2117	-1669	-462	
-1925	-6616	8558	2125	-1649	-489	
-2031	-6542	8590	2133	-1630	-516	
-2136	-6465	8622	2141	-1612	-543	
-2243	-6389	8652	2148	-1592	-569	
-2349	-6312	8681	2154	-1573	-595	
-2455	-6234	8709	2160	-1555	-624	
-2561	-6155	8735	2168	-1534	-650	
-2665	-6074	8760	2173	-1513	-674	
-2771	-5993	8784	2179	-1493	-701	
-2876	-5910	8806	2184	-1472	-727	
-2979	-5827	8826	2189	-1451	-752	
-3083	-5744	8846	2194	-1430	-778	
-3185	-5659	8865	2198	-1409	-804	
-3288	-5574	8882	2202	-1387	-829	
-3390	-5487	8897	2206	-1364	-855	
-3493	-5399	8912	2210	-1343	-879	
-3592	-5311	8924	2213	-1321	-905	
-3693	-5222	8936	2215	-1299	-931	
-3794	-5133	8947	2217	-1277	-955	
-3891	-5042	8955	2220	-1254	-980	
-3991	-4952	8963	2222	-1231	-1004	
-4090	-4860	8970	2223	-1209	-1028	
-4186	-4767	8974	2223	-1184	-1053	
-4283	-4674	8978	2224	-1161	-1077	
-4379	-4580	8979	2225	-1137	-1100	
-4475	-4485	8981	2225	-1114	-1124	
-4571	-4389	8981	2225	-1090	-1148	
-4664	-4292	8978	2225	-1065	-1172	
-4757	-4196	8977	2223	-1042	-1196	
-4849	-4100	8971	2222	-1018	-1219	
-4941	-4001	8965	2219	-993	-1242	
-5034	-3901	8958	2217	-968	-1264	
-5125	-3801	8949	2217	-943	-1286	
-5214	-3702	8939	2213	-919	-1309	
-5302	-3602	8927	2210	-892	-1331	
-5391	-3501	8915	2206	-867	-1352	
-5479	-3399	8901	2203	-842	-1374	
-5565	-3297	8886	2199	-816	-1397	
-5650	-3193	8869	2194	-791	-1418	
-5735	-3091	8850	2191	-765	-1439	
-5819	-2988	8832	2184	-739	-1460	
-5903	-2884	8811	2179	-712	-1481	
-5984	-2780	8788	2175	-686	-1500	
-6064	-2675	8765	2167	-662	-1521	
-6147	-2569	8740	2162	-635	-1541	
-6225	-2464	8715	2155	-608	-1560	
-6304	-2358	8687	2147	-583	-1581	
-6384	-2252	8659	2140	-556	-1599	
-6458	-2145	8629	2133	-529	-1617	
-6533	-2039	8598	2125	-503	-1637	
-6609	-1931	8565	2117	-476	-1655	
-6683	-1823	8531	2109	-448	-1674	
-6755	-1716	8497	2101	-422	-1691	
-6828	-1608	8460	2092	-394	-1710	
-6898	-1499	8423	2081	-367	-1728	
-6967	-1391	8384	2071	-341	-1744	
-7037	-1282	8343	2061	-315	-1762	
-7104	-1173	8303	2050	-289	-1778	
-7170	-1064	8260	2040	-260	-1794	
-7237	-955	8215	2029	-234	-1811	
-7300	-845	8171	2018	-207	-1827	
-7362	-735	8124	2006	-180	-1842	
-7425	-626	8077	1994	-154	-1857	
-7486	-516	8028	1982	-127	-1872	
-7547	-406	7978	1969	-100	-1886	
-7604	-296	7927	1958	-74	-1900	
-7662	-186	7874	1944	-49	-1916	
-7720	-76	7821	1930	-23	-1930	
-7773	34	7766	1918	3	-1944	
-7828	143	7710	1902	27	-1957	
-7882	254	7653	1888	55	-1970	
-7932	364	7595	1873	85	-1983	
-7984	473	7536	1858	120	-1995	
-8032	583	7475	1843	155	-2007	
-8082	693	7413	1827	188	-2020	
-8128	803	7351	1812	216	-2032	
-8172	913	7286	1796	237	-2044	
-8217	1022	7221	1778	260	-2054	
-8261	1129	7156	1764	288	-2064	
-8305	1239	7090	1748	316	-2074	
-8343	1349	7020	1730	345	-2084	
-8382	1457	6950	1713	374	-2094	
-8422	1566	6881	1693	397	-2103	
-8458	1675	6810	1676	424	-2112	
-8494	1782	6737	1660	452	-2121	
-8530	1890	6664	1640	479	-2129	
-8562	1997	6590	1622	507	-2137	
-8592	2104	6514	1603	533	-2145	
-8624	2211	6437	1584	560	-2152	
-8653	2317	6360	1565	586	-2159	
-8681	2423	6282	1545	613	-2166	
-8708	2529	6202	1527	641	-2172	
-8733	2634	6123	1506	667	-2179	
-8755	2740	6042	1485	693	-2185	
-8779	2845	5959	1465	719	-2190	
-8803	2948	5878	1444	743	-2196	
-8821	3052	5794	1423	768	-2200	
-8839	3155	5708	1402	794	-2205	
-8857	3258	5623	1382	821	-2208	
-8874	3361	5537	1359	847	-2212	
-8890	3462	5449	1337	872	-2216	
-8902	3564	5361	1316	897	-2220	
-8914	3665	5273	1294	922	-2222	
-8925	3764	5184	1272	948	-2223	
-8934	3864	5093	1248	973	-2226	
-8943	3963	5002	1227	997	-2228	
-8948	4061	4910	1205	1022	-2231	
-8952	4159	4817	1180	1046	-2232	
-8957	4256	4724	1156	1069	-2231	
-8960	4353	4630	1133	1094	-2232	
-8962	4450	4535	1111	1118	-2232	
-8961	4543	4440	1086	1142	-2232	
-8960	4639	4344	1063	1167	-2232	
-8958	4733	4247	1039	1188	-2231	
-8953	4826	4149	1013	1210	-2230	
-8947	4918	4051	990	1235	-2228	
-8940	5010	3953	967	1259	-2225	
-8932	5101	3854	942	1281	-2224	
-8921	5190	3754	917	1303	-2222	
-8911	5281	3654	891	1326	-2218	
-8901	5368	3554	865	1346	-2215	
-8886	5457	3451	840	1367	-2212	
-8872	5544	3348	815	1391	-2207	
-8856	5629	3246	791	1413	-2202	
-8838	5716	3143	766	1433	-2198	
-8818	5799	3039	739	1454	-2194	
-8799	5882	2936	714	1476	-2189	
-8778	5965	2832	687	1495	-2183	
-8756	6047	2727	661	1515	-2176	
-8731	6128	2622	637	1536	-2169	
-8704	6208	2517	611	1556	-2164	
-8678	6287	2411	584	1575	-2158	
-8649	6365	2305	558	1594	-2151	
-8621	6443	2198	530	1612	-2143	
-8591	6519	2090	504	1632	-2135	
-8558	6594	1983	478	1651	-2127	
-8525	6669	1874	452	1669	-2119	
-8490	6741	1767	425	1688	-2109	
-8455	6813	1659	398	1705	-2102	
-8417	6885	1549	372	1722	-2091	
-8378	6955	1441	345	1741	-2081	
-8338	7023	1332	318	1758	-2072	
-8298	7091	1223	292	1775	-2059	
-8257	7158	1115	266	1792	-2050	
-8212	7225	1004	240	1808	-2039	
-8167	7290	895	212	1823	-2026	
-8122	7353	785	185	1838	-2016	
-8074	7415	676	160	1854	-2003	
-8027	7476	566	133	1870	-1991	
-7979	7537	456	108	1884	-1979	
-7928	7597	347	83	1899	-1965	
-7874	7654	237	58	1913	-1953	
-7822	7712	125	32	1927	-1940	
-7769	7767	15	4	1941	-1925	
-7712	7821	-94	-26	1955	-1912	
-7654	7876	-205	-61	1968	-1897	
-7598	7928	-315	-97	1981	-1885	
-7539	7978	-425	-127	1993	-1869	
-7479	8028	-534	-153	2005	-1852	
-7419	8076	-644	-178	2016	-1840	
-7356	8123	-755	-202	2028	-1823	
-7294	8169	-863	-228	2041	-1806	
-7228	8216	-972	-255	2052	-1789	
-7162	8260	-1082	-283	2062	-1773	
-7097	8301	-1191	-311	2072	-1757	
-7030	8342	-1301	-338	2083	-1739	
-6962	8382	-1410	-366	2093	-1723	
-6891	8420	-1519	-391	2102	-1705	
-6820	8459	-1627	-417	2112	-1686	
-6750	8494	-1735	-444	2120	-1670	
-6674	8528	-1844	-471	2130	-1651	
-6601	8563	-1951	-499	2137	-1633	
-6526	8596	-2056	-526	2144	-1614	
-6451	8626	-2164	-551	2153	-1594	
-6374	8656	-2271	-578	2159	-1577	
-6297	8684	-2378	-605	2166	-1556	
-6219	8712	-2484	-631	2173	-1537	
-6137	8737	-2590	-658	2177	-1516	
-6057	8762	-2696	-684	2183	-1496	
-5976	8785	-2801	-709	2190	-1476	
-5892	8807	-2905	-735	2197	-1454	
-5810	8827	-3009	-760	2201	-1434	
-5726	8846	-3112	-786	2206	-1414	
-5641	8864	-3215	-812	2212	-1392	
-5556	8881	-3318	-837	2213	-1371	
-5470	8897	-3419	-862	2216	-1349	
-5382	8909	-3522	-887	2220	-1325	
-5294	8921	-3623	-913	2223	-1303	
-5206	8934	-3723	-937	2226	-1282	
-5115	8943	-3824	-962	2228	-1260	
-5025	8952	-3922	-986	2230	-1237	
-4935	8959	-4021	-1011	2230	-1214	
-4842	8964	-4120	-1036	2233	-1191	
-4748	8969	-4216	-1058	2235	-1166	
-4656	8972	-4314	-1083	2235	-1144	
-4562	8974	-4410	-1107	2235	-1121	
-4466	8974	-4506	-1128	2235	-1096	
-4371	8973	-4601	-1154	2234	-1074	
-4275	8971	-4695	-1177	2233	-1049	
-4179	8968	-4789	-1199	2232	-1023	
-4080	8963	-4881	-1224	2230	-1000	
-3980	8955	-4973	-1247	2229	-976	
-3883	8947	-5064	-1269	2227	-951	
-3783	8939	-5155	-1292	2224	-926	
-3682	8929	-5245	-1313	2222	-901	
-3582	8917	-5335	-1334	2218	-876	
-3482	8903	-5423	-1356	2216	-850	
-3381	8890	-5509	-1378	2212	-825	
-3277	8873	-5596	-1399	2207	-799	
-3175	8855	-5682	-1420	2203	-773	
-3073	8838	-5767	-1442	2197	-749	
-2968	8819	-5852	-1463	2192	-722	
-2863	8797	-5934	-1483	2186	-697	
-2761	8774	-6015	-1503	2181	-671	
-2655	8752	-6098	-1523	2175	-644	
-2549	8727	-6179	-1543	2167	-618	
-2443	8700	-6257	-1562	2161	-591	
-2338	8671	-6335	-1582	2155	-566	
-2232	8642	-6414	-1601	2147	-538	
-2124	8613	-6491	-1619	2139	-511	
-2020	8581	-6566	-1638	2131	-486	
-1913	8549	-6641	-1656	2124	-459	
-1806	8514	-6713	-1675	2114	-431	
-1700	8478	-6786	-1694	2105	-406	
-1591	8442	-6858	-1710	2097	-378	
-1484	8405	-6929	-1728	2086	-351	
-1374	8365	-6998	-1744	2076	-325	
-1265	8325	-7067	-1761	2065	-298	
-1157	8282	-7135	-1778	2055	-271	
-1048	8240	-7200	-1794	2045	-244	
-939	8196	-7265	-1810	2033	-219	
-829	8150	-7330	-1825	2022	-191	
-719	8103	-7393	-1841	2010	-164	
-610	8056	-7455	-1856	1998	-140	
-498	8007	-7515	-1871	1986	-112	
-388	7956	-7575	-1887	1972	-87	
-279	7905	-7634	-1900	1958	-61	
-169	7852	-7692	-1915	1946	-35	
-59	7798	-7747	-1929	1931	-13	
50	7743	-7802	-1941	1918	13	
159	7687	-7856	-1956	1904	38	
270	7631	-7908	-1968	1889	67	
379	7572	-7959	-1980	1874	103	
489	7511	-8010	-1992	1858	142	
599	7450	-8059	-2004	1845	180	
707	7388	-8108	-2016	1829	209	
818	7325	-8154	-2028	1812	229	
927	7262	-8199	-2039	1798	250	
1035	7196	-8243	-2050	1780	274	
1145	7130	-8287	-2060	1762	302	
1255	7063	-8329	-2070	1746	331	
1363	6994	-8369	-2081	1728	360	
1472	6925	-8407	-2090	1711	388	
1581	6854	-8445	-2098	1694	414	
1688	6783	-8482	-2108	1676	440	
1795	6710	-8517	-2117	1658	467	
1901	6636	-8552	-2125	1640	494	
2011	6561	-8585	-2131	1621	523	
2117	6487	-8616	-2140	1602	548	
2223	6411	-8647	-2147	1582	574	
2331	6332	-8675	-2153	1562	600	
2435	6253	-8703	-2162	1543	627	
2540	6175	-8729	-2168	1522	654	
2645	6095	-8753	-2173	1502	680	
2750	6013	-8778	-2179	1482	705	
2856	5930	-8800	-2185	1461	733	
2957	5848	-8821	-2189	1441	758	
3062	5764	-8841	-2194	1420	784	
3165	5679	-8859	-2199	1398	810	
3267	5594	-8876	-2202	1377	835	
3370	5507	-8892	-2206	1356	861	
3470	5420	-8906	-2210	1333	885	
3571	5332	-8919	-2211	1311	911	
3673	5242	-8931	-2214	1290	937	
3772	5153	-8941	-2217	1265	959	
3871	5062	-8951	-2219	1243	985	
3970	4972	-8959	-2222	1220	1011	
4068	4880	-8964	-2223	1198	1034	
4164	4787	-8969	-2224	1176	1058	
4262	4693	-8972	-2225	1151	1082	
4358	4600	-8975	-2225	1127	1107	
4453	4505	-8976	-2225	1103	1130	
4549	4409	-8974	-2225	1079	1155	
4643	4313	-8973	-2222	1056	1178	
4735	4216	-8970	-2223	1031	1200	
4828	4118	-8965	-2221	1008	1224	
4921	4021	-8959	-2219	982	1248	
5012	3921	-8952	-2219	956	1269	
5103	3822	-8943	-2215	934	1292	
5194	3723	-8933	-2213	908	1315	
5282	3622	-8922	-2210	882	1336	
5370	3522	-8909	-2206	858	1359	
5458	3420	-8895	-2202	832	1381	
5543	3318	-8880	-2199	806	1402	
5627	3215	-8863	-2195	780	1423	
5714	3112	-8845	-2189	756	1444	
5798	3009	-8826	-2184	731	1466	
5881	2905	-8806	-2179	704	1486	
5964	2800	-8783	-2173	679	1508	
6045	2696	-8760	-2167	651	1526	
6124	2591	-8735	-2162	624	1546	
6203	2485	-8709	-2155	599	1567	
6283	2379	-8682	-2148	571	1585	
6361	2272	-8653	-2141	546	1604	
6437	2166	-8623	-2134	519	1623	
6512	2059	-8593	-2125	493	1642	
6588	1952	-8559	-2117	466	1661	
6662	1845	-8525	-2109	439	1678	
6734	1737	-8490	-2099	413	1697	
6807	1629	-8454	-2090	386	1714	
6877	1520	-8417	-2080	359	1732	
6946	1412	-8378	-2070	334	1750	
7015	1303	-8338	-2060	305	1766	
7082	1194	-8297	-2050	277	1783	
7149	1084	-8254	-2040	252	1801	
7213	974	-8210	-2030	225	1817	
7278	866	-8164	-2017	199	1832	
7341	756	-8118	-2005	172	1847	
7404	646	-8071	-1994	145	1863	
7464	536	-8022	-1981	120	1878	
7524	426	-7972	-1970	94	1893	
7584	317	-7921	-1954	69	1908	
7639	207	-7868	-1942	44	1921	
7696	97	-7815	-1928	18	1934	
7752	-14	-7760	-1914	-11	1950	
7805	-123	-7704	-1903	-44	1962	
7859	-233	-7648	-1888	-79	1976	
7910	-344	-7590	-1872	-116	1988	
7961	-452	-7529	-1858	-148	2000	
8011	-562	-7469	-1843	-172	2012	
8058	-674	-7408	-1827	-192	2024	
8105	-783	-7345	-1811	-216	2037	
8149	-891	-7281	-1796	-245	2047	
8195	-1001	-7216	-1779	-274	2058	
8240	-1111	-7150	-1761	-301	2070	
8281	-1219	-7083	-1747	-329	2078	
8321	-1328	-7014	-1729	-355	2089	
8362	-1437	-6945	-1711	-382	2100	
8398	-1544	-6875	-1694	-411	2108	
8435	-1652	-6803	-1675	-438	2118	
8473	-1760	-6732	-1659	-464	2126	
8506	-1868	-6658	-1640	-491	2134	
8538	-1975	-6583	-1621	-518	2143	
8571	-2082	-6507	-1603	-545	2150	
8603	-2189	-6431	-1584	-571	2158	
8631	-2295	-6354	-1565	-598	2165	
8659	-2402	-6276	-1545	-624	2172	
8686	-2507	-6197	-1525	-650	2179	
8709	-2613	-6116	-1505	-676	2183	
8735	-2718	-6036	-1483	-702	2190	
8758	-2822	-5954	-1464	-729	2196	
8778	-2927	-5871	-1446	-756	2201	
8799	-3031	-5788	-1423	-782	2206	
8816	-3134	-5703	-1401	-807	2211	
8834	-3237	-5617	-1381	-833	2214	
8851	-3339	-5531	-1359	-858	2218	
8865	-3441	-5443	-1338	-884	2221	
8877	-3542	-5355	-1315	-909	2225	
8889	-3642	-5266	-1293	-934	2228	
8902	-3742	-5178	-1270	-958	2230	
8911	-3841	-5087	-1247	-983	2232	
8918	-3941	-4995	-1226	-1008	2234	
8925	-4040	-4904	-1201	-1031	2235	
8930	-4137	-4811	-1180	-1057	2236	
8933	-4235	-4718	-1157	-1083	2238	
8936	-4331	-4624	-1132	-1106	2238	
8938	-4427	-4528	-1110	-1130	2238	
8938	-4523	-4433	-1086	-1153	2238	
8936	-4618	-4337	-1063	-1176	2237	
8933	-4711	-4241	-1039	-1200	2237	
8930	-4804	-4143	-1014	-1223	2235	
8925	-4896	-4045	-990	-1246	2233	
8918	-4988	-3946	-964	-1267	2233	
8911	-5080	-3847	-940	-1290	2229	
8901	-5169	-3748	-915	-1314	2225	
8890	-5258	-3647	-889	-1335	2225	
8877	-5347	-3546	-866	-1359	2221	
8863	-5435	-3443	-841	-1381	2216	
8848	-5523	-3342	-814	-1401	2213	
8832	-5608	-3241	-790	-1423	2209	
8815	-5693	-3136	-765	-1443	2205	
8797	-5779	-3033	-739	-1466	2201	
8774	-5861	-2930	-712	-1486	2195	
8753	-5944	-2824	-686	-1506	2189	
8731	-6026	-2720	-660	-1527	2183	
8708	-6106	-2615	-634	-1545	2178	
8682	-6188	-2509	-608	-1566	2171	
8654	-6266	-2404	-581	-1585	2164	
8627	-6344	-2296	-555	-1603	2157	
8596	-6421	-2190	-530	-1624	2149	
8566	-6496	-2083	-504	-1643	2142	
8535	-6572	-1975	-476	-1662	2134	
8502	-6646	-1867	-450	-1679	2124	
8468	-6719	-1760	-423	-1697	2116	
8430	-6792	-1651	-397	-1716	2107	
8394	-6863	-1544	-370	-1733	2097	
8355	-6933	-1434	-342	-1750	2087	
8315	-7002	-1325	-316	-1768	2078	
8277	-7070	-1216	-289	-1784	2068	
8233	-7137	-1107	-263	-1801	2055	
8189	-7202	-999	-236	-1817	2045	
8145	-7268	-889	-209	-1833	2033	
8098	-7332	-779	-184	-1850	2022	
8051	-7394	-669	-157	-1866	2010	
8005	-7455	-559	-130	-1881	1997	
7955	-7516	-449	-104	-1895	1985	
7903	-7575	-339	-78	-1910	1972	
7851	-7633	-229	-53	-1925	1959	
7799	-7690	-119	-27	-1938	1945	
7744	-7746	-9	-1	-1954	1930	
7689	-7801	101	25	-1966	1918	
7634	-7854	211	52	-1977	1904	
7575	-7905	322	81	-1991	1888	
7516	-7956	432	113	-2004	1874	
7456	-8007	540	147	-2017	1860	
7394	-8055	651	179	-2029	1844	
7333	-8102	760	207	-2040	1829	
7268	-8149	870	232	-2051	1813	
7205	-8194	980	256	-2062	1796	
7141	-8238	1089	281	-2074	1779	
7072	-8281	1199	309	-2083	1763	
7005	-8322	1308	337	-2093	1745	
6935	-8362	1416	363	-2104	1728	
6867	-8400	1526	392	-2113	1711	
6797	-8437	1634	419	-2121	1693	
6725	-8474	1742	445	-2130	1674	
6653	-8509	1850	474	-2139	1658	
6578	-8542	1958	499	-2148	1639	
6502	-8574	2066	525	-2156	1619	
6428	-8605	2173	553	-2163	1602	
6350	-8636	2280	577	-2170	1581	
6273	-8664	2387	605	-2177	1561	
6194	-8691	2493	631	-2184	1542	
6115	-8717	2598	657	-2191	1522	
6035	-8740	2703	682	-2197	1503	
5954	-8764	2808	707	-2202	1480	
5871	-8786	2912	736	-2206	1460	
5788	-8807	3017	761	-2211	1440	
5704	-8825	3120	787	-2216	1418	
5619	-8843	3223	814	-2219	1398	
5533	-8861	3326	836	-2225	1376	
5446	-8875	3428	862	-2228	1354	
5360	-8890	3529	887	-2232	1333	
5270	-8902	3630	911	-2235	1310	
5181	-8912	3732	937	-2236	1288	
5092	-8922	3831	961	-2239	1266	
5001	-8931	3929	987	-2240	1242	
4909	-8938	4030	1011	-2241	1219	
4817	-8944	4127	1035	-2244	1197	
4726	-8948	4224	1061	-2244	1174	
4631	-8951	4322	1084	-2244	1149	
4536	-8953	4417	1107	-2245	1125	
4443	-8953	4513	1131	-2245	1102	
4346	-8953	4608	1153	-2245	1078	
4250	-8950	4703	1177	-2244	1054	
4153	-8946	4796	1200	-2243	1030	
4057	-8941	4889	1223	-2241	1005	
3960	-8935	4981	1246	-2240	982	
3857	-8928	5071	1268	-2238	957	
3759	-8919	5163	1292	-2234	931	
3660	-8908	5252	1313	-2233	906	
3559	-8896	5342	1335	-2230	882	
3459	-8883	5429	1359	-2224	857	
3356	-8869	5517	1378	-2222	831	
3256	-8853	5604	1399	-2216	805	
3153	-8836	5689	1422	-2212	780	
3049	-8817	5774	1441	-2209	754	
2945	-8799	5858	1462	-2204	729	
2842	-8777	5941	1483	-2198	702	
2736	-8754	6024	1503	-2192	676	
2631	-8731	6104	1523	-2186	650	
2528	-8706	6184	1543	-2180	624	
2423	-8680	6264	1563	-2173	597	
2317	-8652	6343	1582	-2166	572	
2210	-8622	6420	1601	-2158	546	
2105	-8592	6496	1621	-2150	520	
1997	-8560	6573	1639	-2141	492	
1889	-8527	6647	1657	-2132	465	
1782	-8493	6720	1675	-2125	438	
1675	-8459	6793	1692	-2116	411	
1566	-8422	6865	1710	-2106	385	
1457	-8383	6935	1728	-2098	358	
1350	-8344	7005	1744	-2088	331	
1240	-8304	7072	1761	-2077	305	
1130	-8262	7140	1778	-2066	279	
1021	-8219	7207	1794	-2056	252	
911	-8175	7272	1809	-2044	224	
803	-8130	7337	1827	-2032	199	
694	-8083	7399	1843	-2019	173	
583	-8034	7461	1856	-2007	146	
476	-7985	7522	1872	-1994	122	
366	-7935	7581	1886	-1982	95	
254	-7883	7641	1900	-1971	69	
146	-7831	7698	1915	-1956	46	
36	-7777	7754	1928	-1943	21	
-75	-7721	7809	1943	-1929	-5	
-185	-7666	7863	1956	-1914	-36	
-294	-7608	7916	1967	-1900	-75	
-402	-7550	7968	1980	-1886	-118	
-511	-7490	8017	1992	-1871	-155	
-621	-7429	8065	2006	-1854	-177	
-731	-7367	8114	2017	-1838	-194	
-842	-7305	8160	2028	-1823	-215	
-951	-7241	8205	2040	-1805	-242	
-1060	-7175	8250	2049	-1791	-272	
-1170	-7109	8292	2060	-1775	-302	
-1277	-7042	8334	2070	-1757	-328	
-1388	-6973	8375	2080	-1740	-355	
-1497	-6903	8414	2090	-1722	-383	
-1604	-6833	8452	2098	-1705	-410	
-1711	-6762	8488	2108	-1686	-436	
-1819	-6689	8523	2116	-1668	-463	
-1927	-6616	8558	2125	-1649	-490	
-2031	-6541	8592	2133	-1630	-515	
-2138	-6464	8623	2141	-1611	-543	
-2246	-6389	8653	2149	-1591	-569	
-2350	-6311	8682	2155	-1572	-596	
-2457	-6233	8709	2160	-1553	-623	
-2562	-6153	8736	2167	-1533	-648	
-2667	-6073	8761	2173	-1512	-675	
-2772	-5992	8785	2179	-1493	-700	
-2875	-5910	8806	2184	-1472	-727	
-2982	-5827	8828	2189	-1450	-753	
-3085	-5743	8847	2194	-1430	-778	
-3187	-5658	8865	2198	-1409	-805	
-3289	-5572	8882	2202	-1387	-830	
-3390	-5485	8897	2207	-1365	-855	
-3493	-5399	8911	2210	-1343	-881	
-3593	-5311	8924	2212	-1321	-906	
-3693	-5221	8937	2216	-1299	-931	
-3793	-5132	8947	2217	-1277	-955	
-3893	-5042	8956	2219	-1254	-981	
-3992	-4950	8963	2221	-1230	-1005	
-4090	-4859	8969	2222	-1208	-1029	
-4187	-4767	8974	2224	-1184	-1054	
-4284	-4673	8978	2224	-1160	-1077	
-4379	-4579	8980	2225	-1137	-1101	
-4475	-4484	8981	2224	-1114	-1126	
-4569	-4390	8981	2224	-1090	-1148	
-4662	-4293	8979	2224	-1065	-1172	
-4758	-4195	8975	2222	-1041	-1197	
-4850	-4098	8971	2222	-1017	-1218	
-4942	-3999	8965	2221	-992	-1241	
-5035	-3900	8958	2217	-967	-1265	
-5125	-3801	8949	2215	-941	-1287	
-5215	-3701	8939	2213	-918	-1309	
-5303	-3602	8927	2210	-893	-1331	
-5392	-3500	8915	2206	-867	-1353	
-5480	-3399	8900	2202	-841	-1374	
-5566	-3296	8885	2198	-815	-1395	
-5653	-3193	8869	2194	-791	-1418	
-5736	-3090	8851	2191	-764	-1438	
