-558	-7464	8039	1998	-1863	-166	
-670	-7402	8087	2011	-1848	-185	
-779	-7340	8134	2021	-1834	-201	
-889	-7278	8181	2033	-1817	-224	
-998	-7213	8226	2043	-1800	-254	
-1107	-7146	8270	2054	-1784	-286	
-1217	-7080	8312	2065	-1766	-313	
-1324	-7012	8352	2074	-1750	-339	
-1434	-6943	8392	2084	-1732	-366	
-1544	-6874	8430	2092	-1715	-393	
-1651	-6802	8468	2102	-1698	-422	
-1757	-6731	8504	2112	-1678	-448	
-1863	-6658	8539	2120	-1659	-474	
-1971	-6583	8572	2130	-1640	-501	
-2078	-6508	8605	2136	-1623	-529	
-2184	-6432	8636	2142	-1604	-554	
-2289	-6356	8664	2151	-1584	-580	
-2396	-6278	8693	2156	-1564	-607	
-2502	-6199	8721	2163	-1544	-634	
-2607	-6120	8746	2171	-1524	-660	
-2711	-6038	8771	2175	-1504	-685	
-2817	-5956	8793	2181	-1485	-713	
-2922	-5874	8815	2187	-1463	-737	
-3025	-5791	8835	2193	-1441	-763	
-3128	-5707	8855	2197	-1420	-790	
-3231	-5621	8873	2200	-1398	-815	
-3334	-5535	8889	2205	-1377	-840	
-3435	-5449	8904	2208	-1356	-866	
-3536	-5361	8918	2210	-1333	-892	
-3637	-5272	8930	2213	-1312	-917	
-3736	-5183	8941	2216	-1289	-942	
-3836	-5094	8951	2218	-1267	-966	
-3935	-5004	8959	2220	-1244	-991	
-4033	-4911	8966	2222	-1221	-1016	
-4133	-4819	8972	2223	-1199	-1040	
-4229	-4726	8976	2225	-1173	-1063	
-4324	-4633	8979	2224	-1149	-1088	
-4421	-4538	8980	2224	-1126	-1112	
-4517	-4443	8981	2226	-1102	-1135	
-4611	-4347	8979	2225	-1079	-1158	
-4705	-4250	8976	2223	-1056	-1182	
-4798	-4154	8974	2222	-1032	-1205	
-4890	-4057	8968	2220	-1007	-1229	
-4982	-3958	8961	2219	-981	-1252	
-5073	-3857	8954	2216	-957	-1274	
-5163	-3758	8944	2214	-933	-1296	
-5252	-3658	8934	2211	-907	-1320	
-5342	-3557	8921	2205	-883	-1344	
-5431	-3457	8908	2205	-856	-1362	
-5517	-3354	8895	2202	-830	-1383	
-5603	-3251	8878	2197	-804	-1405	
-5689	-3148	8861	2192	-778	-1428	
-5773	-3045	8843	2187	-754	-1448	
-5856	-2943	8823	2183	-728	-1468	
-5939	-2839	8801	2177	-702	-1490	
-6022	-2733	8778	2172	-675	-1509	
-6102	-2629	8754	2165	-650	-1529	
-6182	-2523	8730	2158	-624	-1550	
-6261	-2417	8704	2152	-596	-1570	
-6339	-2312	8675	2145	-570	-1589	
-6416	-2204	8646	2137	-543	-1607	
-6493	-2098	8615	2130	-517	-1627	
-6569	-1991	8583	2121	-490	-1646	
-6642	-1884	8551	2113	-462	-1663	
-6716	-1776	8516	2104	-438	-1683	
-6788	-1668	8480	2096	-410	-1699	
-6859	-1560	8444	2087	-383	-1717	
-6930	-1451	8406	2076	-358	-1735	
-6999	-1342	8367	2067	-330	-1752	
-7066	-1234	8326	2057	-303	-1769	
-7134	-1125	8283	2045	-275	-1785	
-7199	-1016	8240	2035	-249	-1802	
-7265	-907	8196	2023	-222	-1817	
-7328	-798	8149	2012	-195	-1833	
-7389	-687	8104	2000	-169	-1849	
-7452	-577	8056	1989	-141	-1864	
-7512	-468	8006	1976	-114	-1880	
-7571	-358	7955	1962	-91	-1895	
-7630	-248	7904	1951	-64	-1907	
-7688	-137	7851	1937	-38	-1922	
-7744	-28	7797	1924	-12	-1936	
-7798	82	7741	1910	12	-1949	
-7852	192	7685	1895	39	-1963	
-7905	301	7628	1881	68	-1975	
-7956	412	7568	1865	99	-1988	
-8006	522	7510	1852	136	-2000	
-8054	631	7449	1835	170	-2013	
-8102	741	7386	1819	201	-2025	
-8147	850	7322	1805	227	-2035	
-8194	960	7258	1788	248	-2047	
-8237	1070	7193	1771	271	-2058	
-8280	1178	7127	1755	299	-2068	
-8322	1287	7059	1739	328	-2079	
-8362	1397	6991	1722	356	-2089	
-8401	1505	6920	1704	384	-2098	
-8438	1613	6849	1686	411	-2106	
-8475	1722	6779	1669	437	-2116	
-8510	1830	6706	1650	463	-2124	
-8544	1937	6632	1633	491	-2132	
-8576	2044	6557	1612	517	-2142	
-8607	2152	6481	1593	545	-2149	
-8637	2258	6404	1575	574	-2156	
-8666	2365	6326	1555	598	-2162	
-8692	2471	6247	1536	624	-2169	
-8718	2576	6168	1516	651	-2176	
-8744	2681	6087	1497	677	-2181	
-8768	2786	6006	1475	703	-2186	
-8789	2890	5924	1455	729	-2193	
-8811	2995	5841	1435	755	-2197	
-8830	3098	5757	1413	781	-2202	
-8848	3201	5671	1393	806	-2207	
-8866	3303	5586	1372	833	-2210	
-8880	3405	5499	1350	856	-2214	
-8894	3507	5411	1328	883	-2217	
-8906	3608	5323	1307	909	-2220	
-8917	3708	5233	1284	933	-2224	
-8929	3808	5144	1261	959	-2225	
-8938	3907	5053	1239	983	-2227	
-8944	4006	4961	1216	1007	-2229	
-8950	4105	4869	1193	1032	-2230	
-8954	4203	4776	1170	1057	-2231	
-8958	4299	4683	1147	1081	-2232	
-8960	4395	4587	1123	1104	-2233	
-8960	4491	4493	1100	1129	-2232	
-8962	4586	4399	1076	1152	-2232	
-8958	4680	4301	1051	1174	-2231	
-8955	4773	4204	1028	1199	-2230	
-8951	4867	4107	1004	1222	-2230	
-8943	4960	4008	981	1245	-2227	
-8938	5049	3909	954	1268	-2225	
-8928	5140	3809	929	1289	-2222	
-8918	5231	3709	905	1312	-2219	
-8907	5319	3610	880	1335	-2217	
-8894	5408	3508	855	1357	-2213	
-8879	5495	3405	831	1379	-2210	
-8864	5581	3303	804	1399	-2206	
-8848	5668	3200	779	1421	-2202	
-8831	5753	3099	754	1442	-2198	
-8810	5836	2995	728	1463	-2190	
-8788	5919	2890	703	1484	-2186	
-8767	6001	2786	677	1505	-2181	
-8745	6083	2681	652	1526	-2174	
-8720	6163	2576	624	1544	-2168	
-8693	6242	2471	597	1564	-2162	
-8665	6321	2364	573	1585	-2155	
-8636	6400	2258	546	1603	-2147	
-8606	6476	2150	519	1621	-2139	
-8575	6552	2043	492	1641	-2132	
-8542	6627	1935	467	1660	-2123	
-8510	6700	1828	440	1676	-2115	
-8474	6773	1719	414	1696	-2105	
-8437	6845	1611	388	1713	-2095	
-8401	6915	1502	360	1731	-2087	
-8362	6985	1393	335	1749	-2077	
-8322	7054	1285	308	1765	-2066	
-8281	7121	1176	281	1782	-2056	
-8238	7187	1067	253	1797	-2046	
-8194	7252	956	227	1814	-2034	
-8148	7318	847	201	1830	-2023	
-8102	7380	738	174	1845	-2012	
-8054	7442	627	149	1861	-1999	
-8005	7503	517	122	1876	-1985	
-7955	7563	409	96	1890	-1973	
-7905	7622	297	72	1906	-1960	
-7854	7679	187	46	1920	-1947	
-7799	7736	77	20	1935	-1935	
-7744	7791	-33	-9	1948	-1920	
-7688	7845	-143	-42	1959	-1905	
-7631	7897	-254	-77	1973	-1892	
-7573	7949	-363	-111	1986	-1878	
-7514	8000	-473	-140	1997	-1863	
-7454	8049	-583	-164	2010	-1847	
-7392	8097	-692	-187	2023	-1831	
-7330	8144	-802	-212	2034	-1816	
-7264	8190	-912	-240	2045	-1799	
-7198	8234	-1021	-268	2055	-1784	
-7135	8277	-1130	-295	2067	-1767	
-7067	8320	-1240	-324	2077	-1750	
-6999	8360	-1349	-351	2087	-1733	
-6930	8400	-1458	-377	2097	-1716	
-6860	8438	-1567	-404	2105	-1698	
-6789	8474	-1675	-430	2115	-1679	
-6717	8510	-1782	-456	2123	-1661	
-6644	8544	-1889	-483	2132	-1643	
-6570	8577	-1997	-510	2141	-1624	
-6494	8610	-2104	-537	2148	-1606	
-6417	8639	-2211	-563	2156	-1587	
-6340	8669	-2319	-590	2163	-1567	
-6263	8697	-2424	-616	2168	-1547	
-6184	8723	-2531	-642	2176	-1528	
-6103	8748	-2638	-668	2183	-1508	
-6022	8771	-2741	-693	2189	-1487	
-5939	8794	-2847	-723	2193	-1468	
-5857	8815	-2951	-747	2197	-1446	
-5775	8836	-3054	-771	2203	-1424	
-5690	8854	-3159	-798	2208	-1404	
-5605	8872	-3260	-822	2211	-1382	
-5518	8888	-3363	-848	2215	-1360	
-5432	8903	-3464	-873	2218	-1338	
-5345	8915	-3565	-898	2221	-1316	
-5255	8926	-3667	-923	2224	-1294	
-5166	8938	-3767	-948	2226	-1272	
-5075	8947	-3866	-973	2229	-1249	
-4984	8955	-3966	-996	2231	-1227	
-4893	8962	-4065	-1021	2233	-1204	
-4802	8967	-4162	-1046	2233	-1181	
-4708	8971	-4260	-1069	2234	-1157	
-4615	8972	-4356	-1093	2235	-1134	
-4520	8974	-4452	-1118	2234	-1110	
-4425	8974	-4548	-1141	2235	-1086	
-4329	8973	-4642	-1164	2234	-1062	
-4232	8970	-4737	-1187	2233	-1038	
-4136	8964	-4830	-1210	2232	-1013	
-4038	8960	-4921	-1232	2230	-989	
-3937	8952	-5014	-1256	2227	-965	
-3840	8944	-5105	-1279	2225	-941	
-3740	8935	-5194	-1301	2225	-915	
-3640	8924	-5285	-1323	2221	-889	
-3540	8912	-5374	-1345	2216	-865	
-3437	8898	-5461	-1366	2213	-839	
-3336	8883	-5547	-1387	2209	-813	
-3234	8866	-5633	-1409	2205	-788	
-3129	8848	-5720	-1430	2201	-763	
-3027	8830	-5804	-1451	2195	-737	
-2925	8809	-5887	-1471	2190	-711	
-2819	8788	-5970	-1491	2184	-685	
-2713	8764	-6052	-1511	2179	-659	
-2608	8740	-6133	-1533	2171	-634	
-2503	8716	-6213	-1552	2166	-607	
-2398	8688	-6292	-1569	2160	-580	
-2290	8659	-6369	-1589	2153	-554	
-2185	8630	-6447	-1608	2144	-527	
-2080	8600	-6523	-1628	2135	-501	
-1973	8567	-6598	-1646	2128	-474	
-1866	8534	-6672	-1665	2119	-446	
-1759	8499	-6745	-1682	2111	-420	
-1651	8463	-6818	-1699	2101	-392	
-1543	8426	-6889	-1718	2091	-366	
-1436	8387	-6958	-1735	2082	-339	
-1327	8347	-7029	-1751	2072	-312	
-1218	8306	-7097	-1768	2061	-287	
-1108	8264	-7163	-1785	2051	-259	
-1001	8220	-7230	-1801	2040	-233	
-890	8176	-7295	-1816	2029	-206	
-779	8131	-7359	-1833	2017	-179	
-669	8083	-7420	-1849	2003	-154	
-560	8033	-7481	-1863	1992	-127	
-451	7984	-7541	-1878	1979	-103	
-341	7934	-7601	-1892	1967	-76	
-232	7881	-7659	-1907	1953	-50	
-123	7829	-7716	-1922	1940	-27	
-13	7774	-7771	-1935	1927	-2	
98	7718	-7826	-1948	1911	23	
208	7661	-7880	-1960	1898	50	
317	7604	-7932	-1974	1883	81	
427	7546	-7981	-1986	1868	119	
536	7484	-8032	-1996	1853	159	
646	7424	-8081	-2011	1837	193	
756	7362	-8128	-2022	1822	217	
864	7298	-8175	-2034	1805	236	
974	7232	-8219	-2045	1788	258	
1084	7167	-8263	-2055	1773	285	
1191	7101	-8306	-2065	1756	314	
1301	7032	-8346	-2074	1738	344	
1410	6964	-8385	-2085	1721	372	
1519	6894	-8424	-2093	1704	399	
1628	6823	-8462	-2101	1688	426	
1735	6751	-8498	-2111	1668	452	
1843	6678	-8534	-2119	1650	479	
1949	6604	-8567	-2126	1632	508	
2058	6528	-8600	-2135	1612	534	
2166	6453	-8631	-2143	1593	559	
2271	6376	-8660	-2151	1573	585	
2377	6297	-8688	-2157	1554	611	
2482	6219	-8715	-2163	1534	639	
2587	6139	-8740	-2170	1513	666	
2691	6058	-8764	-2175	1495	691	
2796	5977	-8788	-2181	1473	717	
2900	5894	-8809	-2186	1453	744	
3004	5811	-8830	-2190	1432	770	
3107	5727	-8849	-2195	1412	796	
3210	5641	-8866	-2200	1389	821	
3312	5556	-8883	-2204	1368	846	
3414	5469	-8898	-2206	1346	872	
3516	5381	-8912	-2211	1322	896	
3616	5293	-8925	-2214	1301	922	
3717	5204	-8936	-2216	1278	946	
3817	5113	-8945	-2217	1256	971	
3915	5022	-8953	-2219	1233	996	
4013	4931	-8961	-2222	1210	1021	
4111	4839	-8967	-2223	1187	1046	
4207	4746	-8969	-2223	1164	1070	
4304	4652	-8973	-2224	1141	1093	
4401	4557	-8975	-2224	1117	1117	
4496	4463	-8976	-2225	1092	1141	
4589	4367	-8973	-2225	1069	1164	
4684	4270	-8971	-2223	1046	1188	
4777	4172	-8969	-2223	1020	1211	
4869	4075	-8963	-2221	995	1234	
4962	3978	-8957	-2218	970	1257	
5053	3877	-8949	-2217	946	1279	
5143	3779	-8939	-2214	923	1302	
5232	3679	-8928	-2211	897	1323	
5319	3578	-8916	-2208	870	1346	
5408	3477	-8903	-2205	846	1368	
5496	3375	-8888	-2201	821	1389	
5580	3273	-8872	-2195	796	1411	
5667	3170	-8855	-2194	769	1431	
5751	3067	-8836	-2189	743	1452	
5835	2963	-8817	-2181	717	1474	
5918	2859	-8796	-2177	691	1494	
5999	2754	-8773	-2171	665	1516	
6080	2649	-8749	-2164	639	1535	
6160	2544	-8725	-2158	614	1555	
6240	2438	-8698	-2151	586	1576	
6317	2333	-8670	-2144	561	1594	
6394	2227	-8641	-2137	534	1613	
6471	2119	-8609	-2131	506	1632	
6546	2012	-8577	-2122	481	1650	
6620	1905	-8544	-2112	455	1668	
6693	1797	-8511	-2106	427	1686	
6765	1689	-8475	-2096	400	1704	
6837	1582	-8437	-2084	374	1723	
6908	1473	-8400	-2076	347	1740	
6976	1364	-8360	-2066	320	1757	
7043	1255	-8319	-2056	293	1773	
7111	1145	-8278	-2045	268	1791	
7178	1037	-8235	-2035	240	1807	
7243	928	-8191	-2023	213	1823	
7307	817	-8145	-2012	186	1839	
7368	707	-8097	-2002	160	1854	
7429	598	-8050	-1988	135	1870	
7492	488	-8000	-1975	109	1885	
7550	378	-7950	-1964	82	1899	
7608	268	-7899	-1950	56	1914	
7665	158	-7845	-1936	32	1928	
7721	48	-7791	-1923	6	1942	
7775	-63	-7735	-1909	-25	1956	
7829	-172	-7679	-1894	-57	1968	
7881	-282	-7622	-1880	-95	1981	
7933	-392	-7563	-1866	-132	1994	
7984	-501	-7503	-1850	-159	2006	
8032	-611	-7442	-1836	-181	2017	
8079	-721	-7380	-1820	-202	2030	
8125	-831	-7317	-1803	-227	2042	
8171	-940	-7253	-1787	-256	2052	
8216	-1048	-7186	-1771	-287	2064	
8258	-1158	-7121	-1755	-315	2073	
8299	-1268	-7053	-1738	-341	2083	
8338	-1376	-6983	-1720	-367	2093	
8378	-1484	-6914	-1703	-394	2104	
8414	-1593	-6843	-1686	-422	2112	
8451	-1700	-6771	-1669	-449	2122	
8486	-1807	-6700	-1650	-476	2130	
8521	-1915	-6626	-1631	-503	2139	
8554	-2022	-6550	-1612	-530	2147	
8584	-2129	-6474	-1594	-557	2153	
8614	-2236	-6397	-1575	-582	2161	
8642	-2343	-6320	-1554	-608	2169	
8671	-2448	-6241	-1535	-635	2176	
8698	-2554	-6161	-1517	-663	2181	
8720	-2659	-6080	-1496	-688	2187	
8744	-2764	-5999	-1475	-715	2192	
8766	-2868	-5918	-1456	-741	2198	
8786	-2972	-5835	-1435	-766	2203	
8805	-3075	-5750	-1412	-792	2208	
8823	-3178	-5665	-1392	-817	2212	
8841	-3282	-5579	-1372	-844	2214	
8857	-3383	-5493	-1349	-869	2220	
8871	-3486	-5405	-1327	-894	2223	
8883	-3586	-5317	-1304	-920	2227	
8895	-3685	-5228	-1281	-943	2230	
8905	-3786	-5138	-1260	-969	2231	
8914	-3885	-5047	-1239	-995	2233	
8921	-3985	-4955	-1215	-1019	2235	
8928	-4083	-4863	-1193	-1044	2236	
8932	-4181	-4770	-1170	-1067	2237	
8935	-4277	-4676	-1147	-1092	2237	
8937	-4374	-4582	-1123	-1115	2238	
8938	-4469	-4487	-1100	-1140	2237	
8938	-4564	-4392	-1075	-1163	2238	
8936	-4659	-4295	-1049	-1186	2237	
8932	-4752	-4198	-1027	-1209	2235	
8928	-4845	-4100	-1003	-1232	2234	
8921	-4937	-4002	-976	-1255	2234	
8915	-5029	-3902	-953	-1278	2231	
8905	-5119	-3803	-929	-1301	2228	
8895	-5209	-3703	-903	-1324	2226	
8884	-5298	-3602	-880	-1346	2223	
8871	-5386	-3500	-855	-1369	2219	
8857	-5474	-3400	-829	-1390	2215	
8841	-5560	-3298	-804	-1411	2213	
8824	-5646	-3194	-778	-1433	2206	
8806	-5731	-3091	-752	-1453	2202	
8787	-5815	-2988	-726	-1473	2198	
8765	-5899	-2883	-701	-1494	2191	
8744	-5980	-2779	-674	-1515	2187	
8720	-6061	-2674	-649	-1536	2180	
8697	-6142	-2568	-622	-1556	2174	
8671	-6222	-2463	-597	-1575	2167	
8643	-6301	-2356	-571	-1595	2160	
8614	-6378	-2249	-544	-1614	2153	
8585	-6454	-2142	-518	-1633	2145	
8553	-6531	-2035	-492	-1651	2137	
8521	-6605	-1927	-464	-1670	2129	
8487	-6679	-1820	-438	-1690	2120	
8450	-6751	-1712	-410	-1707	2112	
8415	-6823	-1604	-383	-1724	2103	
8377	-6894	-1496	-358	-1741	2092	
8337	-6963	-1386	-331	-1758	2083	
8298	-7032	-1278	-306	-1776	2073	
8256	-7099	-1168	-278	-1792	2063	
8215	-7166	-1060	-251	-1809	2051	
8171	-7232	-951	-225	-1826	2040	
8125	-7296	-840	-198	-1840	2029	
8079	-7359	-731	-171	-1857	2016	
8030	-7421	-621	-144	-1871	2005	
7982	-7482	-511	-119	-1886	1992	
7933	-7541	-401	-94	-1903	1979	
7881	-7601	-290	-66	-1916	1968	
7829	-7658	-180	-41	-1931	1953	
7776	-7714	-71	-15	-1944	1939	
7720	-7769	39	10	-1957	1925	
7664	-7823	150	35	-1972	1910	
7607	-7877	260	65	-1984	1898	
7550	-7929	369	95	-1998	1883	
7490	-7980	479	128	-2009	1869	
7430	-8028	590	162	-2021	1854	
7368	-8076	699	191	-2033	1838	
7305	-8124	809	219	-2044	1822	
7243	-8169	919	243	-2056	1806	
7178	-8213	1029	267	-2068	1789	
7111	-8256	1138	293	-2079	1771	
7043	-8298	1248	321	-2088	1755	
6975	-8339	1357	349	-2097	1737	
6907	-8378	1464	375	-2109	1719	
6836	-8416	1573	403	-2117	1703	
6764	-8454	1681	430	-2125	1685	
6693	-8489	1790	457	-2135	1667	
6619	-8523	1898	483	-2142	1648	
6544	-8556	2005	510	-2151	1631	
6470	-8588	2113	537	-2160	1612	
6393	-8619	2221	562	-2166	1591	
6317	-8647	2327	590	-2173	1573	
6239	-8675	2432	616	-2181	1553	
6159	-8702	2539	642	-2187	1533	
6080	-8727	2645	669	-2192	1513	
5998	-8751	2750	694	-2197	1492	
5916	-8773	2855	720	-2204	1471	
5835	-8796	2959	746	-2210	1452	
5750	-8815	3062	772	-2213	1431	
5665	-8834	3165	797	-2219	1408	
5580	-8852	3268	823	-2223	1387	
5493	-8867	3371	849	-2225	1367	
5408	-8882	3473	873	-2229	1344	
5320	-8895	3574	898	-2233	1321	
5231	-8906	3674	924	-2235	1301	
5142	-8917	3776	947	-2238	1277	
5052	-8927	3874	971	-2240	1254	
4962	-8935	3974	998	-2240	1232	
4868	-8941	4073	1022	-2242	1209	
4777	-8946	4170	1045	-2245	1186	
4685	-8949	4267	1070	-2245	1162	
4589	-8952	4364	1094	-2245	1140	
4494	-8954	4461	1118	-2245	1116	
4400	-8953	4556	1140	-2245	1092	
4304	-8952	4650	1164	-2245	1069	
4206	-8949	4745	1188	-2244	1044	
4109	-8944	4837	1209	-2243	1019	
4012	-8938	4929	1233	-2241	994	
3914	-8931	5021	1255	-2239	970	
3815	-8924	5112	1277	-2236	944	
3716	-8914	5203	1302	-2234	920	
3617	-8903	5292	1323	-2230	895	
3516	-8891	5380	1345	-2226	870	
3414	-8876	5468	1366	-2224	845	
3312	-8861	5555	1387	-2221	820	
3210	-8845	5641	1409	-2216	795	
3107	-8827	5726	1429	-2212	769	
3004	-8809	5811	1451	-2206	743	
2901	-8789	5895	1470	-2201	717	
2796	-8767	5978	1492	-2195	691	
2690	-8744	6059	1513	-2189	666	
2587	-8720	6141	1530	-2184	638	
2482	-8694	6220	1550	-2176	612	
2375	-8666	6299	1571	-2169	586	
2270	-8639	6377	1590	-2162	560	
2163	-8610	6455	1610	-2154	533	
2057	-8578	6531	1627	-2147	505	
1951	-8546	6605	1645	-2138	480	
1843	-8513	6680	1665	-2130	453	
1737	-8478	6753	1682	-2121	426	
1628	-8442	6825	1701	-2112	400	
1520	-8405	6896	1719	-2103	374	
1411	-8367	6966	1735	-2092	347	
1300	-8327	7035	1752	-2082	319	
1192	-8285	7103	1769	-2072	293	
1084	-8242	7169	1785	-2062	266	
974	-8199	7236	1802	-2050	239	
863	-8155	7301	1818	-2037	215	
754	-8108	7364	1833	-2027	188	
644	-8062	7427	1849	-2015	160	
536	-8014	7488	1864	-2003	135	
427	-7964	7549	1878	-1990	110	
317	-7913	7608	1893	-1976	85	
208	-7860	7666	1907	-1964	59	
98	-7806	7723	1921	-1950	36	
-12	-7753	7778	1934	-1937	10	
-122	-7697	7832	1948	-1923	-17	
-231	-7641	7886	1962	-1906	-50	
-342	-7583	7939	1973	-1893	-94	
-451	-7524	7990	1986	-1878	-137	
-560	-7463	8039	1998	-1862	-167	
-672	-7402	8088	2010	-1847	-184	
-782	-7340	8135	2021	-1832	-200	
-890	-7276	8181	2032	-1816	-224	
-1000	-7212	8226	2044	-1800	-254	
-1110	-7146	8269	2054	-1783	-285	
-1219	-7079	8312	2065	-1767	-314	
-1326	-7012	8353	2075	-1749	-340	
-1436	-6942	8393	2084	-1732	-366	
-1544	-6872	8431	2094	-1715	-394	
-1651	-6802	8467	2104	-1696	-420	
-1760	-6730	8504	2112	-1678	-448	
-1867	-6658	8540	2120	-1659	-475	
-1972	-6583	8573	2129	-1640	-501	
-2079	-6507	8606	2136	-1622	-528	
-2185	-6431	8637	2143	-1603	-555	
-2291	-6355	8665	2150	-1584	-581	
-2398	-6277	8693	2158	-1563	-608	
-2504	-6198	8721	2163	-1545	-633	
-2610	-6118	8746	2170	-1525	-660	
-2714	-6038	8771	2177	-1504	-686	
-2818	-5956	8794	2181	-1484	-713	
-2923	-5873	8816	2187	-1462	-738	
-3026	-5790	8835	2192	-1442	-764	
-3129	-5706	8854	2195	-1420	-790	
-3233	-5621	8873	2200	-1398	-816	
-3335	-5534	8890	2204	-1378	-841	
-3436	-5447	8904	2208	-1356	-867	
-3538	-5360	8918	2211	-1334	-893	
-3639	-5272	8930	2213	-1311	-916	
-3739	-5183	8941	2216	-1289	-942	
-3839	-5094	8952	2218	-1267	-967	
-3938	-5002	8959	2220	-1244	-991	
-4036	-4910	8966	2222	-1221	-1016	
-4133	-4819	8972	2223	-1198	-1040	
-4230	-4725	8976	2223	-1175	-1064	
-4327	-4631	8979	2225	-1151	-1088	
-4422	-4538	8981	2226	-1126	-1111	
-4518	-4442	8982	2223	-1104	-1136	
-4612	-4346	8979	2222	-1080	-1160	
-4706	-4250	8977	2223	-1054	-1182	
-4800	-4153	8974	2222	-1031	-1206	
-4893	-4055	8968	2221	-1006	-1229	
-4985	-3955	8961	2218	-981	-1252	
-5075	-3857	8953	2216	-956	-1274	
-5165	-3758	8945	2214	-931	-1298	
-5254	-3657	8934	2211	-906	-1320	
-5342	-3557	8922	2208	-881	-1342	
-5431	-3455	8909	2205	-857	-1364	
-5518	-3353	8893	2201	-830	-1384	
-5604	-3251	8878	2197	-804	-1407	
-5689	-3147	8861	2191	-781	-1429	
-5773	-3044	8842	2186	-754	-1448	
-5857	-2942	8822	2182	-727	-1468	
-5941	-2837	8801	2177	-702	-1489	
-6022	-2732	8778	2171	-676	-1509	
-6103	-2627	8754	2165	-649	-1529	
-6183	-2523	8730	2158	-622	-1549	
-6263	-2417	8703	2152	-597	-1569	
-6340	-2310	8675	2145	-570	-1587	
-6417	-2204	8645	2137	-543	-1607	
-6493	-2097	8614	2129	-518	-1628	
-6569	-1990	8583	2122	-491	-1645	
-6643	-1883	8550	2114	-463	-1664	
-6717	-1775	8517	2103	-436	-1682	
-6789	-1667	8481	2095	-410	-1699	
-6859	-1559	8444	2087	-383	-1718	
-6930	-1451	8406	2077	-356	-1735	
-6998	-1343	8365	2067	-329	-1752	
-7066	-1232	8325	2057	-302	-1769	
-7134	-1124	8284	2046	-275	-1786	
-7200	-1016	8240	2034	-249	-1805	
-7266	-906	8195	2023	-222	-1820	
-7331	-796	8149	2011	-196	-1834	
-7392	-686	8103	1999	-169	-1850	
-7452	-576	8056	1989	-141	-1865	
-7514	-466	8006	1976	-114	-1879	
-7573	-357	7955	1963	-89	-1894	
-7631	-248	7903	1949	-63	-1909	
-7688	-137	7850	1936	-39	-1923	
-7743	-26	7796	1923	-14	-1937	
-7798	83	7742	1909	12	-1950	
-7851	193	7686	1896	39	-1964	
-7904	304	7627	1882	69	-1976	
-7955	413	7568	1866	101	-1989	
-8007	522	7509	1852	137	-2000	
-8055	633	7448	1836	171	-2013	
-8100	742	7385	1820	201	-2025	
-8148	853	7322	1805	226	-2036	
-8194	962	7258	1789	248	-2048	
-8237	1071	7193	1773	272	-2057	
-8280	1181	7126	1755	298	-2069	
-8321	1289	7058	1739	328	-2078	
-8362	1398	6989	1722	357	-2087	
-8400	1506	6919	1705	384	-2098	
-8437	1614	6848	1687	410	-2107	
-8474	1723	6777	1668	437	-2117	
-8509	1831	6705	1651	464	-2125	
-8545	1937	6631	1632	492	-2133	
-8577	2045	6556	1613	518	-2141	
-8607	2152	6479	1594	545	-2149	
-8637	2259	6403	1574	572	-2157	
-8665	2366	6326	1557	600	-2162	
-8693	2471	6246	1539	626	-2168	
-8719	2577	6167	1515	650	-2176	
-8745	2683	6086	1496	677	-2180	
-8768	2787	6005	1476	703	-2187	
-8789	2891	5922	1455	730	-2192	
-8810	2995	5839	1434	756	-2197	
-8830	3098	5756	1413	782	-2202	
-8847	3202	5670	1392	807	-2206	
-8864	3304	5585	1371	832	-2210	
-8881	3406	5498	1351	859	-2214	
-8895	3508	5410	1328	885	-2218	
-8907	3609	5321	1306	909	-2220	
-8919	3709	5232	1285	934	-2223	
-8929	3809	5143	1262	959	-2225	
-8938	3908	5052	1238	983	-2227	
-8944	4007	4961	1215	1007	-2230	
-8951	4105	4868	1192	1032	-2230	
-8956	4203	4775	1170	1056	-2232	
-8958	4300	4682	1147	1080	-2232	
-8961	4396	4587	1123	1106	-2230	
-8961	4492	4492	1099	1129	-2232	
-8961	4587	4397	1075	1151	-2231	
-8958	4681	4300	1053	1176	-2230	
-8955	4774	4203	1028	1200	-2231	
-8952	4867	4106	1004	1223	-2229	
-8945	4960	4008	981	1246	-2226	
-8938	5051	3909	956	1267	-2224	
-8929	5141	3809	930	1290	-2222	
-8919	5231	3709	904	1312	-2220	
-8907	5320	3609	880	1334	-2217	
-8894	5408	3507	855	1357	-2213	
-8881	5497	3405	830	1379	-2209	
-8864	5583	3303	805	1400	-2205	
-8848	5668	3200	778	1421	-2201	
-8830	5753	3096	755	1442	-2196	
-8810	5837	2993	729	1464	-2191	
-8789	5920	2889	702	1485	-2186	
-8767	6002	2786	677	1505	-2181	
-8743	6084	2680	651	1525	-2174	
-8719	6164	2575	625	1545	-2168	
-8694	6244	2469	598	1564	-2162	
-8666	6323	2363	572	1584	-2154	
-8637	6400	2257	546	1602	-2147	
-8607	6476	2149	519	1621	-2139	
-8576	6553	2042	492	1640	-2131	
-8544	6627	1934	467	1658	-2123	
-8508	6700	1826	440	1678	-2115	
-8474	6774	1718	412	1695	-2105	
-8439	6845	1610	386	1714	-2096	
-8399	6916	1500	360	1732	-2086	
-8361	6986	1392	333	1748	-2077	
-8321	7054	1283	306	1764	-2068	
-8279	7121	1174	280	1781	-2055	
-8239	7189	1065	253	1798	-2045	
-8194	7254	955	227	1814	-2034	
-8149	7318	845	201	1830	-2022	
-8102	7381	736	175	1846	-2011	
-8055	7442	627	149	1861	-1999	
-8005	7503	517	122	1876	-1987	
-7954	7563	407	97	1891	-1973	
-7904	7622	297	71	1904	-1961	
-7853	7680	187	45	1920	-1947	
-7798	7736	76	19	1935	-1934	
-7743	7792	-34	-11	1947	-1922	
-7687	7845	-144	-44	1959	-1907	
-7631	7899	-255	-78	1973	-1892	
-7573	7951	-364	-112	1985	-1877	
-7513	8000	-474	-142	1998	-1863	
-7454	8050	-585	-165	2010	-1847	
-7392	8098	-694	-187	2022	-1831	
-7329	8145	-803	-212	2034	-1816	
-7265	8191	-913	-239	2045	-1800	
-7199	8234	-1023	-269	2056	-1784	
-7134	8278	-1132	-298	2066	-1767	
-7066	8320	-1241	-323	2078	-1750	
-6999	8361	-1350	-349	2088	-1733	
-6931	8400	-1458	-377	2096	-1717	
-6859	8438	-1567	-404	2106	-1698	
-6788	8475	-1676	-430	2114	-1680	
-6716	8510	-1784	-458	2124	-1662	
-6643	8545	-1891	-485	2132	-1643	
-6569	8578	-1998	-510	2139	-1625	
-6495	8610	-2105	-538	2148	-1605	
-6418	8640	-2212	-564	2156	-1586	
-6340	8668	-2319	-589	2163	-1567	
-6261	8697	-2426	-617	2168	-1549	
-6181	8723	-2532	-644	2175	-1528	
-6102	8748	-2637	-668	2182	-1507	
-6022	8772	-2742	-694	2188	-1487	
-5940	8794	-2847	-721	2193	-1466	
-5858	8815	-2951	-747	2198	-1446	
-5773	8836	-3056	-772	2203	-1425	
-5689	8855	-3158	-797	2207	-1404	
-5603	8872	-3262	-823	2211	-1383	
-5517	8888	-3365	-849	2215	-1360	
-5430	8903	-3465	-874	2219	-1339	
-5343	8915	-3567	-899	2221	-1317	
-5256	8928	-3669	-923	2225	-1293	
-5165	8939	-3768	-948	2227	-1272	
-5075	8947	-3867	-973	2228	-1250	
-4983	8955	-3967	-996	2231	-1227	
-4892	8961	-4066	-1021	2233	-1204	
-4799	8968	-4163	-1045	2235	-1180	
-4707	8971	-4261	-1070	2233	-1158	
-4614	8973	-4357	-1095	2234	-1133	
-4518	8975	-4453	-1118	2235	-1110	
-4422	8974	-4548	-1141	2234	-1087	
-4326	8973	-4643	-1165	2234	-1062	
-4229	8969	-4738	-1188	2232	-1037	
-4132	8966	-4831	-1211	2231	-1013	
-4035	8960	-4923	-1233	2230	-989	
-3938	8952	-5015	-1255	2228	-963	
-3838	8944	-5106	-1278	2226	-939	
-3738	8934	-5196	-1300	2223	-914	
-3636	8923	-5285	-1322	2221	-889	
-3537	8911	-5374	-1343	2218	-864	
-3437	8898	-5462	-1367	2212	-839	
-3334	8883	-5549	-1388	2209	-812	
-3232	8866	-5635	-1408	2206	-787	
-3129	8848	-5720	-1429	2199	-762	
-3023	8829	-5805	-1452	2194	-737	
-2920	8809	-5889	-1471	2190	-711	
-2816	8787	-5971	-1492	2184	-684	
-2712	8765	-6053	-1513	2178	-658	
-2608	8741	-6134	-1530	2173	-631	
-2501	8715	-6214	-1551	2166	-606	
-2396	8687	-6293	-1571	2159	-579	
-2290	8658	-6371	-1590	2152	-553	
-2185	8629	-6448	-1608	2145	-526	
-2079	8600	-6523	-1628	2135	-499	
-1970	8567	-6599	-1646	2128	-473	
-1864	8534	-6674	-1664	2120	-446	
-1757	8499	-6746	-1683	2110	-420	
-1649	8462	-6818	-1699	2102	-394	
-1543	8426	-6891	-1717	2092	-367	
-1433	8387	-6960	-1736	2082	-339	
-1326	8348	-7028	-1752	2072	-312	
-1216	8306	-7098	-1768	2062	-284	
-1105	8263	-7164	-1784	2051	-258	
-999	8220	-7230	-1801	2040	-233	
-889	8175	-7295	-1817	2029	-205	
-779	8129	-7358	-1832	2017	-179	
-668	8081	-7422	-1849	2005	-153	
-558	8033	-7482	-1863	1992	-126	
-449	7984	-7542	-1878	1979	-101	
-340	7933	-7601	-1893	1966	-75	
-231	7881	-7660	-1908	1953	-50	
-120	7827	-7716	-1922	1940	-24	
-9	7773	-7772	-1936	1926	-2	
98	7717	-7827	-1949	1912	23	
207	7661	-7880	-1960	1898	52	
319	7603	-7932	-1974	1883	82	
427	7544	-7983	-1985	1869	120	
536	7484	-8034	-1997	1853	160	
648	7422	-8082	-2010	1837	195	
756	7359	-8128	-2022	1822	219	
865	7296	-8175	-2034	1805	238	
976	7231	-8219	-2043	1789	259	
1084	7166	-8263	-2054	1772	285	
1193	7100	-8306	-2065	1756	315	
1303	7031	-8347	-2074	1739	345	
1413	6963	-8387	-2085	1721	372	
1520	6893	-8425	-2094	1704	398	
1629	6822	-8462	-2103	1685	427	
1736	6751	-8498	-2112	1668	453	
1843	6678	-8533	-2121	1650	479	
1951	6603	-8567	-2129	1629	506	
2058	6528	-8599	-2136	1611	533	
2165	6451	-8631	-2143	1592	560	
2272	6375	-8660	-2150	1572	586	
2376	6298	-8688	-2157	1554	612	
2482	6218	-8715	-2163	1533	640	
2586	6138	-8740	-2170	1514	667	
2692	6057	-8765	-2177	1493	692	
2798	5976	-8789	-2181	1472	717	
2901	5894	-8810	-2187	1452	744	
3004	5811	-8830	-2192	1431	770	
3107	5726	-8849	-2195	1411	795	
3211	5641	-8868	-2201	1389	820	
3314	5556	-8884	-2205	1366	846	
3415	5468	-8899	-2207	1344	872	
3516	5380	-8912	-2212	1323	897	
3616	5292	-8924	-2214	1301	922	
3716	5202	-8936	-2215	1278	947	
3815	5112	-8946	-2217	1257	972	
3914	5022	-8954	-2219	1234	997	
4014	4930	-8961	-2221	1210	1021	
4114	4839	-8967	-2222	1188	1046	
4208	4745	-8971	-2224	1163	1069	
4306	4651	-8974	-2224	1140	1093	
4402	4556	-8976	-2223	1117	1118	
4494	4462	-8975	-2224	1092	1140	
4591	4366	-8974	-2225	1068	1164	
4685	4269	-8972	-2224	1044	1189	
4777	4171	-8968	-2222	1021	1212	
4869	4074	-8962	-2220	995	1234	
4962	3976	-8956	-2219	971	1258	
5052	3877	-8948	-2217	946	1280	
5142	3778	-8939	-2214	921	1302	
5232	3677	-8929	-2211	897	1325	
5321	3577	-8917	-2208	871	1347	
5409	3475	-8903	-2206	845	1367	
5495	3374	-8889	-2201	821	1390	
5581	3272	-8873	-2196	796	1412	
5667	3169	-8855	-2192	769	1432	
5753	3066	-8836	-2188	743	1454	
5836	2963	-8816	-2183	718	1475	
5917	2859	-8795	-2176	692	1495	
5999	2753	-8773	-2170	666	1515	
6080	2648	-8749	-2165	639	1536	
6160	2544	-8723	-2158	613	1556	
6239	2438	-8697	-2152	587	1574	
6317	2331	-8669	-2144	560	1595	
6396	2225	-8640	-2136	534	1614	
6471	2118	-8609	-2131	506	1631	
6545	2010	-8577	-2121	481	1651	
6622	1904	-8544	-2112	454	1668	
6696	1796	-8511	-2104	427	1687	
6766	1687	-8475	-2096	400	1704	
6837	1580	-8437	-2086	373	1723	
6906	1472	-8400	-2076	347	1741	
6976	1362	-8360	-2067	318	1757	
7044	1254	-8318	-2056	292	1774	
7111	1145	-8277	-2044	267	1790	
7178	1036	-8234	-2035	240	1807	
7242	926	-8190	-2023	213	1823	
7307	817	-8145	-2011	187	1840	
7368	707	-8096	-2000	160	1855	
7430	597	-8049	-1987	135	1869	
7491	487	-8000	-1975	110	1886	
7550	378	-7949	-1962	83	1901	
7609	267	-7898	-1951	57	1914	
7665	157	-7845	-1937	31	1928	
7721	48	-7790	-1922	5	1941	
7777	-63	-7734	-1909	-24	1956	
7830	-172	-7678	-1895	-58	1969	
7883	-282	-7621	-1880	-95	1981	
7933	-393	-7562	-1866	-132	1993	
7982	-502	-7502	-1851	-160	2006	
8032	-612	-7441	-1834	-182	2019	
8080	-723	-7379	-1819	-202	2031	
8127	-831	-7316	-1804	-227	2042	
8171	-941	-7252	-1787	-257	2053	
8215	-1051	-7186	-1769	-286	2064	
8258	-1159	-7119	-1755	-316	2074	
8300	-1267	-7052	-1737	-341	2083	
8340	-1376	-6983	-1721	-368	2093	
8378	-1484	-6914	-1705	-395	2103	
8416	-1593	-6843	-1686	-422	2112	
8453	-1702	-6771	-1669	-450	2122	
8487	-1809	-6699	-1650	-476	2129	
8520	-1916	-6624	-1631	-504	2137	
8554	-2024	-6549	-1612	-529	2147	
8585	-2131	-6474	-1593	-556	2154	
8614	-2238	-6397	-1575	-583	2160	
8643	-2344	-6319	-1554	-609	2168	
8671	-2450	-6241	-1535	-636	2175	
8698	-2556	-6161	-1516	-663	2182	
8721	-2660	-6080	-1496	-690	2188	
8745	-2766	-5999	-1475	-715	2192	
8768	-2870	-5917	-1454	-740	2198	
8788	-2973	-5833	-1434	-767	2203	
8807	-3078	-5749	-1413	-792	2207	
8825	-3180	-5664	-1392	-819	2212	
8841	-3282	-5579	-1372	-845	2216	
8857	-3384	-5492	-1348	-868	2221	
8871	-3487	-5404	-1328	-894	2223	
8883	-3588	-5316	-1305	-920	2225	
8895	-3687	-5227	-1283	-944	2229	
8905	-3788	-5137	-1260	-969	2231	
8914	-3888	-5046	-1238	-994	2233	
8922	-3986	-4955	-1216	-1019	2235	
8928	-4085	-4862	-1191	-1043	2237	
8932	-4182	-4769	-1169	-1067	2237	
8935	-4278	-4676	-1145	-1092	2238	
8938	-4375	-4581	-1122	-1116	2239	
8941	-4470	-4485	-1099	-1139	2238	
8938	-4565	-4390	-1075	-1164	2238	
8935	-4659	-4294	-1051	-1188	2238	
8932	-4753	-4197	-1027	-1210	2235	
8927	-4847	-4100	-1002	-1233	2234	
8922	-4937	-4000	-978	-1257	2232	
8914	-5029	-3901	-954	-1279	2231	
8906	-5121	-3802	-929	-1300	2228	
8896	-5209	-3702	-904	-1324	2225	
8883	-5299	-3602	-879	-1346	2223	
8871	-5387	-3500	-854	-1368	2219	
8856	-5475	-3398	-828	-1390	2216	
8841	-5561	-3296	-804	-1411	2212	
8825	-5646	-3193	-778	-1432	2207	
8806	-5732	-3089	-753	-1453	2202	
8788	-5816	-2986	-727	-1476	2197	
8766	-5899	-2883	-700	-1495	2192	
8743	-5982	-2778	-675	-1515	2186	
8720	-6062	-2672	-650	-1536	2179	
8694	-6143	-2567	-621	-1555	2174	
8669	-6223	-2461	-597	-1575	2168	
8642	-6302	-2355	-570	-1596	2161	
8612	-6380	-2248	-542	-1614	2153	
8584	-6456	-2141	-518	-1633	2145	
8552	-6531	-2034	-492	-1652	2136	
8519	-6606	-1925	-465	-1670	2129	
8486	-6680	-1817	-439	-1688	2121	
8450	-6752	-1711	-412	-1708	2111	
8413	-6824	-1603	-385	-1725	2102	
8376	-6894	-1494	-357	-1741	2092	
8337	-6965	-1385	-332	-1759	2081	
8298	-7032	-1277	-306	-1778	2071	
8257	-7100	-1168	-277	-1794	2062	
8213	-7168	-1058	-251	-1810	2051	
8169	-7232	-949	-224	-1826	2039	
8124	-7297	-839	-197	-1841	2029	
8077	-7360	-729	-171	-1855	2016	
8030	-7421	-619	-144	-1872	2004	
7980	-7483	-509	-118	-1887	1992	
7932	-7543	-400	-92	-1901	1979	
7880	-7601	-289	-68	-1918	1966	
7827	-7658	-179	-41	-1931	1953	
7775	-7714	-68	-14	-1944	1940	
7718	-7771	42	10	-1958	1925	
7663	-7825	151	36	-1972	1911	
7607	-7878	261	65	-1985	1897	
7548	-7930	371	95	-1998	1883	
7489	-7979	482	128	-2011	1868	
7428	-8029	592	160	-2022	1853	
7367	-8077	701	191	-2033	1838	
7304	-8123	811	219	-2045	1820	
7241	-8169	919	243	-2056	1805	
7176	-8215	1029	267	-2067	1789	
7111	-8256	1139	292	-2078	1771	
7044	-8299	1248	321	-2088	1755	
6974	-8339	1356	351	-2096	1738	
6907	-8379	1465	376	-2107	1721	
6836	-8417	1574	403	-2116	1703	
6764	-8454	1682	430	-2126	1684	
6691	-8490	1791	457	-2135	1666	
6618	-8523	1900	485	-2142	1649	
6546	-8557	2007	510	-2152	1629	
6469	-8589	2114	537	-2159	1612	
6393	-8619	2220	563	-2166	1592	
6316	-8649	2327	591	-2173	1572	
6236	-8677	2434	616	-2180	1553	
6160	-8703	2540	641	-2188	1532	
6079	-8728	2646	669	-2192	1513	
5998	-8751	2751	694	-2197	1492	
5917	-8774	2854	721	-2203	1472	
5832	-8795	2960	746	-2208	1452	
5750	-8814	3063	771	-2215	1430	
5665	-8833	3166	798	-2219	1409	
5580	-8851	3269	822	-2222	1389	
5494	-8867	3371	847	-2226	1366	
5406	-8882	3472	873	-2230	1344	
5320	-8896	3574	898	-2233	1322	
5230	-8908	3676	924	-2236	1299	
5140	-8917	3776	948	-2238	1276	
5050	-8927	3876	973	-2239	1255	
4958	-8934	3975	998	-2242	1232	
4868	-8941	4073	1022	-2242	1208	
4776	-8947	4171	1048	-2243	1186	
4683	-8950	4268	1070	-2245	1163	
4589	-8953	4365	1094	-2245	1140	
4494	-8953	4461	1118	-2245	1115	
4401	-8954	4556	1141	-2246	1092	
4304	-8952	4651	1165	-2244	1069	
4206	-8948	4745	1188	-2244	1043	
4110	-8944	4838	1211	-2243	1019	
4011	-8939	4931	1234	-2240	994	
3912	-8931	5023	1257	-2238	970	
3814	-8924	5114	1279	-2236	945	
3715	-8914	5204	1300	-2234	919	
3615	-8902	5292	1324	-2230	896	
3514	-8891	5382	1346	-2226	870	
3412	-8877	5470	1366	-2225	844	
3311	-8862	5555	1388	-2220	820	
3208	-8846	5642	1410	-2215	794	
3106	-8828	5727	1429	-2212	767	
3003	-8808	5811	1450	-2206	742	
2899	-8787	5896	1471	-2200	717	
2796	-8768	5977	1491	-2195	691	
2691	-8744	6059	1512	-2190	664	
2586	-8720	6141	1533	-2183	640	
2482	-8694	6221	1552	-2176	612	
2375	-8666	6300	1571	-2169	585	
2268	-8638	6377	1590	-2161	560	
2162	-8609	6455	1610	-2154	534	
2055	-8579	6532	1627	-2146	507	
1948	-8546	6607	1646	-2139	480	
1841	-8512	6681	1664	-2131	454	
1733	-8478	6753	1683	-2121	427	
1626	-8442	6826	1700	-2113	400	
1517	-8404	6897	1718	-2101	374	
1409	-8365	6967	1736	-2091	346	
1301	-8326	7037	1752	-2083	319	
1191	-8285	7104	1770	-2071	293	
1081	-8243	7172	1787	-2060	266	
973	-8198	7237	1803	-2050	239	
862	-8153	7301	1818	-2038	214	
753	-8108	7365	1834	-2027	188	
642	-8061	7428	1849	-2015	160	
534	-8013	7490	1864	-2003	135	
425	-7964	7550	1878	-1990	109	
314	-7913	7608	1893	-1977	84	
205	-7859	7666	1906	-1965	59	
96	-7807	7723	1921	-1950	35	
-14	-7752	7779	1935	-1937	10	
-123	-7696	7834	1947	-1923	-18	
-233	-7640	7887	1961	-1907	-50	
-343	-7582	7939	1974	-1893	-93	
-452	-7524	7990	1986	-1877	-137	
