-1515	-6892	8420	2092	-1719	-386	
-1623	-6821	8458	2100	-1701	-413	
-1730	-6750	8495	2110	-1683	-441	
-1837	-6678	8530	2118	-1665	-466	
-1944	-6603	8564	2125	-1647	-493	
-2050	-6528	8597	2134	-1628	-521	
-2154	-6452	8628	2142	-1608	-546	
-2261	-6376	8658	2149	-1588	-574	
-2368	-6298	8686	2155	-1569	-602	
-2475	-6220	8714	2163	-1549	-626	
-2579	-6141	8740	2169	-1529	-653	
-2685	-6059	8764	2173	-1511	-680	
-2790	-5978	8788	2180	-1490	-706	
-2894	-5896	8809	2184	-1469	-732	
-2998	-5813	8830	2190	-1447	-757	
-3101	-5729	8850	2195	-1426	-783	
-3204	-5643	8868	2198	-1405	-809	
-3307	-5558	8885	2203	-1384	-835	
-3409	-5471	8900	2207	-1362	-859	
-3509	-5383	8914	2210	-1340	-885	
-3611	-5296	8928	2213	-1317	-911	
-3712	-5208	8940	2216	-1295	-933	
-3810	-5117	8949	2219	-1271	-959	
-3910	-5027	8957	2219	-1250	-985	
-4009	-4935	8964	2221	-1228	-1009	
-4108	-4843	8970	2224	-1203	-1033	
-4203	-4750	8975	2224	-1181	-1056	
-4301	-4657	8980	2224	-1158	-1081	
-4398	-4564	8981	2226	-1133	-1106	
-4492	-4469	8981	2225	-1109	-1129	
-4587	-4373	8980	2224	-1086	-1153	
-4680	-4276	8978	2223	-1062	-1175	
-4775	-4179	8975	2222	-1036	-1200	
-4866	-4080	8970	2221	-1012	-1223	
-4958	-3983	8964	2221	-987	-1245	
-5051	-3883	8956	2219	-962	-1268	
-5140	-3784	8947	2214	-939	-1291	
-5229	-3685	8938	2212	-914	-1312	
-5319	-3584	8925	2209	-888	-1334	
-5406	-3483	8912	2205	-864	-1357	
-5493	-3381	8898	2202	-837	-1378	
-5579	-3279	8882	2198	-811	-1400	
-5666	-3177	8866	2193	-786	-1421	
-5750	-3073	8847	2189	-760	-1441	
-5834	-2969	8827	2184	-735	-1463	
-5918	-2865	8807	2178	-708	-1484	
-5999	-2760	8784	2172	-682	-1504	
-6080	-2656	8761	2168	-656	-1524	
-6160	-2550	8736	2162	-629	-1544	
-6240	-2445	8711	2152	-605	-1564	
-6320	-2338	8683	2147	-578	-1584	
-6397	-2231	8654	2139	-551	-1603	
-6472	-2126	8624	2131	-524	-1622	
-6547	-2018	8592	2124	-497	-1640	
-6622	-1911	8560	2115	-471	-1658	
-6697	-1804	8526	2108	-445	-1676	
-6771	-1696	8490	2099	-418	-1694	
-6840	-1588	8454	2089	-390	-1713	
-6911	-1480	8416	2080	-363	-1730	
-6981	-1372	8377	2069	-336	-1747	
-7046	-1262	8336	2059	-309	-1765	
-7115	-1154	8295	2049	-282	-1781	
-7184	-1045	8252	2037	-256	-1797	
-7247	-935	8208	2027	-229	-1814	
-7311	-827	8163	2015	-202	-1830	
-7375	-717	8116	2003	-176	-1845	
-7437	-606	8068	1992	-148	-1860	
-7498	-496	8019	1979	-122	-1875	
-7557	-387	7969	1967	-96	-1890	
-7615	-276	7918	1954	-70	-1903	
-7672	-167	7865	1939	-46	-1919	
-7728	-56	7811	1927	-20	-1933	
-7784	54	7757	1914	7	-1947	
-7838	163	7700	1899	32	-1960	
-7891	274	7642	1885	60	-1972	
-7942	384	7584	1870	92	-1985	
-7991	492	7525	1855	127	-1997	
-8041	602	7464	1840	161	-2008	
-8089	713	7402	1824	193	-2020	
-8136	823	7339	1809	220	-2033	
-8181	932	7275	1792	242	-2045	
-8225	1041	7210	1777	266	-2054	
-8268	1150	7144	1760	291	-2065	
-8311	1260	7077	1742	319	-2075	
-8351	1368	7008	1728	350	-2086	
-8392	1477	6939	1710	378	-2095	
-8430	1585	6868	1690	403	-2104	
-8465	1693	6797	1674	430	-2114	
-8500	1801	6724	1655	456	-2122	
-8535	1908	6651	1637	484	-2130	
-8567	2017	6576	1618	511	-2137	
-8598	2123	6500	1600	538	-2145	
-8628	2230	6425	1581	564	-2154	
-8658	2337	6347	1561	591	-2160	
-8685	2442	6268	1542	618	-2167	
-8713	2549	6188	1522	643	-2174	
-8738	2653	6108	1501	670	-2180	
-8761	2759	6027	1482	697	-2184	
-8784	2864	5945	1461	722	-2190	
-8804	2967	5862	1439	747	-2196	
-8825	3070	5778	1420	774	-2200	
-8843	3173	5693	1399	801	-2204	
-8860	3276	5608	1376	826	-2209	
-8877	3378	5522	1355	851	-2213	
-8891	3479	5435	1334	877	-2216	
-8904	3581	5346	1312	902	-2218	
-8915	3682	5257	1289	927	-2222	
-8926	3781	5167	1267	952	-2224	
-8936	3882	5077	1244	976	-2227	
-8943	3981	4986	1222	1000	-2229	
-8950	4079	4893	1199	1026	-2230	
-8954	4177	4801	1175	1049	-2231	
-8957	4273	4707	1153	1074	-2232	
-8960	4370	4612	1130	1098	-2231	
-8961	4467	4518	1105	1121	-2232	
-8961	4561	4423	1082	1145	-2233	
-8959	4655	4326	1059	1170	-2231	
-8956	4749	4229	1034	1193	-2230	
-8952	4842	4132	1009	1216	-2229	
-8946	4935	4034	986	1239	-2227	
-8939	5026	3935	961	1262	-2225	
-8931	5117	3836	936	1283	-2223	
-8921	5206	3736	912	1307	-2220	
-8910	5296	3635	888	1331	-2218	
-8899	5385	3534	862	1351	-2215	
-8883	5472	3432	836	1373	-2211	
-8868	5559	3330	812	1394	-2207	
-8854	5645	3228	786	1414	-2202	
-8835	5730	3125	760	1436	-2199	
-8814	5814	3021	735	1457	-2193	
-8794	5898	2917	709	1478	-2186	
-8775	5980	2813	683	1499	-2182	
-8752	6062	2709	657	1518	-2176	
-8727	6143	2604	631	1539	-2169	
-8702	6222	2499	606	1559	-2163	
-8672	6301	2392	580	1579	-2157	
-8645	6379	2285	554	1599	-2149	
-8616	6456	2179	526	1616	-2141	
-8585	6531	2071	499	1635	-2133	
-8553	6606	1962	473	1655	-2125	
-8519	6681	1855	447	1672	-2118	
-8483	6753	1747	422	1690	-2108	
-8448	6826	1640	393	1708	-2099	
-8412	6897	1531	366	1726	-2089	
-8371	6966	1422	340	1745	-2079	
-8332	7036	1313	313	1761	-2069	
-8291	7103	1203	288	1777	-2059	
-8250	7170	1094	262	1795	-2047	
-8206	7236	985	233	1810	-2038	
-8160	7301	876	209	1827	-2026	
-8116	7364	765	183	1842	-2013	
-8066	7426	656	155	1856	-2002	
-8017	7487	546	129	1872	-1990	
-7969	7548	436	103	1887	-1977	
-7917	7607	327	79	1902	-1964	
-7865	7664	216	51	1916	-1951	
-7813	7722	106	26	1929	-1938	
-7758	7777	-4	-2	1944	-1923	
-7702	7831	-114	-34	1957	-1910	
-7646	7884	-224	-67	1970	-1896	
-7589	7935	-334	-101	1984	-1880	
-7529	7986	-444	-133	1996	-1867	
-7468	8036	-555	-158	2008	-1851	
-7407	8085	-665	-180	2020	-1834	
-7347	8132	-774	-204	2030	-1819	
-7283	8179	-883	-232	2041	-1803	
-7218	8223	-993	-261	2054	-1787	
-7152	8266	-1102	-288	2065	-1771	
-7085	8308	-1211	-315	2073	-1754	
-7018	8350	-1321	-342	2084	-1737	
-6949	8389	-1430	-369	2094	-1720	
-6879	8427	-1538	-396	2104	-1703	
-6807	8465	-1646	-424	2113	-1684	
-6734	8500	-1754	-450	2121	-1666	
-6663	8534	-1862	-475	2131	-1648	
-6588	8569	-1969	-501	2139	-1630	
-6514	8601	-2076	-530	2146	-1611	
-6438	8632	-2183	-557	2153	-1591	
-6361	8661	-2291	-583	2160	-1572	
-6284	8689	-2396	-610	2167	-1553	
-6204	8716	-2503	-636	2173	-1533	
-6123	8741	-2609	-662	2180	-1513	
-6042	8765	-2714	-689	2186	-1493	
-5962	8789	-2820	-714	2192	-1472	
-5879	8810	-2924	-741	2197	-1451	
-5795	8831	-3028	-766	2202	-1429	
-5711	8850	-3131	-790	2206	-1409	
-5627	8867	-3234	-816	2210	-1389	
-5540	8884	-3336	-839	2215	-1365	
-5453	8898	-3439	-866	2218	-1344	
-5367	8912	-3541	-893	2220	-1323	
-5279	8925	-3640	-917	2222	-1299	
-5189	8936	-3741	-942	2226	-1278	
-5099	8945	-3841	-966	2228	-1255	
-5007	8952	-3939	-991	2229	-1232	
-4915	8960	-4038	-1016	2232	-1209	
-4824	8966	-4137	-1040	2232	-1186	
-4733	8969	-4234	-1063	2234	-1163	
-4639	8972	-4332	-1087	2234	-1139	
-4543	8974	-4428	-1110	2235	-1115	
-4450	8974	-4522	-1134	2235	-1091	
-4354	8973	-4617	-1157	2234	-1066	
-4256	8971	-4712	-1181	2234	-1043	
-4159	8966	-4805	-1205	2232	-1019	
-4061	8961	-4897	-1226	2230	-994	
-3964	8955	-4990	-1250	2228	-969	
-3865	8947	-5081	-1273	2226	-945	
-3766	8938	-5171	-1295	2224	-920	
-3666	8928	-5261	-1316	2221	-895	
-3564	8915	-5350	-1338	2218	-870	
-3463	8901	-5438	-1359	2213	-845	
-3362	8887	-5525	-1382	2210	-820	
-3260	8870	-5612	-1403	2207	-795	
-3157	8854	-5697	-1423	2203	-769	
-3054	8835	-5781	-1444	2197	-742	
-2950	8815	-5865	-1466	2191	-717	
-2845	8794	-5949	-1487	2187	-691	
-2740	8771	-6031	-1506	2180	-664	
-2636	8747	-6112	-1527	2174	-640	
-2531	8721	-6192	-1547	2168	-613	
-2425	8694	-6272	-1565	2160	-585	
-2319	8667	-6350	-1586	2153	-559	
-2213	8638	-6426	-1604	2145	-533	
-2106	8607	-6503	-1622	2137	-507	
-2001	8575	-6579	-1642	2130	-481	
-1895	8543	-6653	-1658	2122	-454	
-1787	8508	-6726	-1677	2114	-426	
-1679	8472	-6799	-1695	2105	-399	
-1572	8435	-6871	-1713	2094	-373	
-1465	8397	-6941	-1730	2084	-346	
-1356	8358	-7010	-1747	2075	-321	
-1247	8318	-7078	-1765	2064	-293	
-1137	8276	-7146	-1781	2054	-266	
-1028	8233	-7212	-1797	2043	-239	
-918	8189	-7277	-1813	2031	-212	
-808	8142	-7341	-1828	2020	-185	
-699	8094	-7404	-1845	2007	-159	
-589	8047	-7465	-1860	1995	-133	
-479	7998	-7526	-1874	1983	-107	
-368	7948	-7586	-1889	1970	-82	
-259	7896	-7644	-1904	1957	-57	
-150	7842	-7701	-1918	1942	-32	
-40	7789	-7757	-1930	1930	-7	
69	7734	-7812	-1944	1915	16	
178	7676	-7865	-1957	1901	43	
288	7619	-7917	-1969	1888	74	
398	7561	-7970	-1982	1873	109	
508	7500	-8020	-1994	1858	151	
618	7440	-8068	-2007	1842	187	
727	7377	-8116	-2020	1825	212	
837	7314	-8162	-2029	1810	231	
946	7250	-8207	-2040	1794	253	
1054	7185	-8252	-2052	1778	278	
1162	7119	-8294	-2062	1760	306	
1274	7051	-8336	-2072	1745	336	
1383	6983	-8376	-2082	1726	365	
1492	6913	-8414	-2091	1708	392	
1600	6842	-8453	-2100	1691	418	
1708	6770	-8489	-2109	1672	444	
1816	6698	-8524	-2118	1654	472	
1923	6624	-8558	-2126	1636	499	
2030	6549	-8590	-2134	1616	525	
2135	6473	-8622	-2142	1597	550	
2242	6396	-8652	-2149	1579	578	
2348	6319	-8680	-2155	1560	605	
2452	6240	-8708	-2163	1538	630	
2559	6160	-8733	-2169	1519	657	
2664	6080	-8758	-2174	1499	684	
2767	5998	-8782	-2180	1478	710	
2872	5916	-8804	-2184	1458	737	
2976	5834	-8824	-2189	1437	763	
3080	5749	-8844	-2195	1416	788	
3183	5664	-8862	-2199	1394	814	
3285	5579	-8879	-2201	1373	840	
3386	5492	-8895	-2206	1351	864	
3488	5405	-8908	-2210	1329	889	
3590	5316	-8921	-2212	1308	915	
3690	5227	-8933	-2216	1285	940	
3789	5137	-8943	-2219	1261	963	
3888	5046	-8952	-2220	1237	986	
3988	4955	-8960	-2222	1215	1012	
4085	4863	-8965	-2223	1193	1038	
4181	4770	-8970	-2223	1169	1063	
4279	4676	-8973	-2224	1147	1087	
4374	4582	-8974	-2224	1123	1110	
4470	4487	-8975	-2224	1099	1135	
4565	4392	-8975	-2224	1075	1159	
4659	4296	-8972	-2224	1051	1181	
4753	4199	-8969	-2223	1026	1205	
4845	4101	-8965	-2220	1004	1227	
4938	4004	-8958	-2220	978	1250	
5028	3905	-8951	-2218	951	1272	
5118	3804	-8942	-2215	929	1295	
5209	3704	-8932	-2212	903	1319	
5296	3604	-8920	-2209	878	1340	
5386	3504	-8907	-2206	853	1362	
5474	3402	-8892	-2202	827	1384	
5559	3299	-8878	-2197	802	1405	
5645	3197	-8860	-2193	776	1426	
5730	3094	-8842	-2189	751	1448	
5813	2990	-8822	-2183	724	1469	
5895	2886	-8801	-2177	699	1489	
5977	2781	-8779	-2172	675	1509	
6058	2677	-8755	-2167	645	1529	
6140	2571	-8732	-2161	620	1549	
6218	2467	-8704	-2153	595	1569	
6295	2360	-8677	-2146	567	1588	
6373	2254	-8648	-2139	541	1607	
6450	2149	-8617	-2131	514	1627	
6526	2040	-8586	-2124	489	1646	
6599	1932	-8553	-2115	461	1664	
6673	1825	-8520	-2106	434	1683	
6746	1717	-8485	-2098	408	1700	
6818	1609	-8448	-2087	380	1718	
6890	1501	-8410	-2078	354	1735	
6959	1392	-8372	-2069	327	1753	
7025	1283	-8331	-2060	300	1769	
7093	1174	-8288	-2049	274	1786	
7160	1065	-8245	-2037	247	1803	
7226	956	-8202	-2027	219	1819	
7290	846	-8157	-2015	194	1835	
7353	736	-8110	-2004	167	1851	
7414	626	-8062	-1992	140	1867	
7475	516	-8014	-1979	115	1881	
7536	408	-7963	-1967	89	1895	
7593	297	-7911	-1954	64	1910	
7649	187	-7859	-1939	39	1925	
7706	78	-7805	-1926	13	1939	
7762	-32	-7750	-1913	-16	1952	
7815	-142	-7694	-1898	-48	1965	
7868	-253	-7637	-1884	-85	1978	
7920	-363	-7578	-1870	-123	1991	
7970	-472	-7519	-1855	-154	2002	
8019	-583	-7458	-1840	-176	2015	
8066	-692	-7396	-1824	-196	2027	
8113	-802	-7333	-1809	-221	2037	
8159	-911	-7269	-1793	-249	2049	
8204	-1020	-7204	-1776	-279	2060	
8246	-1129	-7138	-1759	-308	2071	
8288	-1238	-7071	-1742	-333	2082	
8328	-1347	-7001	-1725	-360	2090	
8367	-1457	-6932	-1707	-386	2100	
8405	-1565	-6861	-1689	-413	2110	
8441	-1672	-6790	-1672	-442	2119	
8477	-1780	-6719	-1655	-469	2128	
8511	-1888	-6645	-1637	-497	2136	
8544	-1994	-6570	-1618	-523	2144	
8575	-2101	-6495	-1600	-549	2152	
8606	-2208	-6418	-1580	-576	2159	
8635	-2315	-6340	-1561	-601	2166	
8662	-2421	-6262	-1542	-629	2172	
8690	-2526	-6183	-1521	-655	2180	
8715	-2632	-6102	-1500	-681	2185	
8738	-2737	-6021	-1481	-708	2190	
8762	-2841	-5939	-1459	-733	2197	
8781	-2945	-5856	-1439	-758	2202	
8802	-3049	-5772	-1420	-786	2207	
8822	-3152	-5688	-1397	-812	2211	
8837	-3254	-5601	-1376	-837	2214	
8853	-3358	-5514	-1354	-863	2219	
8867	-3459	-5428	-1333	-889	2222	
8881	-3560	-5340	-1312	-913	2225	
8893	-3660	-5251	-1288	-938	2228	
8903	-3761	-5161	-1268	-963	2230	
8913	-3860	-5071	-1244	-988	2233	
8920	-3959	-4979	-1220	-1012	2234	
8926	-4058	-4887	-1199	-1036	2235	
8930	-4155	-4795	-1175	-1061	2237	
8935	-4251	-4701	-1152	-1085	2237	
8938	-4349	-4607	-1129	-1110	2237	
8937	-4444	-4512	-1105	-1133	2237	
8938	-4539	-4416	-1081	-1157	2236	
8935	-4634	-4321	-1058	-1181	2236	
8933	-4728	-4224	-1033	-1204	2235	
8929	-4821	-4126	-1009	-1228	2235	
8924	-4912	-4027	-984	-1251	2233	
8916	-5004	-3929	-960	-1273	2232	
8907	-5095	-3829	-935	-1295	2231	
8898	-5185	-3729	-910	-1317	2226	
8886	-5275	-3628	-886	-1339	2222	
8874	-5363	-3527	-860	-1361	2221	
8860	-5451	-3426	-835	-1385	2216	
8845	-5538	-3323	-811	-1406	2211	
8829	-5624	-3221	-784	-1426	2209	
8810	-5710	-3118	-759	-1448	2204	
8791	-5793	-3014	-733	-1469	2199	
8771	-5877	-2911	-707	-1490	2194	
8749	-5960	-2806	-683	-1510	2188	
8726	-6041	-2700	-655	-1530	2181	
8703	-6122	-2596	-630	-1550	2176	
8678	-6200	-2490	-605	-1569	2169	
8650	-6279	-2384	-577	-1589	2162	
8621	-6358	-2277	-550	-1607	2155	
8592	-6435	-2170	-524	-1627	2149	
8561	-6511	-2064	-499	-1646	2139	
8529	-6586	-1955	-472	-1666	2129	
8496	-6660	-1848	-445	-1683	2123	
8461	-6733	-1741	-419	-1701	2114	
8425	-6804	-1633	-391	-1721	2104	
8387	-6875	-1523	-365	-1737	2095	
8349	-6946	-1414	-339	-1754	2084	
8311	-7014	-1306	-311	-1771	2073	
8268	-7082	-1197	-286	-1789	2064	
8227	-7148	-1088	-260	-1806	2053	
8182	-7214	-979	-231	-1820	2042	
8137	-7280	-869	-204	-1835	2032	
8093	-7342	-759	-177	-1852	2020	
8043	-7404	-649	-152	-1868	2008	
7995	-7466	-539	-126	-1884	1995	
7945	-7526	-429	-99	-1899	1983	
7895	-7586	-320	-73	-1912	1971	
7844	-7643	-209	-47	-1927	1957	
7790	-7699	-99	-23	-1941	1943	
7736	-7756	11	4	-1955	1929	
7679	-7809	121	31	-1968	1916	
7623	-7862	231	57	-1981	1901	
7565	-7914	341	86	-1995	1886	
7505	-7965	451	120	-2005	1872	
7447	-8015	561	152	-2018	1856	
7384	-8063	671	182	-2030	1840	
7321	-8110	780	211	-2042	1826	
7258	-8156	890	236	-2053	1810	
7193	-8202	1000	261	-2064	1792	
7127	-8246	1110	286	-2076	1776	
7060	-8288	1219	313	-2085	1759	
6993	-8329	1327	341	-2096	1743	
6923	-8368	1437	370	-2106	1726	
6853	-8406	1545	398	-2114	1708	
6783	-8444	1653	421	-2124	1689	
6711	-8480	1762	449	-2133	1671	
6639	-8514	1869	478	-2141	1654	
6564	-8547	1978	502	-2149	1634	
6489	-8581	2086	529	-2157	1615	
6416	-8611	2191	557	-2164	1597	
6339	-8640	2299	582	-2172	1577	
6260	-8669	2405	608	-2179	1558	
6181	-8695	2512	635	-2185	1538	
6101	-8720	2617	661	-2192	1517	
6020	-8745	2722	688	-2197	1497	
5939	-8769	2828	714	-2202	1477	
5857	-8789	2930	740	-2208	1456	
5772	-8809	3035	764	-2213	1435	
5689	-8829	3139	791	-2217	1414	
5604	-8846	3241	817	-2220	1393	
5517	-8862	3343	840	-2225	1371	
5431	-8877	3445	866	-2228	1350	
5342	-8892	3548	893	-2230	1329	
5254	-8903	3649	917	-2234	1307	
5166	-8914	3749	942	-2238	1284	
5075	-8924	3849	966	-2240	1261	
4984	-8932	3947	990	-2242	1237	
4893	-8940	4046	1016	-2244	1215	
4802	-8945	4145	1039	-2244	1192	
4707	-8949	4242	1062	-2245	1168	
4614	-8952	4339	1087	-2246	1145	
4521	-8954	4434	1111	-2246	1120	
4424	-8954	4530	1135	-2246	1097	
4330	-8952	4625	1157	-2246	1073	
4233	-8950	4719	1181	-2244	1049	
4135	-8946	4813	1205	-2242	1025	
4037	-8941	4905	1226	-2242	1000	
3938	-8934	4997	1250	-2239	976	
3840	-8926	5089	1273	-2236	950	
3741	-8917	5179	1294	-2235	926	
3641	-8906	5268	1317	-2232	901	
3540	-8894	5357	1338	-2229	876	
3439	-8881	5445	1360	-2226	851	
3339	-8866	5532	1382	-2222	825	
3237	-8850	5619	1403	-2216	800	
3134	-8834	5704	1424	-2213	774	
3030	-8815	5789	1444	-2208	748	
2926	-8795	5873	1466	-2202	723	
2824	-8772	5956	1486	-2197	697	
2720	-8750	6038	1506	-2191	671	
2614	-8726	6118	1527	-2185	646	
2510	-8700	6199	1546	-2179	619	
2403	-8675	6278	1565	-2172	593	
2297	-8646	6357	1585	-2164	567	
2191	-8618	6435	1604	-2156	540	
2084	-8587	6510	1623	-2149	514	
1978	-8554	6586	1643	-2140	487	
1871	-8522	6660	1660	-2132	460	
1763	-8487	6733	1677	-2124	433	
1655	-8450	6806	1695	-2114	407	
1547	-8414	6878	1713	-2104	381	
1439	-8376	6948	1730	-2095	353	
1330	-8338	7017	1748	-2086	327	
1221	-8296	7085	1764	-2075	300	
1112	-8254	7153	1781	-2065	273	
1003	-8211	7218	1798	-2053	246	
894	-8166	7283	1813	-2042	219	
785	-8121	7348	1828	-2031	193	
674	-8074	7411	1845	-2018	167	
564	-8026	7472	1860	-2006	142	
455	-7976	7533	1874	-1994	115	
345	-7926	7592	1889	-1980	90	
236	-7875	7650	1903	-1966	67	
126	-7821	7707	1917	-1953	41	
16	-7768	7764	1931	-1941	17	
-94	-7712	7819	1945	-1927	-10	
-204	-7655	7872	1958	-1913	-42	
-313	-7598	7925	1970	-1898	-83	
-424	-7540	7976	1982	-1883	-127	
-534	-7479	8027	1994	-1868	-160	
-643	-7419	8075	2007	-1852	-180	
-752	-7357	8122	2020	-1836	-196	
-862	-7293	8169	2032	-1820	-217	
-971	-7229	8214	2041	-1803	-246	
-1080	-7163	8258	2052	-1787	-278	
-1190	-7097	8301	2062	-1771	-307	
-1298	-7029	8342	2071	-1755	-333	
-1407	-6961	8383	2082	-1737	-359	
-1516	-6891	8421	2092	-1718	-386	
-1623	-6820	8460	2100	-1701	-413	
-1731	-6749	8495	2109	-1683	-441	
-1838	-6677	8530	2118	-1665	-467	
-1946	-6602	8564	2126	-1647	-494	
-2051	-6527	8596	2134	-1628	-521	
-2158	-6452	8627	2142	-1608	-546	
-2264	-6375	8658	2149	-1589	-575	
-2369	-6297	8687	2155	-1568	-601	
-2476	-6219	8714	2164	-1548	-626	
-2580	-6139	8740	2168	-1531	-654	
-2685	-6058	8765	2173	-1510	-680	
-2791	-5977	8788	2181	-1488	-706	
-2894	-5895	8809	2184	-1468	-731	
-2999	-5813	8830	2189	-1448	-757	
-3102	-5729	8849	2195	-1427	-784	
-3204	-5643	8868	2198	-1405	-809	
-3306	-5557	8885	2202	-1384	-834	
-3410	-5470	8900	2207	-1362	-860	
-3512	-5383	8914	2210	-1339	-885	
-3611	-5295	8927	2213	-1317	-910	
-3712	-5206	8939	2216	-1295	-935	
-3811	-5117	8949	2218	-1272	-960	
-3911	-5026	8956	2218	-1250	-985	
-4010	-4934	8964	2221	-1227	-1008	
-4108	-4842	8971	2223	-1204	-1033	
-4206	-4750	8974	2224	-1181	-1057	
-4301	-4657	8978	2224	-1157	-1082	
-4397	-4561	8980	2224	-1133	-1106	
-4494	-4466	8981	2225	-1109	-1129	
-4589	-4372	8981	2224	-1085	-1153	
-4682	-4275	8978	2223	-1062	-1176	
-4775	-4178	8975	2222	-1036	-1200	
-4868	-4081	8970	2222	-1012	-1223	
-4959	-3982	8963	2221	-987	-1245	
-5051	-3883	8955	2217	-963	-1268	
-5142	-3783	8947	2214	-939	-1292	
-5230	-3684	8937	2212	-913	-1313	
-5318	-3583	8925	2210	-888	-1335	
-5408	-3482	8912	2206	-862	-1357	
-5495	-3380	8898	2202	-836	-1378	
-5581	-3278	8882	2198	-812	-1401	
-5666	-3175	8866	2193	-786	-1421	
-5750	-3072	8847	2189	-761	-1441	
-5834	-2968	8828	2184	-735	-1464	
-5917	-2864	8807	2177	-708	-1484	
-6000	-2760	8784	2173	-681	-1505	
-6081	-2655	8760	2168	-655	-1524	
-6161	-2550	8736	2160	-630	-1543	
-6242	-2444	8709	2153	-604	-1564	
-6319	-2338	8682	2147	-577	-1584	
-6396	-2232	8653	2139	-550	-1602	
-6473	-2125	8624	2131	-524	-1621	
-6548	-2017	8592	2123	-497	-1640	
-6623	-1911	8559	2115	-470	-1659	
-6696	-1803	8526	2106	-443	-1676	
-6768	-1695	8490	2097	-416	-1694	
-6841	-1587	8453	2087	-392	-1714	
-6912	-1479	8416	2079	-363	-1730	
-6981	-1371	8376	2069	-335	-1748	
-7050	-1262	8336	2059	-310	-1764	
-7117	-1152	8294	2048	-284	-1780	
-7183	-1043	8251	2038	-255	-1797	
-7249	-934	8208	2027	-228	-1812	
-7313	-824	8162	2015	-202	-1829	
-7375	-715	8115	2004	-175	-1845	
-7437	-606	8068	1991	-149	-1860	
-7498	-495	8019	1980	-123	-1875	
-7558	-385	7969	1968	-96	-1889	
-7616	-276	7918	1954	-71	-1905	
-7675	-165	7865	1940	-46	-1919	
-7730	-56	7811	1927	-19	-1933	
-7783	53	7756	1914	7	-1946	
-7839	164	7699	1898	31	-1960	
-7891	274	7642	1884	60	-1973	
-7942	384	7584	1870	92	-1985	
-7993	494	7524	1854	127	-1997	
-8041	603	7463	1840	162	-2008	
-8090	713	7402	1825	194	-2020	
-8136	823	7338	1809	220	-2033	
-8182	932	7274	1793	242	-2044	
-8225	1042	7209	1777	265	-2054	
-8269	1151	7143	1760	291	-2066	
-8311	1260	7076	1743	320	-2076	
-8351	1369	7007	1726	350	-2086	
-8390	1478	6938	1708	378	-2095	
-8428	1586	6868	1690	403	-2104	
-8465	1695	6796	1673	431	-2114	
-8501	1803	6724	1654	458	-2121	
-8535	1909	6651	1636	485	-2130	
-8567	2017	6576	1618	511	-2139	
-8599	2124	6500	1599	538	-2146	
-8629	2231	6424	1580	565	-2154	
-8657	2338	6346	1561	591	-2161	
-8685	2444	6266	1541	618	-2168	
-8713	2550	6187	1521	644	-2174	
-8738	2655	6108	1502	670	-2180	
-8761	2759	6027	1482	698	-2186	
-8784	2864	5945	1460	722	-2192	
-8804	2968	5861	1439	749	-2198	
-8826	3072	5778	1420	775	-2200	
-8844	3175	5693	1399	799	-2204	
-8860	3277	5607	1377	826	-2209	
-8877	3380	5520	1355	852	-2213	
-8891	3481	5433	1333	877	-2217	
-8904	3583	5345	1311	902	-2219	
-8917	3683	5256	1289	926	-2222	
-8927	3782	5167	1267	953	-2225	
-8935	3883	5076	1244	977	-2227	
-8943	3982	4985	1222	1002	-2229	
-8949	4079	4892	1200	1028	-2230	
-8954	4177	4799	1176	1050	-2231	
-8958	4275	4707	1152	1074	-2231	
-8959	4371	4612	1130	1099	-2232	
-8961	4467	4517	1105	1122	-2233	
-8961	4562	4422	1082	1145	-2233	
-8960	4656	4325	1059	1170	-2232	
-8956	4750	4228	1034	1194	-2230	
-8952	4843	4131	1010	1216	-2228	
-8946	4935	4033	986	1240	-2227	
-8938	5027	3934	961	1262	-2225	
-8931	5119	3835	938	1284	-2223	
-8922	5208	3735	913	1307	-2221	
-8909	5298	3634	886	1330	-2217	
-8898	5386	3533	862	1351	-2214	
-8884	5473	3432	835	1373	-2211	
-8868	5560	3330	812	1395	-2207	
-8852	5646	3227	786	1415	-2203	
-8835	5731	3124	759	1435	-2198	
-8815	5816	3020	735	1457	-2193	
-8794	5899	2916	708	1478	-2188	
-8773	5981	2813	684	1499	-2182	
-8749	6063	2708	657	1518	-2177	
-8726	6143	2603	632	1539	-2170	
-8701	6224	2498	607	1559	-2162	
-8672	6303	2391	578	1578	-2157	
-8644	6379	2285	553	1598	-2149	
-8615	6457	2177	527	1617	-2141	
-8584	6532	2069	500	1636	-2134	
-8553	6607	1962	473	1655	-2125	
-8519	6682	1855	446	1672	-2116	
-8485	6755	1747	420	1691	-2108	
-8448	6827	1638	392	1708	-2099	
-8410	6897	1530	367	1726	-2088	
-8373	6968	1422	341	1744	-2079	
-8333	7036	1313	314	1761	-2070	
-8291	7105	1203	288	1777	-2059	
-8247	7171	1093	262	1795	-2047	
-8204	7236	984	235	1811	-2037	
-8159	7301	874	208	1827	-2026	
-8114	7364	765	182	1843	-2013	
-8066	7426	656	156	1857	-2003	
-8018	7488	545	129	1871	-1991	
-7969	7548	436	104	1886	-1978	
-7917	7608	326	78	1902	-1964	
-7865	7665	215	53	1916	-1950	
-7813	7721	105	26	1930	-1937	
-7757	7777	-6	-3	1943	-1923	
-7702	7831	-115	-35	1956	-1910	
-7645	7884	-225	-69	1971	-1895	
-7585	7936	-336	-101	1984	-1880	
-7529	7988	-445	-132	1996	-1867	
-7470	8037	-555	-156	2009	-1850	
-7406	8085	-666	-180	2020	-1834	
-7345	8132	-775	-206	2032	-1819	
-7282	8179	-884	-232	2043	-1802	
-7218	8223	-993	-261	2052	-1787	
-7152	8266	-1104	-288	2064	-1770	
-7084	8309	-1213	-315	2075	-1753	
-7016	8350	-1321	-343	2085	-1737	
-6948	8389	-1430	-369	2094	-1719	
-6879	8428	-1539	-397	2102	-1702	
-6807	8465	-1647	-423	2113	-1683	
-6735	8501	-1756	-450	2122	-1666	
-6662	8535	-1863	-476	2131	-1648	
-6587	8568	-1970	-501	2140	-1628	
-6514	8601	-2077	-529	2147	-1610	
-6438	8632	-2184	-557	2153	-1592	
-6359	8660	-2292	-584	2161	-1571	
-6281	8689	-2398	-610	2167	-1552	
-6204	8716	-2504	-636	2174	-1532	
-6125	8741	-2610	-662	2179	-1511	
-6043	8766	-2715	-688	2185	-1491	
-5962	8789	-2820	-713	2192	-1472	
-5878	8811	-2925	-740	2197	-1451	
-5796	8831	-3028	-765	2202	-1429	
-5713	8849	-3131	-790	2206	-1409	
-5626	8868	-3235	-817	2210	-1388	
-5541	8884	-3337	-841	2216	-1366	
-5454	8898	-3439	-866	2218	-1343	
-5365	8912	-3540	-893	2220	-1322	
-5277	8925	-3642	-917	2224	-1300	
-5187	8934	-3742	-941	2226	-1277	
-5098	8944	-3842	-967	2228	-1255	
-5007	8954	-3941	-991	2230	-1232	
-4915	8961	-4039	-1015	2232	-1208	
-4824	8966	-4137	-1039	2233	-1185	
-4731	8969	-4235	-1064	2234	-1163	
-4638	8972	-4332	-1088	2233	-1138	
-4542	8974	-4428	-1111	2235	-1115	
-4447	8974	-4523	-1134	2235	-1092	
-4352	8973	-4618	-1156	2235	-1067	
-4256	8971	-4713	-1181	2233	-1043	
-4159	8967	-4806	-1206	2230	-1019	
-4061	8961	-4898	-1227	2230	-995	
-3964	8955	-4990	-1250	2229	-969	
-3864	8947	-5081	-1272	2227	-945	
-3764	8938	-5172	-1295	2224	-920	
-3664	8927	-5261	-1317	2221	-895	
-3563	8914	-5351	-1338	2218	-870	
-3463	8902	-5439	-1360	2214	-845	
-3360	8886	-5525	-1384	2210	-819	
-3259	8870	-5612	-1403	2207	-793	
-3156	8854	-5697	-1423	2202	-769	
-3052	8835	-5782	-1445	2197	-743	
-2949	8814	-5866	-1466	2191	-717	
-2844	8793	-5949	-1487	2185	-692	
-2740	8771	-6032	-1507	2180	-665	
-2635	8747	-6113	-1527	2174	-638	
-2531	8722	-6193	-1546	2168	-612	
-2425	8695	-6272	-1565	2161	-586	
-2318	8667	-6351	-1586	2153	-561	
-2212	8637	-6428	-1604	2146	-533	
-2105	8607	-6504	-1624	2138	-506	
-1998	8575	-6580	-1642	2129	-481	
-1893	8543	-6654	-1660	2122	-454	
-1785	8509	-6727	-1677	2114	-427	
-1678	8473	-6799	-1694	2103	-400	
-1570	8436	-6871	-1714	2093	-374	
-1462	8398	-6941	-1731	2084	-347	
-1354	8358	-7011	-1748	2074	-320	
-1245	8317	-7079	-1765	2065	-293	
-1135	8275	-7145	-1781	2053	-265	
-1026	8232	-7212	-1797	2041	-238	
-917	8187	-7278	-1814	2030	-214	
-808	8142	-7342	-1830	2019	-187	
-698	8094	-7405	-1843	2007	-159	
-589	8047	-7465	-1859	1996	-133	
-478	7997	-7526	-1872	1984	-106	
-369	7947	-7585	-1889	1970	-82	
-260	7895	-7644	-1905	1955	-57	
-149	7841	-7701	-1917	1943	-32	
-40	7788	-7757	-1932	1931	-7	
70	7733	-7812	-1945	1916	17	
179	7677	-7865	-1957	1901	44	
289	7619	-7918	-1970	1888	75	
399	7560	-7969	-1983	1872	110	
508	7500	-8021	-1994	1858	151	
618	7439	-8069	-2006	1843	187	
726	7377	-8116	-2020	1825	213	
836	7313	-8162	-2031	1810	233	
947	7250	-8207	-2041	1794	253	
1055	7185	-8252	-2052	1777	277	
1165	7118	-8294	-2062	1759	307	
1274	7050	-8336	-2071	1744	337	
1383	6981	-8377	-2082	1727	365	
1492	6911	-8415	-2091	1709	391	
1601	6840	-8453	-2100	1690	418	
1708	6770	-8489	-2109	1671	445	
1815	6697	-8525	-2118	1654	472	
1924	6623	-8558	-2125	1636	500	
2031	6548	-8591	-2134	1617	526	
2137	6472	-8622	-2143	1597	552	
2243	6395	-8651	-2148	1578	578	
2349	6318	-8681	-2154	1559	605	
2454	6239	-8707	-2163	1539	631	
2560	6160	-8734	-2169	1518	658	
2665	6080	-8760	-2175	1498	685	
2769	5998	-8782	-2180	1479	710	
2874	5915	-8805	-2185	1458	736	
2979	5832	-8825	-2191	1436	763	
3081	5748	-8843	-2196	1416	788	
3184	5664	-8862	-2199	1394	813	
3286	5578	-8880	-2202	1373	839	
3388	5491	-8894	-2207	1351	864	
3489	5404	-8909	-2210	1328	890	
3591	5316	-8922	-2212	1308	916	
3691	5227	-8933	-2216	1285	939	
3791	5137	-8943	-2219	1260	965	
3890	5046	-8951	-2220	1239	990	
3987	4955	-8959	-2221	1217	1015	
4085	4862	-8965	-2223	1193	1039	
4181	4769	-8970	-2224	1169	1062	
4279	4676	-8973	-2223	1146	1088	
4375	4582	-8975	-2225	1123	1111	
4470	4486	-8976	-2224	1099	1135	
4565	4391	-8975	-2224	1075	1159	
4660	4295	-8972	-2224	1051	1181	
4754	4199	-8969	-2222	1027	1205	
4846	4101	-8964	-2220	1004	1228	
4938	4002	-8958	-2219	979	1251	
5029	3903	-8950	-2218	952	1273	
5119	3804	-8942	-2214	928	1297	
5210	3704	-8932	-2212	904	1319	
5298	3603	-8920	-2210	878	1340	
5387	3503	-8907	-2206	853	1362	
5473	3401	-8892	-2202	827	1383	
5559	3298	-8877	-2198	801	1406	
5645	3197	-8860	-2193	775	1426	
5730	3093	-8842	-2189	750	1448	
5813	2989	-8822	-2184	724	1469	
5896	2886	-8800	-2178	699	1488	
5978	2781	-8780	-2172	674	1510	
6058	2676	-8755	-2167	646	1530	
6139	2571	-8729	-2160	619	1550	
6218	2465	-8705	-2152	595	1569	
6296	2360	-8677	-2146	567	1588	
6374	2254	-8648	-2139	541	1608	
6450	2146	-8617	-2131	514	1627	
6527	2039	-8586	-2124	487	1646	
6601	1932	-8554	-2115	461	1664	
6674	1824	-8519	-2106	434	1683	
6747	1717	-8483	-2097	406	1701	
6818	1609	-8447	-2089	380	1718	
6889	1500	-8410	-2079	354	1736	
6959	1392	-8370	-2067	328	1753	
7025	1284	-8330	-2058	300	1770	
7094	1173	-8288	-2048	274	1786	
7161	1065	-8245	-2037	247	1803	
7226	955	-8202	-2026	219	1819	
7291	845	-8156	-2014	194	1835	
7353	737	-8109	-2002	167	1851	
7414	626	-8062	-1991	141	1865	
7475	516	-8013	-1980	115	1881	
7535	406	-7963	-1966	88	1896	
7594	295	-7912	-1953	63	1910	
7651	187	-7859	-1939	40	1924	
7709	76	-7805	-1925	13	1938	
7761	-34	-7749	-1912	-16	1951	
7815	-143	-7693	-1898	-48	1965	
7870	-254	-7636	-1884	-86	1978	
7920	-364	-7579	-1869	-123	1990	
7970	-474	-7519	-1854	-153	2003	
8020	-584	-7457	-1840	-175	2016	
8068	-694	-7396	-1824	-196	2027	
8115	-802	-7332	-1809	-221	2039	
8161	-912	-7268	-1793	-249	2050	
8204	-1022	-7204	-1777	-279	2059	
8247	-1130	-7138	-1760	-307	2072	
8290	-1240	-7070	-1741	-333	2082	
8329	-1348	-7001	-1725	-360	2090	
8367	-1456	-6932	-1708	-387	2100	
8406	-1565	-6861	-1689	-414	2111	
8441	-1673	-6789	-1673	-442	2119	
8477	-1780	-6717	-1655	-470	2127	
8512	-1888	-6644	-1636	-496	2136	
8543	-1996	-6569	-1618	-523	2144	
8575	-2102	-6494	-1599	-550	2152	
8607	-2209	-6417	-1580	-577	2159	
8635	-2316	-6340	-1560	-603	2165	
8662	-2421	-6262	-1542	-629	2173	
8690	-2527	-6182	-1521	-656	2180	
8715	-2632	-6102	-1500	-681	2187	
8738	-2737	-6021	-1480	-708	2190	
8762	-2843	-5938	-1458	-733	2196	
8782	-2946	-5855	-1438	-759	2203	
8802	-3050	-5771	-1418	-786	2206	
8821	-3153	-5687	-1398	-812	2211	
8838	-3256	-5602	-1376	-838	2215	
8854	-3359	-5515	-1356	-863	2218	
8867	-3460	-5427	-1334	-888	2222	
8880	-3561	-5339	-1310	-912	2225	
8892	-3661	-5250	-1288	-938	2229	
8903	-3761	-5160	-1267	-963	2230	
8912	-3862	-5070	-1244	-988	2233	
8919	-3960	-4979	-1220	-1012	2234	
8926	-4058	-4887	-1198	-1036	2234	
8931	-4156	-4795	-1174	-1060	2238	
8934	-4253	-4701	-1150	-1085	2238	
8937	-4349	-4606	-1129	-1110	2237	
8937	-4446	-4511	-1105	-1134	2237	
8938	-4541	-4416	-1081	-1158	2237	
8936	-4635	-4320	-1057	-1181	2238	
8933	-4729	-4223	-1033	-1204	2236	
8929	-4821	-4125	-1009	-1228	2234	
8923	-4913	-4027	-985	-1250	2232	
8916	-5005	-3928	-960	-1273	2231	
8906	-5097	-3829	-935	-1296	2229	
8897	-5186	-3728	-910	-1317	2225	
8887	-5275	-3628	-886	-1340	2223	
8874	-5364	-3527	-860	-1362	2221	
8861	-5452	-3425	-835	-1384	2217	
8845	-5539	-3323	-811	-1407	2211	
8827	-5625	-3219	-784	-1427	2208	
8810	-5709	-3117	-760	-1447	2204	
8791	-5794	-3013	-732	-1469	2198	
8771	-5877	-2909	-707	-1489	2193	
8749	-5960	-2806	-682	-1510	2187	
8726	-6041	-2701	-656	-1530	2181	
8701	-6122	-2595	-630	-1550	2176	
8676	-6202	-2489	-604	-1570	2169	
8650	-6281	-2383	-577	-1589	2162	
8621	-6358	-2276	-551	-1607	2154	
8592	-6435	-2169	-525	-1626	2147	
8559	-6511	-2062	-499	-1646	2140	
8529	-6586	-1955	-471	-1666	2131	
8496	-6660	-1847	-444	-1683	2122	
8459	-6733	-1740	-418	-1701	2113	
8424	-6806	-1632	-392	-1719	2104	
8386	-6877	-1522	-364	-1737	2095	
8347	-6946	-1414	-339	-1754	2085	
8308	-7015	-1306	-312	-1772	2075	
8267	-7083	-1196	-285	-1789	2064	
8226	-7149	-1087	-259	-1806	2052	
8181	-7214	-977	-231	-1820	2042	
8135	-7280	-869	-205	-1836	2032	
8090	-7344	-758	-178	-1853	2019	
8043	-7405	-648	-151	-1867	2007	
7995	-7466	-539	-125	-1883	1995	
7944	-7527	-428	-100	-1899	1983	
7894	-7585	-319	-73	-1913	1970	
7844	-7644	-210	-48	-1927	1957	
7790	-7700	-98	-22	-1942	1945	
7736	-7755	12	4	-1954	1929	
7679	-7810	121	30	-1968	1914	
7621	-7863	233	56	-1982	1901	
7565	-7915	343	87	-1995	1886	
7506	-7966	452	120	-2005	1871	
7444	-8015	563	152	-2019	1857	
7383	-8064	672	183	-2031	1841	
7322	-8111	783	211	-2042	1826	
7256	-8157	892	236	-2055	1809	
7192	-8202	1001	261	-2065	1793	
7127	-8245	1111	287	-2075	1776	
7061	-8287	1220	314	-2086	1760	
6992	-8329	1329	341	-2095	1743	
6923	-8368	1439	369	-2105	1725	
6853	-8407	1547	397	-2114	1708	
6784	-8445	1654	423	-2125	1689	
6713	-8480	1762	449	-2134	1671	
6638	-8515	1870	478	-2140	1653	
6565	-8548	1977	503	-2149	1632	
6490	-8580	2085	529	-2159	1614	
6413	-8612	2193	557	-2165	1596	
6337	-8641	2301	584	-2172	1577	
6258	-8668	2407	609	-2179	1557	
6179	-8695	2512	636	-2185	1538	
6100	-8722	2617	663	-2191	1518	
6018	-8745	2723	688	-2198	1498	
5938	-8768	2828	713	-2203	1478	
5856	-8790	2931	739	-2208	1457	
5773	-8809	3035	765	-2212	1435	
5687	-8829	3139	791	-2216	1415	
5603	-8846	3242	817	-2221	1393	
5517	-8862	3345	841	-2225	1371	
5429	-8878	3447	866	-2229	1349	
5343	-8892	3548	894	-2233	1328	
5254	-8903	3648	917	-2234	1306	
5165	-8915	3749	941	-2237	1282	
5076	-8924	3849	966	-2239	1260	
4985	-8932	3948	990	-2242	1238	
4893	-8939	4047	1015	-2243	1215	
4801	-8945	4145	1040	-2244	1191	
4708	-8949	4243	1064	-2245	1168	
4614	-8953	4339	1088	-2245	1145	
4520	-8954	4436	1112	-2244	1121	
4424	-8953	4531	1136	-2245	1096	
4328	-8953	4625	1157	-2246	1072	
4231	-8950	4720	1181	-2244	1050	
4134	-8946	4813	1205	-2243	1025	
4036	-8941	4906	1226	-2241	999	
3938	-8934	4998	1250	-2240	976	
3840	-8926	5090	1273	-2238	950	
3740	-8917	5179	1294	-2234	926	
3641	-8907	5269	1317	-2232	902	
3540	-8894	5358	1338	-2229	875	
3438	-8880	5445	1360	-2225	851	
3337	-8866	5533	1382	-2221	826	
3236	-8850	5619	1403	-2215	801	
3132	-8832	5705	1425	-2212	774	
3029	-8814	5789	1445	-2208	748	
2926	-8795	5873	1466	-2202	723	
2821	-8772	5957	1486	-2197	697	
2718	-8749	6038	1507	-2191	671	
2614	-8726	6120	1527	-2185	645	
2508	-8701	6200	1546	-2179	618	
2402	-8675	6279	1567	-2172	592	
2296	-8646	6357	1586	-2164	567	
2190	-8617	6434	1604	-2156	541	
2083	-8586	6511	1623	-2148	514	
1976	-8554	6586	1642	-2139	488	
1870	-8521	6661	1660	-2131	460	
1763	-8487	6734	1679	-2123	433	
1654	-8452	6807	1697	-2114	407	
1546	-8414	6879	1713	-2104	381	
1438	-8376	6949	1731	-2095	354	
1329	-8336	7018	1748	-2086	327	
1221	-8296	7085	1765	-2075	300	
1112	-8254	7154	1781	-2065	272	
1002	-8211	7219	1798	-2054	246	
893	-8167	7284	1813	-2042	220	
782	-8119	7349	1828	-2030	193	
674	-8073	7411	1846	-2017	168	
565	-8026	7472	1860	-2005	142	
454	-7976	7533	1875	-1993	115	
344	-7926	7593	1891	-1980	91	
235	-7874	7652	1904	-1967	65	
125	-7821	7708	1917	-1955	40	
15	-7767	7764	1931	-1941	16	
-95	-7712	7819	1944	-1926	-9	
-204	-7654	7872	1957	-1912	-44	
-313	-7597	7925	1969	-1897	-83	
-423	-7539	7977	1982	-1884	-126	
-534	-7479	8027	1993	-1869	-161	
-644	-7418	8076	2007	-1852	-181	
-753	-7355	8122	2020	-1836	-195	
-862	-7292	8169	2030	-1820	-219	
-972	-7229	8215	2042	-1804	-247	
-1082	-7162	8259	2053	-1786	-277	
-1192	-7097	8301	2062	-1771	-307	
-1301	-7030	8341	2072	-1754	-333	
-1409	-6960	8383	2082	-1736	-359	
