-1937	-6606	8563	2125	-1647	-492	
-2044	-6532	8595	2134	-1627	-519	
-2151	-6456	8626	2142	-1608	-546	
-2256	-6379	8656	2148	-1591	-573	
-2364	-6302	8685	2155	-1571	-600	
-2469	-6224	8713	2161	-1551	-626	
-2573	-6145	8738	2168	-1532	-652	
-2678	-6064	8763	2174	-1511	-678	
-2783	-5982	8787	2179	-1491	-704	
-2888	-5900	8809	2184	-1470	-730	
-2993	-5818	8830	2190	-1448	-755	
-3096	-5733	8849	2194	-1428	-781	
-3200	-5647	8867	2199	-1405	-807	
-3303	-5562	8883	2204	-1383	-834	
-3402	-5477	8899	2207	-1363	-859	
-3504	-5389	8913	2209	-1340	-884	
-3607	-5300	8926	2213	-1319	-909	
-3707	-5211	8938	2215	-1297	-933	
-3806	-5122	8948	2216	-1275	-959	
-3904	-5031	8957	2219	-1251	-984	
-4003	-4940	8964	2220	-1228	-1007	
-4100	-4847	8970	2222	-1206	-1032	
-4198	-4754	8975	2224	-1181	-1056	
-4295	-4662	8979	2225	-1157	-1080	
-4392	-4568	8981	2224	-1136	-1105	
-4488	-4472	8982	2225	-1112	-1128	
-4582	-4378	8980	2225	-1086	-1152	
-4677	-4282	8978	2223	-1063	-1176	
-4769	-4183	8974	2222	-1039	-1198	
-4862	-4086	8970	2221	-1013	-1220	
-4955	-3988	8965	2220	-990	-1245	
-5045	-3889	8957	2217	-965	-1268	
-5135	-3789	8948	2215	-940	-1289	
-5224	-3689	8938	2214	-914	-1311	
-5314	-3589	8926	2210	-889	-1334	
-5402	-3488	8913	2206	-865	-1357	
-5490	-3386	8899	2202	-840	-1378	
-5575	-3284	8883	2197	-815	-1399	
-5661	-3181	8867	2194	-786	-1420	
-5746	-3078	8850	2189	-761	-1441	
-5830	-2975	8829	2182	-738	-1463	
-5914	-2871	8809	2179	-710	-1482	
-5996	-2766	8786	2173	-683	-1502	
-6077	-2662	8761	2166	-658	-1524	
-6157	-2556	8738	2161	-631	-1543	
-6236	-2450	8713	2154	-605	-1562	
-6314	-2345	8685	2147	-579	-1582	
-6391	-2238	8655	2140	-551	-1602	
-6468	-2131	8625	2131	-525	-1621	
-6545	-2025	8593	2124	-500	-1638	
-6618	-1917	8561	2117	-472	-1657	
-6691	-1808	8527	2108	-445	-1677	
-6766	-1702	8492	2099	-418	-1694	
-6837	-1595	8456	2089	-392	-1711	
-6908	-1485	8418	2081	-366	-1729	
-6978	-1377	8379	2070	-338	-1746	
-7045	-1268	8339	2060	-310	-1763	
-7113	-1159	8297	2050	-284	-1780	
-7179	-1050	8254	2039	-257	-1797	
-7244	-941	8211	2027	-230	-1813	
-7309	-831	8164	2016	-203	-1829	
-7372	-721	8118	2004	-177	-1844	
-7433	-612	8071	1992	-149	-1858	
-7492	-501	8022	1981	-122	-1874	
-7554	-391	7972	1967	-96	-1889	
-7613	-282	7921	1956	-70	-1903	
-7669	-172	7868	1943	-45	-1918	
-7726	-63	7814	1928	-21	-1931	
-7781	47	7759	1914	4	-1945	
-7835	157	7703	1899	30	-1960	
-7889	267	7646	1886	58	-1971	
-7939	378	7587	1872	89	-1984	
-7990	488	7528	1856	125	-1997	
-8039	598	7468	1841	162	-2009	
-8087	707	7405	1825	193	-2020	
-8134	817	7343	1811	218	-2030	
-8178	926	7278	1795	241	-2043	
-8223	1036	7213	1778	266	-2055	
-8266	1146	7147	1762	291	-2065	
-8309	1254	7080	1745	318	-2074	
-8350	1363	7012	1726	348	-2084	
-8388	1471	6942	1709	376	-2095	
-8427	1580	6871	1693	403	-2104	
-8464	1688	6801	1674	429	-2113	
-8499	1796	6728	1656	456	-2121	
-8532	1903	6654	1637	484	-2129	
-8566	2011	6580	1619	510	-2137	
-8598	2119	6504	1601	536	-2145	
-8627	2225	6427	1581	562	-2153	
-8657	2330	6351	1563	590	-2161	
-8685	2437	6273	1543	618	-2166	
-8710	2543	6193	1523	644	-2172	
-8736	2648	6112	1503	669	-2179	
-8761	2753	6031	1482	694	-2185	
-8783	2857	5950	1462	721	-2190	
-8804	2962	5866	1442	748	-2195	
-8824	3065	5783	1421	773	-2200	
-8843	3169	5698	1400	798	-2204	
-8860	3272	5612	1379	824	-2208	
-8876	3373	5526	1356	851	-2213	
-8890	3475	5438	1334	875	-2215	
-8903	3576	5350	1312	899	-2219	
-8915	3677	5261	1291	927	-2223	
-8925	3778	5172	1269	951	-2224	
-8935	3877	5081	1245	975	-2227	
-8943	3976	4991	1223	1000	-2228	
-8949	4075	4898	1201	1024	-2229	
-8954	4172	4805	1177	1049	-2231	
-8958	4268	4711	1154	1074	-2232	
-8960	4365	4617	1131	1097	-2232	
-8962	4461	4523	1106	1121	-2232	
-8962	4556	4427	1083	1145	-2233	
-8960	4651	4331	1059	1168	-2231	
-8957	4745	4235	1034	1191	-2231	
-8952	4837	4137	1011	1214	-2230	
-8947	4930	4039	988	1239	-2227	
-8939	5022	3940	962	1261	-2225	
-8930	5112	3841	937	1282	-2224	
-8922	5202	3741	913	1306	-2221	
-8910	5291	3640	888	1327	-2218	
-8898	5380	3541	863	1350	-2215	
-8885	5467	3438	838	1372	-2210	
-8870	5554	3335	813	1393	-2207	
-8854	5641	3233	787	1414	-2203	
-8836	5726	3129	762	1436	-2197	
-8816	5810	3027	736	1456	-2193	
-8796	5894	2923	711	1477	-2188	
-8775	5976	2819	685	1499	-2182	
-8751	6057	2714	658	1518	-2176	
-8728	6139	2608	633	1537	-2170	
-8702	6218	2503	607	1558	-2162	
-8674	6296	2397	582	1578	-2156	
-8645	6375	2290	553	1596	-2150	
-8616	6452	2183	527	1616	-2141	
-8585	6528	2077	503	1635	-2133	
-8554	6603	1969	475	1653	-2126	
-8521	6677	1861	449	1672	-2116	
-8487	6750	1753	422	1689	-2107	
-8449	6822	1645	395	1707	-2099	
-8411	6893	1535	369	1725	-2088	
-8374	6963	1428	342	1743	-2080	
-8334	7032	1320	316	1761	-2070	
-8293	7101	1210	289	1777	-2058	
-8249	7167	1100	262	1793	-2048	
-8206	7233	992	236	1808	-2038	
-8163	7298	882	209	1824	-2026	
-8116	7361	771	183	1841	-2014	
-8069	7423	662	156	1857	-2002	
-8021	7484	553	131	1871	-1989	
-7971	7544	442	105	1887	-1977	
-7920	7603	332	79	1901	-1965	
-7868	7662	222	53	1915	-1952	
-7815	7719	112	28	1930	-1938	
-7761	7775	2	-1	1944	-1925	
-7705	7828	-109	-31	1958	-1912	
-7650	7881	-219	-64	1971	-1895	
-7591	7934	-328	-101	1983	-1883	
-7532	7984	-439	-132	1994	-1868	
-7473	8034	-549	-156	2007	-1852	
-7412	8083	-658	-180	2019	-1837	
-7348	8129	-768	-204	2031	-1820	
-7284	8176	-878	-230	2042	-1803	
-7221	8221	-987	-260	2052	-1789	
-7155	8264	-1096	-288	2063	-1772	
-7088	8307	-1206	-314	2074	-1755	
-7022	8347	-1315	-341	2083	-1738	
-6953	8387	-1424	-367	2093	-1721	
-6880	8426	-1533	-395	2103	-1704	
-6809	8462	-1641	-422	2113	-1685	
-6739	8499	-1749	-449	2120	-1667	
-6667	8535	-1856	-476	2129	-1649	
-6592	8567	-1963	-502	2137	-1629	
-6516	8600	-2070	-528	2146	-1611	
-6441	8631	-2177	-556	2154	-1592	
-6363	8659	-2285	-583	2160	-1572	
-6285	8687	-2391	-608	2167	-1553	
-6208	8715	-2497	-634	2174	-1533	
-6128	8740	-2604	-663	2179	-1514	
-6049	8764	-2708	-688	2185	-1494	
-5967	8788	-2814	-712	2192	-1473	
-5885	8809	-2918	-739	2197	-1453	
-5803	8829	-3020	-765	2201	-1432	
-5717	8848	-3125	-790	2206	-1409	
-5633	8866	-3228	-815	2209	-1388	
-5546	8883	-3331	-841	2214	-1367	
-5458	8897	-3432	-866	2217	-1345	
-5372	8912	-3534	-891	2220	-1323	
-5283	8924	-3636	-915	2224	-1301	
-5193	8935	-3736	-940	2225	-1279	
-5105	8945	-3837	-966	2228	-1256	
-5014	8952	-3936	-991	2229	-1234	
-4922	8960	-4033	-1014	2231	-1212	
-4831	8965	-4132	-1036	2234	-1189	
-4737	8970	-4229	-1062	2232	-1165	
-4643	8973	-4327	-1087	2233	-1142	
-4549	8974	-4422	-1109	2234	-1115	
-4454	8974	-4517	-1133	2234	-1093	
-4358	8973	-4613	-1157	2233	-1070	
-4261	8972	-4707	-1180	2232	-1045	
-4165	8967	-4800	-1204	2232	-1021	
-4068	8961	-4893	-1226	2230	-996	
-3970	8955	-4985	-1248	2228	-971	
-3870	8948	-5076	-1271	2226	-946	
-3770	8939	-5166	-1295	2223	-921	
-3670	8927	-5256	-1317	2223	-897	
-3569	8915	-5346	-1337	2220	-872	
-3468	8901	-5433	-1360	2214	-847	
-3368	8888	-5520	-1381	2210	-820	
-3265	8872	-5607	-1401	2206	-794	
-3162	8854	-5693	-1424	2202	-769	
-3059	8836	-5777	-1444	2197	-744	
-2956	8815	-5862	-1464	2191	-718	
-2852	8795	-5945	-1486	2185	-692	
-2746	8772	-6027	-1505	2180	-666	
-2641	8748	-6108	-1525	2174	-640	
-2536	8723	-6188	-1546	2166	-614	
-2430	8696	-6267	-1564	2162	-587	
-2325	8669	-6346	-1583	2155	-561	
-2219	8639	-6423	-1602	2147	-535	
-2112	8608	-6500	-1621	2139	-508	
-2006	8577	-6576	-1640	2130	-481	
-1899	8544	-6650	-1658	2121	-454	
-1794	8510	-6723	-1677	2112	-428	
-1686	8474	-6796	-1695	2104	-400	
-1578	8437	-6867	-1712	2095	-375	
-1470	8399	-6938	-1730	2084	-349	
-1361	8360	-7007	-1746	2075	-322	
-1253	8319	-7074	-1763	2065	-294	
-1142	8277	-7143	-1779	2055	-267	
-1032	8234	-7210	-1794	2044	-241	
-924	8189	-7274	-1812	2032	-214	
-815	8144	-7337	-1828	2020	-187	
-704	8097	-7400	-1841	2009	-161	
-594	8049	-7462	-1859	1996	-135	
-485	8000	-7523	-1875	1983	-110	
-374	7950	-7583	-1888	1971	-83	
-265	7898	-7641	-1902	1957	-58	
-155	7845	-7698	-1916	1944	-33	
-45	7791	-7755	-1930	1930	-8	
63	7736	-7809	-1944	1916	15	
174	7679	-7863	-1957	1901	41	
285	7622	-7915	-1970	1887	73	
393	7563	-7967	-1983	1874	109	
503	7504	-8017	-1994	1859	147	
612	7443	-8066	-2005	1843	184	
723	7380	-8113	-2018	1827	212	
831	7318	-8159	-2030	1811	232	
941	7254	-8205	-2041	1794	252	
1051	7188	-8250	-2051	1779	277	
1158	7121	-8293	-2062	1761	304	
1269	7054	-8333	-2071	1745	336	
1377	6986	-8373	-2081	1727	364	
1485	6916	-8413	-2092	1709	390	
1594	6845	-8451	-2100	1694	417	
1703	6774	-8487	-2110	1674	442	
1811	6701	-8523	-2118	1654	470	
1917	6627	-8557	-2124	1638	498	
2023	6552	-8588	-2133	1618	524	
2130	6477	-8620	-2142	1599	551	
2237	6401	-8650	-2149	1579	577	
2343	6323	-8678	-2155	1560	604	
2449	6244	-8707	-2162	1540	630	
2555	6165	-8733	-2168	1519	657	
2660	6084	-8758	-2174	1499	683	
2763	6002	-8781	-2179	1479	709	
2867	5921	-8803	-2184	1459	736	
2973	5837	-8824	-2189	1439	761	
3075	5754	-8843	-2195	1417	786	
3178	5669	-8862	-2199	1396	812	
3280	5583	-8878	-2201	1375	837	
3382	5496	-8893	-2208	1352	862	
3483	5409	-8908	-2210	1330	887	
3584	5321	-8921	-2212	1307	914	
3685	5232	-8932	-2217	1284	937	
3785	5142	-8943	-2219	1262	961	
3884	5050	-8952	-2220	1240	988	
3983	4960	-8959	-2222	1218	1013	
4081	4869	-8964	-2223	1195	1037	
4178	4775	-8969	-2224	1171	1061	
4275	4682	-8973	-2224	1148	1085	
4370	4587	-8975	-2224	1123	1109	
4466	4492	-8976	-2223	1100	1133	
4561	4397	-8975	-2224	1076	1156	
4654	4300	-8973	-2225	1052	1180	
4748	4203	-8969	-2221	1028	1203	
4841	4106	-8965	-2220	1004	1227	
4932	4008	-8959	-2221	979	1249	
5024	3909	-8951	-2217	955	1272	
5114	3810	-8941	-2215	930	1295	
5205	3709	-8932	-2213	903	1317	
5293	3609	-8920	-2209	880	1339	
5382	3508	-8907	-2206	854	1360	
5468	3407	-8892	-2202	828	1383	
5554	3305	-8878	-2198	804	1405	
5641	3202	-8861	-2193	778	1425	
5725	3099	-8842	-2189	753	1447	
5808	2996	-8823	-2184	727	1467	
5893	2892	-8803	-2178	700	1489	
5973	2787	-8780	-2173	674	1508	
6054	2682	-8756	-2167	648	1527	
6135	2577	-8732	-2160	621	1548	
6215	2472	-8706	-2155	594	1567	
6294	2366	-8678	-2146	568	1588	
6370	2260	-8649	-2139	542	1607	
6447	2153	-8619	-2133	516	1625	
6523	2045	-8588	-2124	489	1645	
6598	1938	-8555	-2114	464	1664	
6671	1831	-8521	-2107	436	1680	
6742	1723	-8487	-2097	410	1700	
6815	1614	-8450	-2087	384	1717	
6885	1506	-8412	-2079	355	1734	
6954	1398	-8373	-2069	328	1752	
7023	1289	-8333	-2060	301	1767	
7089	1180	-8290	-2049	275	1785	
7156	1071	-8248	-2037	247	1801	
7222	962	-8204	-2028	220	1817	
7286	852	-8159	-2017	195	1834	
7348	742	-8112	-2004	168	1850	
7410	633	-8064	-1992	143	1865	
7472	523	-8015	-1979	118	1880	
7531	413	-7965	-1967	91	1894	
7590	303	-7914	-1953	67	1910	
7648	193	-7862	-1940	41	1923	
7704	82	-7808	-1929	13	1936	
7758	-28	-7753	-1914	-15	1951	
7811	-138	-7697	-1900	-47	1964	
7865	-247	-7640	-1886	-84	1976	
7916	-358	-7580	-1870	-121	1989	
7967	-468	-7521	-1856	-151	2002	
8016	-577	-7461	-1841	-175	2015	
8063	-687	-7399	-1825	-196	2026	
8111	-797	-7336	-1810	-220	2037	
8156	-906	-7271	-1794	-248	2049	
8201	-1015	-7206	-1776	-276	2059	
8245	-1124	-7141	-1759	-305	2070	
8285	-1232	-7074	-1744	-332	2080	
8326	-1342	-7005	-1727	-360	2090	
8366	-1450	-6937	-1708	-387	2101	
8404	-1559	-6866	-1692	-414	2110	
8440	-1667	-6794	-1675	-442	2119	
8475	-1774	-6722	-1656	-468	2127	
8510	-1882	-6649	-1637	-495	2135	
8542	-1988	-6574	-1618	-521	2144	
8574	-2097	-6497	-1600	-548	2151	
8604	-2203	-6421	-1582	-575	2158	
8634	-2309	-6345	-1561	-601	2164	
8663	-2416	-6266	-1541	-627	2172	
8687	-2522	-6187	-1524	-655	2178	
8713	-2627	-6106	-1503	-682	2184	
8736	-2732	-6025	-1481	-706	2191	
8759	-2837	-5943	-1462	-733	2196	
8781	-2940	-5860	-1441	-760	2202	
8799	-3043	-5776	-1419	-784	2206	
8818	-3147	-5691	-1398	-810	2209	
8835	-3249	-5606	-1377	-835	2214	
8851	-3352	-5520	-1355	-861	2219	
8867	-3454	-5432	-1333	-887	2222	
8880	-3555	-5343	-1313	-911	2225	
8891	-3655	-5255	-1289	-935	2228	
8902	-3756	-5166	-1267	-962	2230	
8912	-3855	-5075	-1246	-988	2231	
8920	-3954	-4984	-1222	-1012	2234	
8926	-4053	-4892	-1199	-1036	2236	
8931	-4150	-4799	-1177	-1060	2236	
8934	-4247	-4706	-1153	-1085	2237	
8936	-4344	-4611	-1130	-1109	2237	
8937	-4439	-4516	-1106	-1132	2237	
8937	-4534	-4421	-1082	-1156	2237	
8936	-4629	-4326	-1059	-1179	2238	
8933	-4723	-4229	-1034	-1203	2236	
8927	-4817	-4131	-1010	-1226	2235	
8923	-4908	-4032	-985	-1248	2233	
8917	-5001	-3933	-961	-1271	2232	
8907	-5091	-3834	-936	-1294	2230	
8897	-5181	-3734	-911	-1317	2226	
8888	-5271	-3634	-888	-1339	2223	
8876	-5358	-3534	-863	-1361	2220	
8861	-5447	-3431	-837	-1383	2218	
8845	-5533	-3328	-811	-1405	2213	
8829	-5619	-3226	-785	-1426	2209	
8811	-5704	-3123	-761	-1447	2204	
8793	-5789	-3020	-735	-1468	2198	
8774	-5873	-2915	-708	-1488	2195	
8751	-5954	-2811	-683	-1508	2189	
8726	-6037	-2706	-657	-1528	2181	
8704	-6117	-2601	-629	-1549	2176	
8679	-6197	-2496	-604	-1569	2169	
8652	-6277	-2388	-579	-1589	2162	
8623	-6354	-2282	-552	-1608	2155	
8592	-6430	-2176	-526	-1626	2147	
8563	-6507	-2069	-500	-1646	2138	
8529	-6582	-1961	-473	-1664	2131	
8497	-6656	-1853	-446	-1683	2123	
8464	-6729	-1747	-419	-1701	2114	
8426	-6801	-1637	-393	-1718	2106	
8388	-6872	-1529	-366	-1736	2096	
8349	-6942	-1420	-340	-1752	2085	
8311	-7011	-1311	-313	-1770	2075	
8270	-7079	-1202	-284	-1786	2065	
8228	-7146	-1093	-260	-1804	2055	
8185	-7211	-985	-234	-1821	2043	
8140	-7277	-874	-207	-1836	2032	
8094	-7340	-765	-180	-1852	2020	
8047	-7401	-655	-153	-1868	2008	
7998	-7462	-545	-127	-1882	1996	
7948	-7523	-435	-100	-1897	1982	
7898	-7583	-325	-74	-1912	1970	
7847	-7640	-215	-48	-1927	1958	
7793	-7697	-104	-23	-1941	1944	
7738	-7753	6	2	-1953	1929	
7681	-7807	117	29	-1966	1917	
7625	-7861	226	56	-1981	1902	
7567	-7913	335	85	-1994	1887	
7509	-7962	446	118	-2005	1874	
7450	-8012	556	151	-2017	1859	
7388	-8061	666	182	-2030	1842	
7324	-8109	776	210	-2042	1827	
7261	-8155	884	235	-2053	1811	
7197	-8199	994	259	-2065	1793	
7132	-8243	1104	285	-2074	1778	
7066	-8285	1213	313	-2085	1761	
6997	-8326	1322	340	-2096	1744	
6929	-8366	1430	369	-2103	1726	
6857	-8405	1540	395	-2114	1707	
6787	-8442	1649	420	-2125	1690	
6717	-8478	1755	448	-2132	1672	
6644	-8512	1864	475	-2140	1654	
6570	-8546	1973	500	-2149	1636	
6494	-8579	2080	529	-2156	1617	
6418	-8610	2187	555	-2164	1598	
6341	-8638	2294	581	-2172	1578	
6262	-8667	2401	608	-2177	1559	
6185	-8694	2507	634	-2185	1539	
6105	-8719	2613	659	-2193	1519	
6024	-8745	2717	685	-2196	1499	
5943	-8767	2821	712	-2200	1479	
5860	-8789	2926	738	-2207	1458	
5776	-8809	3030	763	-2212	1436	
5693	-8828	3133	790	-2217	1416	
5609	-8846	3237	815	-2222	1394	
5523	-8862	3339	840	-2226	1373	
5436	-8877	3441	865	-2229	1352	
5348	-8891	3542	890	-2231	1330	
5259	-8904	3644	916	-2234	1307	
5171	-8914	3744	941	-2237	1285	
5081	-8924	3844	964	-2239	1262	
4989	-8932	3944	990	-2241	1240	
4898	-8939	4041	1015	-2242	1218	
4805	-8944	4139	1038	-2243	1193	
4713	-8948	4238	1063	-2243	1170	
4619	-8952	4335	1087	-2244	1148	
4526	-8954	4430	1110	-2245	1124	
4430	-8954	4525	1133	-2246	1100	
4334	-8953	4621	1157	-2245	1075	
4238	-8949	4715	1179	-2244	1051	
4140	-8946	4808	1203	-2243	1026	
4043	-8941	4900	1226	-2242	1002	
3946	-8934	4993	1248	-2239	977	
3847	-8926	5084	1270	-2237	952	
3747	-8918	5175	1294	-2234	930	
3646	-8908	5265	1317	-2232	903	
3546	-8895	5353	1337	-2228	877	
3444	-8881	5440	1361	-2224	854	
3343	-8867	5527	1381	-2222	828	
3242	-8851	5614	1401	-2218	801	
3139	-8834	5700	1423	-2213	776	
3037	-8815	5785	1443	-2208	750	
2932	-8796	5869	1464	-2203	723	
2828	-8774	5952	1485	-2197	698	
2724	-8750	6033	1505	-2191	672	
2619	-8727	6115	1525	-2185	647	
2515	-8703	6196	1544	-2178	621	
2409	-8675	6275	1564	-2173	593	
2301	-8648	6353	1584	-2164	566	
2197	-8619	6430	1603	-2156	540	
2092	-8588	6508	1622	-2149	515	
1984	-8555	6584	1640	-2141	488	
1876	-8522	6657	1659	-2133	462	
1769	-8488	6730	1677	-2123	435	
1661	-8453	6803	1694	-2115	408	
1553	-8416	6874	1712	-2106	382	
1444	-8378	6944	1730	-2096	355	
1336	-8339	7014	1746	-2085	328	
1228	-8298	7082	1764	-2075	301	
1118	-8255	7149	1781	-2065	274	
1007	-8213	7216	1795	-2055	247	
898	-8170	7280	1813	-2042	221	
787	-8123	7344	1829	-2030	194	
678	-8076	7408	1842	-2020	167	
570	-8029	7469	1858	-2007	142	
461	-7979	7530	1873	-1995	117	
352	-7929	7589	1888	-1982	92	
241	-7877	7648	1903	-1969	67	
132	-7824	7705	1916	-1955	43	
23	-7770	7761	1930	-1941	18	
-88	-7715	7816	1944	-1927	-9	
-197	-7659	7870	1956	-1914	-40	
-308	-7601	7923	1969	-1899	-81	
-418	-7542	7974	1981	-1884	-124	
-527	-7482	8023	1994	-1868	-159	
-637	-7421	8072	2006	-1853	-180	
-748	-7360	8120	2017	-1838	-196	
-856	-7295	8166	2029	-1821	-217	
-965	-7232	8212	2039	-1805	-244	
-1075	-7167	8256	2050	-1789	-277	
-1184	-7100	8299	2062	-1772	-306	
-1292	-7033	8340	2072	-1755	-332	
-1401	-6964	8380	2081	-1737	-358	
-1510	-6895	8419	2091	-1720	-385	
-1617	-6824	8456	2100	-1702	-413	
-1727	-6752	8494	2110	-1682	-439	
-1833	-6679	8529	2118	-1665	-467	
-1938	-6605	8562	2125	-1646	-495	
-2047	-6531	8595	2134	-1628	-520	
-2152	-6455	8626	2141	-1609	-546	
-2259	-6379	8656	2148	-1590	-573	
-2365	-6302	8685	2155	-1571	-599	
-2470	-6223	8713	2161	-1552	-626	
-2576	-6144	8738	2167	-1531	-652	
-2680	-6063	8763	2173	-1511	-679	
-2784	-5981	8787	2180	-1490	-704	
-2889	-5899	8809	2184	-1469	-730	
-2995	-5815	8830	2190	-1449	-757	
-3098	-5732	8849	2196	-1427	-782	
-3200	-5648	8868	2199	-1405	-807	
-3303	-5561	8884	2202	-1383	-834	
-3404	-5475	8899	2208	-1361	-858	
-3506	-5388	8913	2211	-1340	-883	
-3608	-5299	8927	2211	-1319	-910	
-3708	-5211	8939	2214	-1297	-934	
-3808	-5121	8948	2217	-1274	-959	
-3906	-5030	8957	2219	-1250	-984	
-4004	-4939	8965	2222	-1228	-1009	
-4103	-4847	8970	2224	-1205	-1033	
-4199	-4754	8975	2224	-1181	-1057	
-4297	-4660	8978	2225	-1158	-1081	
-4393	-4566	8980	2225	-1134	-1104	
-4487	-4472	8981	2225	-1110	-1128	
-4585	-4376	8980	2225	-1086	-1152	
-4678	-4279	8978	2224	-1062	-1175	
-4770	-4183	8974	2223	-1038	-1199	
-4862	-4085	8969	2221	-1014	-1221	
-4955	-3986	8964	2219	-989	-1244	
-5048	-3887	8957	2217	-964	-1267	
-5137	-3787	8947	2215	-939	-1290	
-5226	-3688	8937	2212	-915	-1312	
-5315	-3588	8926	2208	-890	-1335	
-5404	-3486	8913	2206	-864	-1356	
-5492	-3386	8899	2202	-838	-1377	
-5576	-3283	8883	2198	-813	-1400	
-5662	-3180	8866	2194	-787	-1420	
-5747	-3076	8848	2189	-760	-1441	
-5830	-2973	8828	2184	-735	-1462	
-5914	-2870	8807	2177	-711	-1482	
-5997	-2765	8786	2173	-684	-1503	
-6079	-2660	8762	2167	-657	-1524	
-6159	-2556	8737	2160	-631	-1544	
-6238	-2449	8712	2155	-605	-1564	
-6316	-2342	8685	2146	-579	-1583	
-6393	-2237	8655	2139	-552	-1602	
-6470	-2130	8624	2133	-525	-1620	
-6546	-2023	8593	2123	-499	-1638	
-6620	-1916	8561	2115	-473	-1658	
-6693	-1808	8527	2108	-444	-1677	
-6767	-1700	8492	2098	-418	-1695	
-6838	-1593	8455	2087	-392	-1712	
-6908	-1485	8418	2079	-364	-1729	
-6978	-1376	8378	2070	-337	-1747	
-7047	-1267	8337	2060	-311	-1763	
-7114	-1157	8297	2049	-284	-1780	
-7180	-1048	8254	2038	-257	-1796	
-7246	-939	8209	2027	-230	-1812	
-7309	-830	8165	2016	-203	-1829	
-7373	-721	8117	2003	-176	-1844	
-7435	-610	8069	1991	-149	-1860	
-7494	-500	8022	1979	-123	-1875	
-7554	-391	7971	1968	-96	-1890	
-7613	-282	7919	1954	-71	-1905	
-7670	-171	7868	1939	-48	-1918	
-7726	-61	7813	1928	-21	-1932	
-7781	49	7758	1914	5	-1946	
-7837	160	7702	1900	30	-1958	
-7889	270	7644	1886	59	-1971	
-7941	380	7586	1870	90	-1984	
-7991	489	7527	1855	126	-1995	
-8040	598	7466	1841	162	-2008	
-8089	709	7405	1826	193	-2021	
-8135	818	7341	1810	219	-2031	
-8180	928	7277	1795	241	-2042	
-8223	1037	7213	1777	265	-2055	
-8267	1146	7146	1761	292	-2065	
-8309	1256	7079	1745	320	-2075	
-8349	1364	7011	1727	349	-2085	
-8390	1473	6942	1710	377	-2095	
-8427	1581	6871	1692	402	-2104	
-8464	1690	6800	1674	430	-2114	
-8499	1798	6728	1656	457	-2122	
-8533	1905	6653	1637	483	-2129	
-8567	2012	6579	1619	510	-2138	
-8598	2120	6503	1600	537	-2145	
-8627	2226	6426	1583	565	-2152	
-8657	2332	6350	1563	590	-2160	
-8685	2439	6272	1543	617	-2166	
-8712	2544	6192	1524	644	-2173	
-8737	2649	6112	1504	670	-2179	
-8760	2755	6030	1483	695	-2185	
-8783	2859	5949	1462	721	-2191	
-8805	2963	5866	1442	749	-2195	
-8825	3067	5781	1420	773	-2200	
-8843	3170	5697	1399	798	-2205	
-8860	3273	5611	1377	825	-2209	
-8877	3374	5525	1356	850	-2213	
-8890	3476	5438	1334	875	-2217	
-8904	3578	5349	1314	901	-2219	
-8915	3679	5260	1291	926	-2222	
-8925	3778	5171	1269	951	-2224	
-8936	3878	5080	1248	977	-2226	
-8942	3977	4989	1222	1001	-2229	
-8949	4075	4896	1200	1025	-2230	
-8953	4172	4804	1177	1049	-2230	
-8957	4269	4711	1154	1073	-2231	
-8961	4367	4616	1130	1097	-2232	
-8961	4462	4521	1107	1122	-2230	
-8961	4557	4426	1083	1145	-2231	
-8959	4651	4330	1059	1169	-2231	
-8956	4746	4233	1035	1192	-2230	
-8953	4839	4137	1009	1214	-2230	
-8947	4931	4037	988	1239	-2227	
-8939	5022	3938	963	1262	-2225	
-8931	5113	3839	937	1283	-2223	
-8922	5203	3740	913	1306	-2220	
-8910	5292	3640	887	1328	-2217	
-8897	5381	3539	862	1350	-2214	
-8884	5469	3436	837	1371	-2211	
-8868	5555	3334	813	1393	-2206	
-8853	5641	3231	787	1415	-2201	
-8836	5726	3130	761	1436	-2197	
-8815	5811	3026	736	1458	-2193	
-8796	5895	2922	709	1478	-2188	
-8774	5978	2817	683	1497	-2183	
-8751	6059	2712	659	1519	-2177	
-8727	6140	2608	631	1537	-2170	
-8701	6220	2503	604	1557	-2165	
-8674	6298	2396	580	1578	-2157	
-8645	6376	2289	553	1596	-2149	
-8616	6453	2182	527	1615	-2142	
-8585	6529	2076	502	1634	-2134	
-8552	6604	1967	475	1654	-2126	
-8520	6678	1860	448	1672	-2117	
-8485	6751	1752	421	1690	-2106	
-8448	6824	1643	395	1708	-2099	
-8412	6894	1535	367	1725	-2090	
-8373	6964	1426	341	1742	-2080	
-8334	7033	1317	316	1761	-2070	
-8293	7101	1208	287	1776	-2060	
-8251	7167	1099	262	1792	-2048	
-8207	7233	989	236	1810	-2037	
-8162	7298	880	208	1825	-2026	
-8116	7362	769	183	1841	-2014	
-8067	7423	660	157	1857	-2002	
-8020	7485	551	130	1871	-1990	
-7971	7544	441	104	1887	-1977	
-7918	7605	330	78	1901	-1965	
-7868	7663	220	53	1916	-1952	
-7816	7719	111	27	1931	-1937	
-7761	7775	0	-1	1943	-1924	
-7705	7828	-109	-31	1956	-1911	
-7649	7882	-219	-66	1969	-1896	
-7591	7934	-330	-101	1982	-1883	
-7531	7984	-440	-132	1995	-1867	
-7472	8035	-550	-158	2007	-1851	
-7411	8083	-659	-180	2019	-1836	
-7347	8131	-770	-205	2030	-1821	
-7283	8176	-879	-231	2041	-1805	
-7219	8220	-989	-259	2053	-1788	
-7155	8265	-1098	-289	2062	-1773	
-7089	8307	-1208	-315	2074	-1755	
-7020	8347	-1317	-339	2085	-1737	
-6951	8387	-1425	-368	2094	-1721	
-6881	8425	-1534	-395	2103	-1703	
-6809	8463	-1642	-420	2113	-1683	
-6738	8499	-1751	-449	2121	-1668	
-6666	8534	-1858	-477	2128	-1649	
-6591	8567	-1965	-503	2136	-1630	
-6516	8599	-2073	-528	2146	-1611	
-6439	8630	-2180	-555	2153	-1592	
-6363	8659	-2286	-582	2159	-1573	
-6285	8688	-2394	-608	2167	-1553	
-6207	8715	-2500	-634	2174	-1533	
-6128	8740	-2604	-660	2179	-1513	
-6046	8765	-2710	-686	2185	-1492	
-5964	8789	-2816	-713	2191	-1473	
-5882	8810	-2920	-737	2197	-1451	
-5799	8830	-3023	-763	2201	-1431	
-5715	8849	-3127	-791	2205	-1410	
-5631	8867	-3230	-817	2210	-1389	
-5545	8883	-3332	-841	2214	-1366	
-5458	8898	-3434	-866	2217	-1344	
-5370	8911	-3536	-892	2220	-1323	
-5281	8924	-3636	-917	2222	-1301	
-5192	8935	-3737	-940	2226	-1278	
-5103	8944	-3837	-965	2229	-1255	
-5013	8953	-3936	-991	2230	-1233	
-4920	8960	-4036	-1015	2231	-1210	
-4829	8965	-4133	-1038	2234	-1187	
-4735	8970	-4231	-1062	2234	-1164	
-4642	8973	-4328	-1086	2235	-1141	
-4548	8975	-4424	-1111	2234	-1117	
-4452	8975	-4519	-1134	2233	-1092	
-4358	8973	-4614	-1156	2234	-1068	
-4261	8970	-4708	-1180	2233	-1045	
-4164	8967	-4801	-1203	2231	-1020	
-4066	8962	-4894	-1226	2230	-995	
-3967	8955	-4986	-1250	2228	-971	
-3868	8947	-5078	-1272	2227	-946	
-3768	8938	-5169	-1296	2223	-923	
-3668	8927	-5258	-1316	2221	-898	
-3568	8915	-5346	-1337	2219	-871	
-3468	8901	-5435	-1359	2213	-847	
-3365	8887	-5522	-1381	2209	-822	
-3264	8871	-5608	-1402	2206	-796	
-3161	8854	-5694	-1423	2201	-769	
-3057	8836	-5779	-1445	2196	-744	
-2954	8816	-5862	-1465	2191	-718	
-2850	8794	-5945	-1485	2186	-692	
-2746	8771	-6027	-1505	2181	-665	
-2639	8748	-6109	-1525	2174	-639	
-2536	8723	-6189	-1546	2167	-614	
-2430	8696	-6268	-1565	2160	-587	
-2322	8667	-6347	-1584	2155	-561	
-2217	8639	-6424	-1603	2147	-535	
-2111	8609	-6501	-1624	2137	-509	
-2005	8576	-6577	-1642	2130	-482	
-1898	8543	-6652	-1659	2123	-455	
-1791	8509	-6724	-1678	2113	-428	
-1684	8474	-6795	-1694	2103	-401	
-1575	8437	-6868	-1712	2095	-375	
-1468	8399	-6939	-1731	2085	-348	
-1360	8360	-7009	-1746	2074	-320	
-1250	8319	-7076	-1763	2065	-293	
-1141	8277	-7143	-1780	2053	-267	
-1032	8234	-7209	-1795	2042	-241	
-921	8189	-7274	-1811	2033	-214	
-813	8144	-7339	-1828	2021	-187	
-704	8097	-7402	-1844	2007	-161	
-593	8049	-7463	-1858	1995	-134	
-482	7999	-7523	-1874	1984	-108	
-373	7949	-7583	-1888	1970	-83	
-262	7898	-7642	-1901	1958	-58	
-153	7844	-7699	-1916	1944	-33	
-44	7790	-7754	-1930	1930	-9	
65	7735	-7810	-1944	1916	17	
175	7679	-7864	-1957	1901	42	
284	7622	-7916	-1969	1888	71	
394	7563	-7968	-1981	1875	108	
504	7502	-8017	-1994	1859	148	
613	7442	-8066	-2006	1843	185	
722	7379	-8115	-2016	1829	212	
834	7316	-8160	-2029	1812	232	
942	7253	-8205	-2040	1793	251	
1051	7187	-8250	-2052	1777	277	
1161	7121	-8293	-2061	1761	306	
1269	7053	-8334	-2070	1744	336	
1378	6984	-8375	-2081	1727	365	
1486	6915	-8414	-2090	1709	390	
1594	6844	-8451	-2100	1690	418	
1704	6772	-8488	-2108	1674	444	
1813	6700	-8524	-2116	1655	471	
1919	6626	-8557	-2126	1637	499	
2024	6552	-8589	-2132	1620	525	
2132	6476	-8621	-2140	1600	553	
2240	6400	-8650	-2149	1579	578	
2345	6322	-8679	-2155	1559	604	
2450	6242	-8708	-2161	1540	630	
2556	6163	-8733	-2168	1520	657	
2661	6083	-8757	-2174	1500	683	
2766	6001	-8781	-2179	1479	709	
2869	5919	-8803	-2184	1459	736	
2974	5836	-8823	-2189	1438	761	
3077	5751	-8844	-2195	1416	786	
3179	5667	-8861	-2199	1395	812	
3282	5582	-8878	-2204	1374	837	
3384	5495	-8895	-2207	1351	862	
3485	5406	-8909	-2211	1328	887	
3585	5319	-8921	-2214	1308	913	
3686	5231	-8933	-2216	1285	939	
3787	5141	-8943	-2218	1263	963	
3886	5051	-8951	-2219	1240	988	
3984	4959	-8960	-2221	1217	1014	
4081	4867	-8965	-2223	1195	1038	
4179	4773	-8969	-2224	1171	1062	
4277	4681	-8973	-2224	1147	1086	
4371	4586	-8974	-2226	1122	1110	
4466	4491	-8975	-2224	1101	1134	
4562	4396	-8974	-2223	1077	1157	
4654	4299	-8972	-2225	1051	1180	
4749	4202	-8969	-2224	1028	1203	
4842	4105	-8965	-2222	1004	1227	
4933	4007	-8958	-2220	979	1250	
5025	3908	-8951	-2217	954	1272	
5115	3809	-8942	-2214	928	1295	
5205	3709	-8932	-2212	903	1317	
5294	3608	-8921	-2210	879	1339	
5382	3508	-8907	-2206	854	1362	
5469	3406	-8893	-2203	828	1383	
5555	3302	-8877	-2199	802	1403	
5640	3201	-8860	-2192	778	1426	
5725	3098	-8842	-2188	751	1446	
5810	2995	-8823	-2185	725	1466	
5892	2890	-8803	-2178	700	1489	
5974	2786	-8780	-2172	673	1509	
6056	2681	-8755	-2167	646	1528	
6136	2576	-8731	-2160	620	1549	
6216	2470	-8705	-2154	594	1569	
6295	2363	-8678	-2147	568	1587	
6372	2258	-8650	-2140	542	1606	
6448	2152	-8619	-2132	515	1625	
6523	2044	-8587	-2124	487	1645	
6597	1936	-8555	-2116	462	1664	
6670	1829	-8521	-2106	437	1681	
6744	1721	-8486	-2098	408	1699	
6815	1613	-8449	-2089	381	1717	
6886	1505	-8411	-2078	355	1735	
6954	1396	-8372	-2069	328	1752	
7024	1287	-8332	-2060	301	1769	
7091	1179	-8291	-2049	274	1786	
7157	1069	-8247	-2038	247	1802	
7224	959	-8203	-2027	221	1818	
7287	851	-8158	-2016	195	1833	
7349	740	-8111	-2004	168	1849	
7411	631	-8063	-1991	142	1866	
7471	521	-8016	-1978	118	1881	
7532	411	-7965	-1967	92	1894	
7591	302	-7914	-1953	66	1910	
7649	192	-7862	-1940	40	1924	
7704	82	-7807	-1927	13	1938	
7758	-29	-7752	-1914	-15	1951	
7813	-139	-7696	-1899	-48	1964	
7864	-249	-7639	-1885	-84	1977	
7917	-359	-7580	-1871	-121	1989	
7969	-468	-7521	-1855	-152	2003	
8017	-579	-7460	-1840	-175	2015	
8064	-688	-7398	-1824	-196	2027	
8112	-798	-7336	-1809	-220	2039	
8157	-908	-7272	-1792	-248	2050	
8201	-1017	-7206	-1776	-276	2060	
8245	-1125	-7141	-1759	-305	2071	
8286	-1235	-7073	-1742	-332	2082	
8327	-1343	-7005	-1726	-359	2091	
8366	-1451	-6934	-1709	-388	2101	
8404	-1560	-6864	-1691	-414	2111	
8440	-1668	-6793	-1674	-441	2118	
8475	-1775	-6721	-1656	-468	2127	
8510	-1883	-6647	-1637	-494	2136	
8543	-1990	-6572	-1618	-522	2143	
8574	-2097	-6498	-1600	-549	2152	
8605	-2204	-6421	-1580	-576	2160	
8634	-2311	-6344	-1560	-600	2165	
8662	-2417	-6265	-1541	-627	2173	
8690	-2522	-6185	-1521	-654	2179	
8714	-2628	-6106	-1502	-681	2185	
8737	-2734	-6023	-1482	-708	2192	
8760	-2838	-5942	-1461	-733	2197	
8780	-2942	-5860	-1441	-759	2202	
8800	-3045	-5776	-1420	-785	2207	
8818	-3148	-5691	-1399	-810	2210	
8836	-3252	-5604	-1377	-837	2215	
8852	-3353	-5517	-1355	-861	2218	
8865	-3455	-5431	-1333	-887	2221	
8881	-3556	-5343	-1313	-914	2224	
8893	-3657	-5254	-1290	-936	2227	
8901	-3757	-5165	-1267	-961	2229	
8911	-3856	-5075	-1246	-987	2231	
8919	-3956	-4983	-1222	-1012	2233	
8925	-4054	-4891	-1199	-1037	2235	
8931	-4152	-4799	-1177	-1061	2236	
8934	-4248	-4705	-1154	-1086	2237	
8936	-4344	-4611	-1130	-1109	2237	
8938	-4441	-4516	-1106	-1132	2237	
8938	-4536	-4421	-1082	-1157	2237	
8935	-4630	-4324	-1058	-1180	2236	
8932	-4724	-4227	-1035	-1203	2237	
8930	-4817	-4129	-1010	-1227	2234	
8924	-4909	-4031	-985	-1249	2233	
8916	-5000	-3932	-962	-1272	2230	
8909	-5092	-3833	-938	-1295	2228	
8897	-5183	-3733	-912	-1317	2228	
8887	-5271	-3633	-887	-1340	2223	
8875	-5360	-3531	-862	-1360	2221	
8860	-5448	-3429	-837	-1383	2218	
8845	-5535	-3327	-812	-1405	2213	
8828	-5621	-3224	-786	-1426	2208	
8811	-5706	-3122	-760	-1447	2203	
8792	-5791	-3019	-734	-1467	2198	
8772	-5874	-2914	-709	-1489	2193	
8751	-5956	-2810	-683	-1509	2188	
8728	-6038	-2705	-657	-1528	2182	
8702	-6119	-2600	-630	-1549	2175	
8676	-6199	-2494	-605	-1569	2169	
8651	-6277	-2388	-580	-1589	2162	
8623	-6355	-2282	-553	-1609	2155	
8593	-6432	-2173	-526	-1627	2147	
8562	-6508	-2066	-499	-1645	2139	
8529	-6584	-1960	-472	-1664	2131	
8497	-6657	-1852	-446	-1682	2122	
8462	-6730	-1745	-421	-1700	2114	
8427	-6801	-1637	-393	-1719	2105	
8388	-6872	-1527	-365	-1735	2097	
8349	-6943	-1419	-339	-1752	2086	
8311	-7012	-1310	-313	-1771	2075	
8269	-7079	-1201	-285	-1787	2065	
8227	-7146	-1092	-258	-1803	2055	
8184	-7212	-982	-232	-1822	2042	
8139	-7277	-873	-206	-1837	2031	
8093	-7340	-763	-179	-1851	2021	
8046	-7402	-653	-153	-1868	2009	
7997	-7463	-544	-126	-1882	1997	
7947	-7524	-433	-101	-1897	1983	
7898	-7583	-323	-75	-1912	1970	
7845	-7641	-212	-48	-1926	1956	
7791	-7698	-102	-21	-1939	1944	
7736	-7754	7	4	-1954	1929	
7681	-7807	117	29	-1966	1914	
7625	-7860	228	58	-1980	1902	
7568	-7913	337	86	-1994	1887	
7508	-7964	447	117	-2006	1872	
7448	-8014	558	152	-2018	1858	
7387	-8062	667	182	-2030	1842	
7324	-8109	777	211	-2042	1826	
7259	-8155	886	236	-2052	1809	
7195	-8200	997	259	-2064	1794	
7130	-8244	1105	286	-2075	1778	
7066	-8286	1214	313	-2086	1761	
6996	-8327	1323	340	-2096	1743	
6927	-8366	1433	369	-2103	1725	
6860	-8404	1542	397	-2113	1709	
6787	-8442	1649	423	-2122	1690	
6714	-8478	1758	449	-2132	1673	
6642	-8513	1866	475	-2141	1655	
6568	-8547	1973	502	-2149	1635	
6493	-8579	2081	529	-2158	1616	
6417	-8610	2189	555	-2164	1598	
6341	-8639	2296	582	-2171	1579	
6261	-8667	2402	608	-2178	1559	
6184	-8694	2507	636	-2185	1538	
6107	-8720	2612	659	-2191	1518	
6022	-8745	2718	685	-2198	1498	
5943	-8767	2823	713	-2202	1478	
5859	-8789	2927	738	-2207	1457	
5775	-8809	3031	764	-2213	1436	
5692	-8827	3135	790	-2217	1415	
5606	-8845	3238	815	-2221	1394	
5522	-8862	3340	841	-2225	1372	
5435	-8876	3443	866	-2229	1351	
5347	-8891	3544	891	-2231	1328	
5259	-8903	3645	916	-2233	1307	
5169	-8914	3745	940	-2237	1285	
5080	-8924	3845	966	-2239	1262	
4988	-8931	3945	990	-2242	1239	
4896	-8939	4044	1013	-2243	1215	
4804	-8945	4141	1040	-2242	1194	
4712	-8949	4238	1063	-2245	1170	
4617	-8952	4336	1086	-2246	1146	
4524	-8954	4431	1111	-2245	1123	
4429	-8954	4526	1134	-2246	1098	
4332	-8952	4621	1157	-2245	1074	
4236	-8950	4715	1181	-2244	1050	
4139	-8947	4809	1203	-2243	1026	
4042	-8941	4902	1226	-2241	1001	
3944	-8934	4993	1249	-2240	977	
3845	-8926	5085	1270	-2238	953	
3745	-8918	5177	1294	-2234	928	
3645	-8907	5266	1316	-2231	901	
3545	-8894	5354	1338	-2229	877	
3443	-8881	5441	1360	-2224	852	
3341	-8866	5529	1381	-2221	827	
3241	-8850	5615	1402	-2218	802	
3138	-8834	5700	1423	-2213	775	
3036	-8815	5785	1444	-2208	749	
2932	-8794	5869	1465	-2203	725	
2826	-8773	5953	1486	-2197	698	
2722	-8751	6035	1505	-2190	672	
2618	-8728	6116	1525	-2185	645	
2514	-8702	6196	1545	-2179	619	
2408	-8675	6276	1566	-2171	594	
2301	-8648	6354	1584	-2164	567	
2194	-8618	6431	1603	-2157	540	
2089	-8587	6508	1624	-2147	515	
1982	-8555	6584	1641	-2140	489	
1875	-8522	6658	1659	-2133	460	
1768	-8488	6732	1677	-2124	434	
1660	-8452	6804	1695	-2115	408	
1552	-8416	6875	1713	-2106	380	
1443	-8377	6946	1730	-2095	354	
1335	-8338	7015	1746	-2086	328	
1226	-8298	7082	1764	-2075	301	
1115	-8256	7150	1781	-2064	274	
1007	-8213	7216	1796	-2054	248	
897	-8168	7281	1812	-2042	221	
787	-8123	7346	1829	-2030	194	
678	-8075	7408	1844	-2017	168	
569	-8027	7470	1858	-2007	141	
459	-7979	7531	1874	-1994	116	
350	-7928	7590	1889	-1982	91	
241	-7876	7649	1902	-1968	66	
130	-7824	7706	1915	-1954	43	
21	-7770	7761	1930	-1942	17	
-90	-7714	7817	1944	-1928	-10	
-198	-7658	7870	1957	-1912	-41	
-308	-7600	7923	1969	-1899	-81	
-420	-7541	7975	1981	-1885	-125	
-529	-7482	8024	1994	-1868	-160	
-639	-7420	8073	2007	-1852	-181	
-749	-7359	8121	2018	-1838	-197	
-858	-7295	8167	2029	-1821	-216	
-967	-7231	8213	2040	-1804	-245	
-1076	-7166	8257	2050	-1788	-277	
-1185	-7099	8299	2060	-1772	-305	
-1293	-7031	8340	2071	-1755	-333	
-1402	-6963	8380	2081	-1737	-358	
-1511	-6893	8420	2090	-1720	-385	
-1619	-6823	8458	2100	-1702	-413	
-1727	-6751	8495	2108	-1685	-439	
-1835	-6679	8529	2117	-1666	-467	
