-2068	-6516	8601	2136	-1624	-524	
-2173	-6441	8633	2143	-1605	-552	
-2279	-6363	8663	2150	-1587	-578	
-2386	-6286	8691	2156	-1566	-605	
-2491	-6207	8718	2162	-1546	-632	
-2597	-6127	8744	2170	-1527	-657	
-2703	-6047	8768	2175	-1506	-683	
-2807	-5965	8791	2180	-1486	-710	
-2910	-5883	8814	2186	-1465	-736	
-3013	-5800	8834	2191	-1443	-760	
-3118	-5715	8853	2194	-1422	-787	
-3222	-5630	8870	2200	-1401	-812	
-3323	-5544	8886	2206	-1379	-838	
-3424	-5458	8903	2208	-1357	-864	
-3526	-5371	8916	2211	-1336	-889	
-3626	-5282	8928	2212	-1314	-913	
-3726	-5193	8941	2216	-1291	-939	
-3827	-5103	8950	2218	-1269	-964	
-3926	-5013	8958	2220	-1246	-988	
-4025	-4922	8965	2222	-1223	-1013	
-4123	-4829	8971	2221	-1200	-1038	
-4219	-4735	8975	2223	-1177	-1061	
-4316	-4642	8979	2225	-1153	-1086	
-4412	-4547	8980	2224	-1128	-1111	
-4507	-4452	8980	2225	-1105	-1133	
-4602	-4357	8980	2225	-1081	-1155	
-4694	-4261	8977	2224	-1058	-1180	
-4787	-4163	8974	2222	-1033	-1203	
-4880	-4065	8968	2220	-1008	-1226	
-4973	-3967	8962	2219	-984	-1250	
-5065	-3867	8954	2217	-959	-1273	
-5154	-3769	8945	2214	-935	-1295	
-5243	-3669	8936	2212	-909	-1317	
-5332	-3567	8923	2210	-884	-1338	
-5420	-3466	8910	2204	-860	-1361	
-5507	-3364	8896	2201	-834	-1383	
-5595	-3263	8879	2198	-807	-1403	
-5680	-3160	8863	2193	-781	-1425	
-5763	-3056	8844	2188	-755	-1446	
-5848	-2952	8824	2182	-731	-1466	
-5931	-2848	8804	2177	-704	-1487	
-6013	-2743	8782	2172	-678	-1507	
-6093	-2638	8757	2165	-653	-1528	
-6173	-2534	8732	2159	-626	-1548	
-6252	-2429	8706	2153	-600	-1567	
-6330	-2322	8678	2145	-573	-1586	
-6409	-2215	8649	2138	-546	-1605	
-6486	-2108	8618	2130	-520	-1624	
-6559	-2001	8587	2122	-493	-1643	
-6634	-1894	8554	2115	-465	-1661	
-6709	-1786	8519	2104	-439	-1681	
-6781	-1679	8485	2096	-414	-1699	
-6852	-1570	8447	2088	-386	-1714	
-6922	-1462	8409	2078	-359	-1733	
-6991	-1354	8370	2067	-333	-1750	
-7059	-1245	8329	2057	-305	-1767	
-7125	-1135	8288	2047	-278	-1785	
-7192	-1027	8244	2036	-251	-1799	
-7257	-917	8200	2025	-224	-1816	
-7321	-808	8154	2014	-198	-1833	
-7385	-699	8108	2002	-172	-1847	
-7445	-589	8061	1990	-144	-1863	
-7506	-479	8011	1978	-117	-1877	
-7567	-369	7960	1964	-92	-1892	
-7624	-259	7909	1951	-66	-1906	
-7681	-149	7857	1938	-41	-1920	
-7738	-37	7803	1925	-15	-1935	
-7793	71	7747	1911	11	-1948	
-7846	181	7691	1897	37	-1962	
-7897	291	7634	1882	65	-1975	
-7950	402	7575	1868	97	-1987	
-7999	512	7515	1853	131	-1999	
-8048	620	7454	1837	167	-2011	
-8098	731	7392	1823	200	-2022	
-8143	840	7328	1806	224	-2034	
-8188	949	7265	1790	245	-2046	
-8233	1059	7200	1775	270	-2057	
-8276	1168	7133	1758	296	-2067	
-8316	1277	7066	1741	324	-2077	
-8357	1385	6997	1722	353	-2087	
-8396	1495	6928	1706	381	-2097	
-8433	1603	6856	1688	408	-2106	
-8471	1710	6784	1671	434	-2115	
-8505	1819	6713	1653	462	-2123	
-8539	1926	6639	1633	488	-2131	
-8573	2033	6564	1615	514	-2140	
-8604	2142	6488	1597	543	-2147	
-8635	2247	6412	1577	569	-2155	
-8663	2354	6334	1559	596	-2161	
-8690	2460	6255	1539	623	-2166	
-8716	2565	6177	1518	648	-2174	
-8741	2671	6095	1498	675	-2180	
-8765	2775	6014	1479	700	-2186	
-8787	2880	5932	1457	726	-2192	
-8808	2985	5848	1437	752	-2196	
-8826	3087	5765	1416	778	-2200	
-8846	3190	5680	1395	804	-2206	
-8862	3294	5594	1375	830	-2209	
-8879	3395	5507	1352	854	-2213	
-8895	3496	5420	1330	881	-2218	
-8905	3599	5331	1309	907	-2220	
-8916	3698	5242	1287	933	-2222	
-8926	3798	5153	1264	958	-2225	
-8937	3898	5062	1240	980	-2227	
-8945	3996	4971	1218	1005	-2230	
-8951	4095	4879	1195	1029	-2230	
-8955	4191	4785	1172	1054	-2231	
-8958	4289	4692	1149	1078	-2233	
-8961	4385	4597	1125	1102	-2232	
-8962	4481	4502	1102	1125	-2233	
-8961	4576	4407	1079	1149	-2231	
-8960	4671	4312	1054	1172	-2231	
-8956	4764	4214	1030	1196	-2232	
-8951	4857	4115	1006	1220	-2230	
-8947	4949	4018	982	1242	-2228	
-8939	5040	3919	956	1265	-2225	
-8929	5131	3820	932	1288	-2222	
-8920	5221	3720	908	1310	-2219	
-8908	5310	3619	883	1333	-2217	
-8895	5399	3518	858	1354	-2213	
-8881	5487	3416	833	1376	-2209	
-8866	5573	3314	807	1397	-2206	
-8850	5659	3212	782	1418	-2202	
-8832	5744	3108	756	1440	-2198	
-8813	5828	3004	729	1459	-2192	
-8792	5911	2901	704	1481	-2186	
-8769	5992	2797	679	1503	-2181	
-8746	6075	2692	652	1522	-2176	
-8722	6155	2587	627	1542	-2169	
-8698	6235	2481	600	1562	-2161	
-8670	6314	2374	574	1582	-2155	
-8640	6391	2268	548	1601	-2148	
-8611	6468	2161	522	1620	-2140	
-8580	6545	2054	495	1638	-2132	
-8547	6619	1946	468	1657	-2123	
-8514	6692	1838	444	1676	-2115	
-8479	6765	1731	416	1694	-2107	
-8442	6837	1622	390	1711	-2097	
-8405	6908	1513	363	1730	-2088	
-8366	6978	1404	336	1747	-2078	
-8326	7047	1295	309	1763	-2067	
-8285	7115	1187	283	1780	-2057	
-8243	7181	1077	257	1797	-2046	
-8199	7246	968	229	1813	-2035	
-8154	7310	859	205	1829	-2023	
-8107	7373	748	177	1845	-2012	
-8060	7436	639	151	1860	-2000	
-8012	7497	529	126	1875	-1986	
-7963	7557	419	99	1890	-1974	
-7911	7616	309	74	1904	-1962	
-7856	7674	199	48	1920	-1948	
-7805	7730	89	22	1933	-1936	
-7750	7784	-21	-6	1945	-1922	
-7694	7839	-132	-38	1960	-1908	
-7637	7893	-242	-73	1973	-1894	
-7580	7945	-352	-108	1983	-1879	
-7521	7995	-462	-137	1996	-1864	
-7459	8044	-572	-162	2009	-1849	
-7399	8092	-682	-185	2021	-1833	
-7336	8139	-791	-209	2032	-1817	
-7272	8186	-901	-238	2044	-1802	
-7207	8229	-1010	-266	2055	-1785	
-7141	8273	-1119	-293	2066	-1767	
-7073	8315	-1230	-320	2076	-1751	
-7006	8355	-1339	-346	2087	-1735	
-6938	8396	-1446	-372	2097	-1715	
-6866	8433	-1556	-399	2105	-1698	
-6797	8470	-1663	-428	2113	-1682	
-6725	8506	-1771	-454	2122	-1663	
-6651	8540	-1879	-480	2131	-1645	
-6577	8573	-1986	-508	2139	-1627	
-6501	8606	-2094	-534	2147	-1607	
-6426	8637	-2201	-561	2155	-1588	
-6349	8665	-2309	-587	2161	-1570	
-6271	8693	-2416	-614	2167	-1548	
-6191	8720	-2521	-641	2174	-1529	
-6111	8746	-2626	-665	2181	-1510	
-6031	8769	-2730	-692	2187	-1489	
-5948	8792	-2836	-718	2193	-1469	
-5866	8815	-2940	-744	2196	-1448	
-5784	8834	-3044	-770	2201	-1426	
-5698	8852	-3147	-795	2207	-1406	
-5613	8870	-3250	-820	2211	-1384	
-5527	8886	-3352	-846	2215	-1361	
-5441	8900	-3454	-871	2219	-1342	
-5354	8914	-3555	-897	2221	-1319	
-5264	8925	-3657	-920	2224	-1296	
-5173	8936	-3757	-945	2227	-1273	
-5084	8946	-3856	-971	2226	-1252	
-4994	8954	-3957	-995	2230	-1230	
-4903	8962	-4055	-1019	2233	-1206	
-4812	8966	-4153	-1043	2233	-1183	
-4718	8970	-4249	-1068	2234	-1160	
-4623	8973	-4346	-1092	2234	-1136	
-4527	8974	-4443	-1115	2234	-1111	
-4432	8975	-4538	-1139	2234	-1087	
-4338	8973	-4633	-1162	2234	-1064	
-4242	8970	-4726	-1185	2232	-1039	
-4145	8966	-4820	-1209	2232	-1014	
-4047	8960	-4913	-1230	2230	-990	
-3948	8953	-5004	-1253	2227	-966	
-3849	8945	-5096	-1277	2225	-942	
-3749	8937	-5185	-1298	2224	-917	
-3648	8925	-5275	-1320	2221	-891	
-3548	8913	-5364	-1343	2216	-868	
-3448	8899	-5451	-1364	2214	-841	
-3345	8885	-5538	-1385	2210	-815	
-3243	8869	-5625	-1407	2205	-791	
-3140	8851	-5711	-1428	2201	-765	
-3037	8832	-5796	-1449	2196	-738	
-2935	8811	-5880	-1470	2190	-713	
-2831	8790	-5962	-1489	2185	-687	
-2725	8767	-6044	-1509	2180	-661	
-2620	8744	-6125	-1530	2173	-635	
-2514	8718	-6204	-1548	2167	-608	
-2408	8690	-6283	-1569	2160	-582	
-2303	8663	-6362	-1588	2153	-556	
-2197	8633	-6439	-1606	2145	-529	
-2091	8602	-6516	-1626	2137	-503	
-1983	8570	-6592	-1644	2129	-477	
-1877	8536	-6665	-1663	2121	-449	
-1770	8502	-6738	-1680	2112	-423	
-1663	8467	-6812	-1698	2103	-396	
-1555	8430	-6882	-1715	2093	-369	
-1447	8391	-6953	-1733	2084	-342	
-1338	8352	-7022	-1751	2073	-315	
-1228	8311	-7089	-1767	2062	-288	
-1120	8268	-7157	-1783	2053	-261	
-1011	8225	-7222	-1799	2042	-235	
-900	8180	-7287	-1814	2030	-208	
-791	8134	-7351	-1831	2019	-182	
-681	8087	-7413	-1846	2005	-156	
-571	8040	-7476	-1862	1993	-129	
-460	7990	-7536	-1876	1981	-104	
-351	7939	-7595	-1890	1968	-77	
-243	7888	-7653	-1906	1954	-52	
-132	7834	-7710	-1919	1941	-28	
-23	7779	-7766	-1932	1928	-4	
88	7724	-7821	-1946	1913	20	
198	7667	-7874	-1958	1899	48	
305	7610	-7926	-1971	1886	79	
416	7552	-7977	-1984	1871	116	
525	7491	-8027	-1994	1856	157	
636	7429	-8075	-2005	1840	192	
746	7368	-8123	-2021	1823	216	
853	7304	-8169	-2032	1807	235	
964	7239	-8214	-2042	1791	257	
1073	7175	-8258	-2055	1774	282	
1182	7108	-8300	-2063	1758	312	
1292	7040	-8343	-2073	1741	342	
1400	6971	-8383	-2084	1724	369	
1510	6901	-8420	-2092	1707	396	
1617	6830	-8459	-2102	1688	421	
1724	6759	-8494	-2110	1670	449	
1833	6685	-8530	-2119	1653	476	
1940	6611	-8564	-2127	1633	503	
2046	6536	-8595	-2134	1614	530	
2153	6461	-8626	-2142	1595	556	
2260	6384	-8656	-2149	1575	583	
2365	6306	-8684	-2157	1555	610	
2471	6228	-8712	-2164	1536	636	
2577	6148	-8738	-2169	1516	663	
2681	6068	-8762	-2176	1496	688	
2786	5986	-8786	-2181	1475	715	
2890	5903	-8807	-2186	1454	741	
2992	5820	-8827	-2192	1432	766	
3096	5736	-8847	-2195	1413	792	
3200	5650	-8866	-2200	1393	817	
3301	5564	-8882	-2204	1369	842	
3403	5479	-8897	-2208	1347	868	
3505	5390	-8910	-2210	1325	894	
3604	5302	-8923	-2213	1303	919	
3705	5213	-8934	-2217	1282	943	
3805	5123	-8945	-2218	1259	968	
3904	5033	-8953	-2221	1235	993	
4003	4941	-8960	-2222	1213	1018	
4101	4849	-8967	-2223	1189	1042	
4197	4755	-8970	-2226	1164	1064	
4294	4661	-8973	-2226	1141	1088	
4390	4567	-8976	-2224	1119	1114	
4485	4472	-8975	-2224	1095	1137	
4581	4376	-8974	-2226	1070	1160	
4674	4280	-8972	-2223	1047	1184	
4766	4184	-8968	-2222	1023	1208	
4859	4085	-8963	-2220	998	1231	
4951	3987	-8958	-2219	973	1254	
5043	3889	-8949	-2217	948	1277	
5133	3789	-8940	-2214	925	1299	
5222	3689	-8930	-2212	898	1322	
5311	3588	-8917	-2209	873	1343	
5398	3487	-8904	-2206	849	1366	
5486	3385	-8890	-2201	823	1389	
5573	3283	-8874	-2196	798	1409	
5657	3181	-8857	-2192	773	1430	
5743	3078	-8838	-2188	746	1451	
5826	2974	-8819	-2183	721	1471	
5908	2870	-8798	-2178	694	1492	
5991	2766	-8775	-2173	669	1513	
6072	2661	-8751	-2165	642	1533	
6152	2556	-8725	-2159	616	1552	
6231	2450	-8700	-2152	590	1572	
6309	2343	-8673	-2145	564	1593	
6386	2237	-8644	-2139	536	1611	
6462	2130	-8613	-2130	510	1630	
6539	2023	-8581	-2122	485	1649	
6612	1916	-8547	-2114	457	1666	
6685	1809	-8514	-2104	430	1686	
6759	1700	-8479	-2095	404	1703	
6829	1591	-8441	-2087	377	1720	
6899	1484	-8403	-2077	350	1738	
6969	1375	-8364	-2067	323	1756	
7037	1266	-8324	-2057	296	1772	
7104	1157	-8282	-2047	268	1788	
7170	1048	-8238	-2036	243	1805	
7236	938	-8194	-2026	217	1821	
7299	828	-8149	-2013	190	1838	
7361	719	-8102	-2000	164	1854	
7425	609	-8055	-1988	137	1868	
7483	499	-8006	-1976	112	1882	
7544	389	-7955	-1963	87	1898	
7602	280	-7903	-1951	60	1913	
7658	171	-7851	-1939	34	1926	
7715	60	-7797	-1925	8	1940	
7769	-51	-7741	-1912	-21	1954	
7823	-160	-7685	-1897	-55	1966	
7876	-270	-7628	-1882	-92	1980	
7927	-380	-7569	-1868	-128	1992	
7978	-491	-7509	-1852	-157	2005	
8026	-601	-7448	-1836	-179	2017	
8075	-710	-7387	-1822	-200	2029	
8121	-819	-7323	-1805	-224	2040	
8166	-928	-7258	-1789	-253	2051	
8212	-1038	-7194	-1773	-282	2063	
8254	-1148	-7127	-1757	-311	2072	
8295	-1256	-7060	-1740	-338	2083	
8335	-1365	-6992	-1723	-365	2093	
8373	-1473	-6922	-1705	-392	2101	
8411	-1581	-6850	-1688	-419	2112	
8448	-1689	-6779	-1669	-447	2121	
8482	-1796	-6706	-1652	-474	2129	
8516	-1904	-6633	-1634	-500	2138	
8550	-2012	-6558	-1615	-527	2146	
8581	-2119	-6482	-1597	-553	2152	
8612	-2225	-6405	-1577	-579	2160	
8639	-2332	-6328	-1557	-605	2167	
8667	-2438	-6250	-1538	-634	2173	
8694	-2544	-6170	-1518	-661	2180	
8718	-2648	-6089	-1498	-686	2186	
8743	-2752	-6008	-1478	-712	2192	
8764	-2858	-5926	-1457	-738	2197	
8784	-2961	-5842	-1437	-764	2202	
8804	-3065	-5759	-1416	-790	2206	
8822	-3169	-5675	-1394	-816	2211	
8839	-3272	-5587	-1373	-841	2214	
8855	-3374	-5501	-1351	-867	2219	
8869	-3475	-5414	-1330	-892	2224	
8882	-3576	-5325	-1308	-917	2226	
8894	-3676	-5237	-1285	-943	2228	
8903	-3776	-5147	-1264	-968	2230	
8912	-3875	-5056	-1240	-993	2233	
8922	-3974	-4965	-1218	-1017	2235	
8927	-4073	-4873	-1196	-1041	2235	
8931	-4170	-4780	-1173	-1065	2237	
8935	-4267	-4686	-1148	-1089	2237	
8937	-4364	-4591	-1124	-1114	2238	
8936	-4459	-4497	-1102	-1138	2238	
8938	-4555	-4402	-1078	-1161	2236	
8934	-4649	-4305	-1053	-1184	2238	
8930	-4743	-4207	-1029	-1207	2237	
8929	-4835	-4110	-1006	-1230	2234	
8922	-4927	-4012	-982	-1254	2232	
8915	-5019	-3914	-957	-1276	2231	
8906	-5109	-3814	-932	-1299	2229	
8896	-5200	-3714	-907	-1322	2225	
8885	-5289	-3614	-882	-1343	2222	
8872	-5377	-3511	-857	-1365	2220	
8858	-5465	-3410	-833	-1387	2216	
8843	-5552	-3309	-807	-1408	2211	
8826	-5638	-3205	-781	-1429	2207	
8808	-5722	-3102	-756	-1453	2202	
8790	-5806	-2999	-729	-1472	2199	
8767	-5890	-2894	-703	-1492	2193	
8745	-5972	-2788	-678	-1512	2186	
8722	-6053	-2684	-650	-1531	2182	
8697	-6134	-2579	-625	-1554	2175	
8672	-6214	-2473	-600	-1574	2168	
8645	-6292	-2367	-573	-1593	2161	
8616	-6370	-2260	-547	-1612	2154	
8587	-6447	-2153	-521	-1630	2146	
8556	-6522	-2046	-494	-1649	2137	
8524	-6597	-1938	-468	-1668	2129	
8489	-6672	-1831	-440	-1686	2121	
8455	-6744	-1724	-414	-1705	2112	
8419	-6816	-1615	-388	-1723	2103	
8380	-6887	-1505	-361	-1740	2093	
8341	-6956	-1397	-334	-1756	2083	
8302	-7025	-1288	-305	-1773	2075	
8261	-7093	-1179	-280	-1790	2063	
8218	-7159	-1070	-254	-1808	2052	
8176	-7224	-961	-227	-1824	2042	
8130	-7290	-851	-201	-1839	2029	
8083	-7353	-742	-173	-1855	2018	
8037	-7414	-632	-148	-1869	2006	
7988	-7475	-521	-121	-1884	1993	
7938	-7536	-412	-96	-1900	1982	
7888	-7595	-302	-70	-1914	1968	
7835	-7651	-192	-44	-1929	1953	
7780	-7708	-82	-18	-1942	1941	
7727	-7764	28	9	-1955	1926	
7671	-7818	138	33	-1970	1913	
7612	-7871	248	61	-1983	1899	
7556	-7923	358	91	-1996	1885	
7497	-7973	468	125	-2008	1869	
7437	-8023	578	158	-2021	1854	
7375	-8071	688	188	-2032	1839	
7311	-8118	797	215	-2042	1822	
7248	-8165	908	240	-2055	1807	
7183	-8209	1017	266	-2067	1791	
7117	-8251	1126	289	-2077	1774	
7051	-8294	1236	318	-2088	1756	
6982	-8334	1345	348	-2096	1740	
6913	-8374	1454	373	-2106	1722	
6843	-8412	1562	400	-2117	1704	
6774	-8450	1669	426	-2125	1686	
6701	-8485	1778	453	-2134	1669	
6627	-8521	1886	481	-2142	1651	
6554	-8553	1993	508	-2151	1632	
6478	-8584	2102	535	-2158	1614	
6402	-8616	2210	561	-2165	1594	
6326	-8645	2316	587	-2172	1574	
6247	-8673	2422	613	-2179	1555	
6169	-8699	2529	639	-2186	1534	
6089	-8724	2635	666	-2192	1515	
6007	-8749	2740	692	-2196	1495	
5925	-8771	2844	717	-2203	1473	
5842	-8792	2948	743	-2208	1454	
5760	-8813	3051	770	-2213	1432	
5677	-8832	3153	795	-2218	1411	
5591	-8849	3258	820	-2222	1391	
5504	-8865	3360	846	-2226	1368	
5417	-8880	3462	871	-2230	1347	
5328	-8893	3564	896	-2232	1324	
5241	-8905	3664	921	-2234	1302	
5151	-8916	3763	945	-2238	1279	
5061	-8926	3864	971	-2240	1257	
4971	-8934	3963	995	-2241	1234	
4879	-8940	4061	1019	-2242	1211	
4786	-8946	4159	1045	-2243	1189	
4693	-8950	4257	1067	-2244	1166	
4601	-8952	4354	1090	-2246	1141	
4505	-8953	4449	1114	-2246	1117	
4410	-8953	4545	1138	-2245	1094	
4315	-8952	4640	1162	-2244	1069	
4218	-8950	4735	1184	-2244	1046	
4120	-8946	4827	1208	-2242	1021	
4022	-8940	4919	1231	-2241	996	
3925	-8933	5011	1253	-2239	973	
3825	-8925	5102	1276	-2236	948	
3725	-8916	5193	1300	-2235	923	
3627	-8904	5282	1320	-2231	897	
3525	-8892	5371	1344	-2226	873	
3425	-8879	5459	1365	-2225	849	
3323	-8863	5546	1384	-2222	821	
3221	-8847	5632	1406	-2217	797	
3119	-8830	5717	1428	-2212	771	
3014	-8812	5803	1449	-2206	745	
2913	-8790	5886	1469	-2201	720	
2808	-8768	5969	1489	-2196	693	
2703	-8747	6051	1509	-2190	667	
2599	-8723	6132	1529	-2184	641	
2491	-8697	6212	1549	-2178	615	
2386	-8670	6291	1568	-2170	588	
2283	-8641	6368	1589	-2161	563	
2176	-8612	6446	1608	-2155	536	
2068	-8582	6522	1625	-2148	509	
1961	-8549	6598	1644	-2140	483	
1855	-8516	6673	1663	-2131	456	
1747	-8482	6745	1681	-2123	429	
1639	-8446	6817	1698	-2113	403	
1531	-8408	6888	1716	-2104	376	
1421	-8370	6960	1733	-2094	348	
1314	-8330	7028	1751	-2084	322	
1204	-8290	7095	1766	-2075	295	
1093	-8248	7164	1782	-2063	267	
985	-8204	7230	1800	-2050	242	
876	-8159	7294	1816	-2040	215	
765	-8114	7358	1831	-2029	188	
657	-8067	7420	1846	-2017	163	
548	-8018	7482	1861	-2005	139	
439	-7969	7542	1876	-1992	112	
329	-7919	7601	1891	-1979	87	
220	-7866	7659	1906	-1966	62	
108	-7812	7717	1920	-1952	37	
-1	-7758	7772	1933	-1938	13	
-110	-7704	7826	1946	-1925	-15	
-220	-7646	7881	1960	-1911	-48	
-329	-7589	7933	1971	-1896	-90	
-440	-7531	7984	1984	-1880	-133	
-550	-7469	8033	1995	-1865	-165	
-660	-7409	8082	2007	-1850	-183	
-768	-7346	8130	2022	-1834	-197	
-877	-7282	8176	2032	-1818	-222	
-988	-7219	8221	2043	-1802	-253	
-1097	-7154	8264	2053	-1785	-283	
-1206	-7087	8306	2063	-1768	-312	
-1316	-7019	8348	2074	-1751	-338	
-1424	-6949	8388	2084	-1734	-364	
-1533	-6881	8427	2092	-1716	-391	
-1641	-6809	8465	2103	-1697	-417	
-1747	-6738	8501	2111	-1680	-445	
-1855	-6664	8535	2119	-1661	-473	
-1963	-6590	8569	2129	-1642	-499	
-2067	-6516	8602	2135	-1626	-525	
-2173	-6438	8632	2142	-1606	-552	
-2280	-6362	8662	2149	-1586	-579	
-2385	-6285	8691	2156	-1567	-605	
-2491	-6206	8718	2163	-1547	-631	
-2597	-6127	8743	2169	-1526	-658	
-2702	-6046	8768	2176	-1506	-683	
-2807	-5965	8792	2181	-1487	-710	
-2910	-5882	8814	2186	-1466	-735	
-3013	-5798	8834	2192	-1443	-760	
-3117	-5714	8853	2196	-1423	-787	
-3222	-5629	8872	2200	-1401	-813	
-3325	-5544	8888	2205	-1378	-837	
-3425	-5458	8902	2208	-1358	-864	
-3526	-5370	8916	2210	-1336	-890	
-3627	-5281	8929	2213	-1315	-914	
-3727	-5192	8940	2215	-1292	-939	
-3827	-5102	8950	2218	-1269	-964	
-3927	-5011	8958	2221	-1247	-989	
-4024	-4921	8966	2221	-1223	-1013	
-4122	-4828	8971	2223	-1201	-1037	
-4220	-4735	8976	2224	-1177	-1061	
-4316	-4642	8978	2225	-1152	-1085	
-4412	-4547	8981	2225	-1129	-1110	
-4509	-4452	8982	2224	-1105	-1134	
-4602	-4356	8980	2225	-1081	-1156	
-4695	-4259	8977	2223	-1057	-1180	
-4789	-4163	8974	2222	-1034	-1204	
-4882	-4065	8969	2221	-1009	-1226	
-4974	-3967	8963	2218	-985	-1249	
-5064	-3867	8955	2217	-960	-1272	
-5155	-3766	8946	2215	-934	-1295	
-5244	-3667	8935	2211	-910	-1316	
-5333	-3568	8924	2209	-884	-1338	
-5422	-3466	8910	2204	-858	-1361	
-5507	-3364	8895	2200	-834	-1383	
-5594	-3261	8880	2198	-807	-1404	
-5680	-3158	8863	2193	-782	-1425	
-5764	-3056	8844	2188	-755	-1446	
-5848	-2952	8825	2182	-729	-1467	
-5931	-2849	8803	2177	-704	-1486	
-6013	-2744	8781	2171	-677	-1506	
-6094	-2639	8757	2166	-652	-1527	
-6174	-2533	8731	2159	-625	-1546	
-6252	-2428	8705	2151	-598	-1567	
-6331	-2321	8677	2145	-573	-1586	
-6409	-2214	8649	2138	-547	-1605	
-6486	-2108	8618	2129	-520	-1625	
-6561	-2001	8586	2122	-493	-1643	
-6634	-1893	8554	2116	-466	-1661	
-6708	-1786	8521	2105	-440	-1680	
-6780	-1678	8484	2095	-413	-1697	
-6852	-1571	8448	2087	-385	-1714	
-6923	-1463	8410	2077	-358	-1733	
-6992	-1353	8370	2068	-332	-1750	
-7060	-1244	8330	2057	-305	-1766	
-7127	-1136	8288	2047	-279	-1783	
-7193	-1027	8245	2036	-252	-1800	
-7258	-918	8201	2025	-224	-1817	
-7322	-807	8154	2014	-197	-1832	
-7385	-698	8108	2001	-171	-1847	
-7447	-588	8061	1990	-144	-1862	
-7507	-477	8010	1978	-116	-1877	
-7567	-369	7961	1965	-92	-1893	
-7625	-259	7909	1953	-66	-1906	
-7682	-148	7856	1938	-40	-1920	
-7739	-38	7803	1924	-15	-1934	
-7792	72	7747	1911	10	-1948	
-7847	182	7690	1897	36	-1962	
-7898	292	7633	1882	65	-1973	
-7950	401	7574	1868	97	-1987	
-8001	511	7516	1853	132	-1999	
-8049	621	7454	1838	167	-2010	
-8098	731	7392	1824	198	-2022	
-8144	842	7329	1806	224	-2033	
-8189	950	7264	1791	246	-2046	
-8233	1060	7200	1776	270	-2056	
-8275	1169	7132	1758	297	-2066	
-8318	1278	7066	1740	325	-2077	
-8358	1386	6997	1723	353	-2087	
-8397	1495	6927	1706	382	-2097	
-8435	1603	6857	1688	409	-2105	
-8470	1711	6783	1670	434	-2115	
-8506	1819	6712	1653	461	-2124	
-8540	1927	6638	1634	489	-2132	
-8573	2034	6563	1616	516	-2139	
-8605	2141	6488	1598	543	-2146	
-8635	2248	6412	1577	569	-2155	
-8663	2353	6334	1558	597	-2161	
-8690	2460	6255	1540	623	-2167	
-8717	2566	6176	1519	648	-2175	
-8742	2671	6094	1499	674	-2181	
-8766	2776	6014	1478	701	-2186	
-8788	2880	5933	1457	727	-2192	
-8809	2985	5848	1436	753	-2197	
-8828	3088	5765	1416	779	-2201	
-8847	3191	5679	1395	804	-2205	
-8864	3294	5593	1374	829	-2210	
-8879	3396	5507	1352	855	-2213	
-8894	3497	5419	1330	881	-2217	
-8905	3598	5331	1309	906	-2221	
-8917	3698	5242	1287	931	-2222	
-8928	3799	5152	1264	956	-2224	
-8937	3898	5062	1239	980	-2227	
-8945	3997	4970	1218	1005	-2227	
-8951	4095	4879	1197	1029	-2229	
-8956	4193	4786	1172	1054	-2231	
-8959	4290	4692	1148	1078	-2231	
-8961	4387	4596	1125	1102	-2231	
-8962	4482	4502	1102	1126	-2232	
-8962	4576	4407	1079	1150	-2231	
-8960	4671	4310	1053	1173	-2232	
-8955	4765	4213	1030	1196	-2231	
-8951	4858	4116	1006	1220	-2229	
-8947	4949	4018	982	1243	-2228	
-8939	5041	3919	957	1265	-2226	
-8929	5131	3820	933	1287	-2223	
-8920	5222	3719	908	1311	-2220	
-8908	5312	3618	883	1332	-2218	
-8896	5399	3517	858	1354	-2214	
-8882	5487	3416	831	1376	-2210	
-8867	5573	3313	807	1397	-2206	
-8850	5659	3211	782	1419	-2202	
-8832	5744	3108	756	1440	-2197	
-8813	5828	3005	729	1460	-2193	
-8791	5912	2900	703	1482	-2187	
-8769	5994	2796	679	1504	-2180	
-8746	6076	2692	651	1523	-2176	
-8722	6156	2587	626	1542	-2169	
-8697	6235	2480	601	1563	-2162	
-8669	6313	2374	574	1581	-2156	
-8641	6391	2268	548	1601	-2148	
-8610	6469	2161	522	1621	-2140	
-8580	6544	2054	496	1639	-2132	
-8548	6619	1946	469	1658	-2124	
-8513	6694	1838	442	1675	-2115	
-8478	6765	1729	415	1694	-2105	
-8441	6837	1621	389	1711	-2097	
-8404	6909	1512	363	1729	-2088	
-8366	6978	1404	337	1747	-2077	
-8326	7047	1296	309	1763	-2068	
-8285	7114	1186	282	1780	-2056	
-8242	7182	1077	256	1796	-2045	
-8198	7247	967	229	1812	-2035	
-8153	7310	857	204	1829	-2023	
-8107	7374	748	177	1844	-2012	
-8060	7435	638	151	1859	-2000	
-8011	7497	529	126	1875	-1987	
-7962	7557	417	100	1889	-1975	
-7909	7616	308	74	1904	-1961	
-7857	7674	198	49	1919	-1947	
-7803	7730	89	22	1932	-1936	
-7749	7786	-21	-7	1946	-1922	
-7694	7839	-132	-38	1961	-1907	
-7637	7892	-242	-74	1973	-1894	
-7578	7944	-353	-108	1985	-1879	
-7519	7995	-462	-138	1998	-1863	
-7459	8045	-572	-163	2009	-1848	
-7397	8093	-682	-185	2021	-1832	
-7335	8139	-792	-209	2033	-1816	
-7272	8184	-902	-236	2044	-1800	
-7207	8230	-1011	-266	2055	-1785	
-7140	8273	-1120	-293	2065	-1768	
-7073	8315	-1229	-319	2077	-1750	
-7005	8356	-1339	-347	2086	-1735	
-6937	8395	-1448	-373	2096	-1716	
-6868	8433	-1556	-398	2106	-1697	
-6796	8470	-1664	-428	2114	-1681	
-6723	8507	-1772	-456	2123	-1663	
-6650	8541	-1880	-482	2131	-1645	
-6577	8573	-1987	-508	2140	-1626	
-6501	8606	-2094	-534	2146	-1607	
-6425	8637	-2201	-562	2154	-1588	
-6348	8665	-2308	-587	2162	-1568	
-6269	8693	-2414	-613	2168	-1549	
-6191	8720	-2522	-641	2174	-1530	
-6111	8746	-2627	-666	2181	-1510	
-6030	8770	-2731	-692	2187	-1488	
-5946	8792	-2836	-718	2193	-1468	
-5866	8814	-2941	-743	2197	-1448	
-5783	8834	-3045	-770	2202	-1427	
-5697	8852	-3147	-795	2206	-1405	
-5613	8870	-3251	-821	2210	-1384	
-5527	8886	-3354	-846	2215	-1363	
-5440	8901	-3454	-870	2217	-1340	
-5352	8914	-3557	-897	2221	-1318	
-5264	8926	-3658	-921	2224	-1296	
-5175	8937	-3758	-944	2226	-1273	
-5084	8947	-3858	-971	2227	-1251	
-4993	8954	-3957	-995	2230	-1229	
-4901	8961	-4055	-1020	2234	-1206	
-4811	8966	-4153	-1044	2233	-1183	
-4718	8971	-4250	-1069	2233	-1159	
-4623	8973	-4346	-1091	2234	-1135	
-4528	8974	-4442	-1114	2234	-1112	
-4433	8976	-4538	-1139	2234	-1088	
-4337	8973	-4633	-1161	2234	-1064	
-4240	8969	-4727	-1186	2232	-1039	
-4143	8966	-4820	-1209	2231	-1015	
-4045	8960	-4913	-1231	2232	-991	
-3946	8954	-5005	-1253	2229	-966	
-3848	8946	-5096	-1276	2225	-942	
-3749	8935	-5186	-1298	2225	-917	
-3648	8925	-5275	-1320	2222	-892	
-3547	8912	-5365	-1343	2216	-867	
-3447	8898	-5452	-1364	2214	-841	
-3344	8885	-5538	-1386	2210	-815	
-3243	8868	-5626	-1407	2205	-790	
-3139	8851	-5711	-1427	2202	-765	
-3036	8832	-5796	-1448	2196	-739	
-2933	8811	-5880	-1470	2190	-712	
-2829	8789	-5963	-1489	2185	-687	
-2724	8767	-6045	-1510	2179	-661	
-2618	8744	-6124	-1529	2173	-634	
-2515	8718	-6205	-1548	2167	-608	
-2408	8690	-6284	-1570	2160	-582	
-2301	8662	-6362	-1588	2152	-556	
-2197	8633	-6440	-1607	2144	-529	
-2090	8602	-6515	-1625	2137	-503	
-1983	8570	-6591	-1644	2128	-476	
-1876	8537	-6666	-1663	2119	-449	
-1768	8502	-6738	-1680	2111	-422	
-1661	8466	-6810	-1698	2102	-396	
-1555	8430	-6882	-1716	2093	-369	
-1446	8391	-6953	-1733	2082	-341	
-1338	8351	-7021	-1750	2073	-316	
-1227	8310	-7089	-1767	2063	-289	
-1117	8268	-7156	-1782	2052	-261	
-1010	8225	-7222	-1799	2042	-236	
-901	8180	-7288	-1815	2030	-208	
-790	8134	-7351	-1829	2018	-180	
-680	8087	-7414	-1846	2006	-155	
-570	8039	-7475	-1861	1994	-130	
-461	7990	-7536	-1876	1981	-103	
-351	7939	-7595	-1892	1968	-78	
-241	7887	-7654	-1906	1955	-53	
-131	7833	-7709	-1919	1941	-28	
-21	7779	-7766	-1934	1929	-4	
88	7724	-7822	-1947	1915	21	
197	7668	-7875	-1959	1899	48	
307	7610	-7927	-1971	1886	79	
416	7551	-7977	-1984	1870	116	
525	7490	-8028	-1995	1856	156	
636	7429	-8076	-2007	1839	191	
746	7368	-8123	-2021	1822	217	
855	7304	-8170	-2032	1807	237	
964	7240	-8215	-2044	1789	257	
1073	7173	-8259	-2056	1772	281	
1182	7106	-8302	-2066	1756	309	
1291	7040	-8343	-2074	1741	340	
1401	6970	-8382	-2083	1724	371	
1509	6901	-8420	-2093	1705	397	
1618	6831	-8458	-2103	1686	422	
1726	6759	-8495	-2111	1670	449	
1832	6685	-8530	-2119	1652	475	
1940	6611	-8563	-2128	1633	504	
2047	6536	-8595	-2135	1613	530	
2153	6461	-8627	-2143	1593	556	
2260	6384	-8657	-2151	1576	583	
2365	6305	-8685	-2157	1556	609	
2471	6228	-8712	-2164	1534	635	
2577	6147	-8738	-2170	1516	663	
2683	6066	-8762	-2174	1495	688	
2786	5986	-8785	-2180	1475	714	
2890	5904	-8807	-2186	1455	740	
2993	5819	-8827	-2192	1432	765	
3098	5735	-8847	-2195	1412	792	
3199	5650	-8865	-2199	1391	817	
3301	5565	-8881	-2205	1369	843	
3404	5478	-8896	-2207	1347	869	
3504	5390	-8910	-2210	1325	895	
3605	5302	-8924	-2214	1303	920	
3705	5213	-8935	-2217	1281	943	
3806	5122	-8944	-2218	1258	969	
3905	5032	-8953	-2220	1236	993	
4003	4940	-8960	-2222	1213	1018	
4100	4849	-8965	-2223	1189	1043	
4196	4755	-8970	-2224	1166	1066	
4294	4661	-8972	-2226	1142	1090	
4391	4567	-8974	-2224	1120	1115	
4486	4472	-8975	-2224	1095	1139	
4581	4377	-8974	-2225	1070	1161	
4674	4280	-8972	-2222	1047	1185	
4767	4183	-8969	-2222	1022	1210	
4860	4085	-8963	-2221	997	1231	
4952	3986	-8956	-2220	974	1255	
5042	3888	-8949	-2217	949	1278	
5133	3788	-8940	-2214	923	1299	
5222	3687	-8929	-2212	900	1322	
5310	3588	-8917	-2209	874	1343	
5398	3487	-8904	-2205	848	1366	
5486	3385	-8890	-2201	824	1387	
5573	3282	-8874	-2198	799	1408	
5658	3180	-8857	-2193	773	1429	
5742	3078	-8839	-2187	746	1451	
5826	2974	-8819	-2182	720	1472	
5908	2869	-8798	-2177	694	1492	
5990	2764	-8775	-2171	667	1513	
6071	2660	-8751	-2165	642	1533	
6152	2554	-8726	-2160	616	1553	
6231	2449	-8700	-2153	588	1573	
6308	2342	-8673	-2145	563	1592	
6386	2236	-8643	-2138	538	1611	
6464	2129	-8612	-2129	510	1630	
6540	2022	-8581	-2121	484	1649	
6613	1916	-8548	-2113	457	1666	
6686	1808	-8514	-2104	431	1686	
6758	1699	-8478	-2096	404	1704	
6829	1591	-8442	-2086	376	1721	
6900	1483	-8404	-2077	349	1738	
6969	1374	-8364	-2067	324	1756	
7036	1265	-8324	-2057	296	1772	
7103	1157	-8281	-2047	268	1789	
7170	1048	-8239	-2037	243	1805	
7235	938	-8195	-2025	215	1821	
7299	828	-8149	-2013	189	1837	
7362	719	-8103	-2002	164	1853	
7424	609	-8054	-1989	137	1868	
7485	499	-8005	-1977	112	1883	
7543	389	-7954	-1963	87	1899	
7602	280	-7903	-1951	60	1913	
7660	171	-7851	-1939	33	1925	
7716	60	-7796	-1924	8	1940	
7770	-51	-7741	-1911	-21	1953	
7824	-161	-7685	-1898	-55	1966	
7876	-271	-7627	-1881	-92	1980	
7927	-379	-7569	-1868	-127	1991	
7977	-489	-7509	-1853	-157	2004	
8027	-601	-7448	-1837	-179	2017	
8075	-711	-7386	-1823	-200	2028	
8120	-819	-7322	-1806	-224	2039	
8167	-929	-7258	-1789	-252	2050	
8211	-1038	-7194	-1773	-283	2062	
8253	-1146	-7128	-1756	-312	2071	
8295	-1256	-7060	-1740	-338	2082	
8335	-1365	-6992	-1724	-365	2093	
8375	-1473	-6921	-1706	-393	2102	
8411	-1582	-6849	-1688	-420	2112	
8447	-1689	-6778	-1669	-446	2120	
8482	-1798	-6707	-1652	-474	2130	
8517	-1905	-6633	-1634	-500	2138	
8551	-2012	-6558	-1615	-528	2145	
8580	-2120	-6483	-1597	-554	2153	
8612	-2225	-6406	-1575	-580	2159	
8640	-2332	-6328	-1556	-607	2166	
8667	-2438	-6249	-1539	-633	2173	
8694	-2544	-6169	-1518	-660	2180	
8719	-2649	-6090	-1498	-687	2187	
8743	-2754	-6008	-1477	-712	2191	
8764	-2859	-5926	-1456	-738	2198	
8785	-2962	-5843	-1437	-764	2203	
8804	-3065	-5759	-1415	-790	2207	
8822	-3169	-5674	-1394	-815	2212	
8839	-3272	-5588	-1373	-842	2215	
8855	-3374	-5501	-1352	-869	2219	
8869	-3476	-5414	-1330	-892	2222	
8881	-3577	-5325	-1306	-915	2225	
8895	-3677	-5237	-1286	-942	2227	
8904	-3777	-5147	-1264	-969	2230	
8914	-3877	-5057	-1238	-992	2233	
8922	-3975	-4965	-1219	-1016	2234	
8927	-4073	-4872	-1196	-1041	2235	
8933	-4171	-4779	-1171	-1066	2237	
8935	-4268	-4686	-1149	-1090	2237	
8937	-4364	-4592	-1125	-1113	2237	
8939	-4460	-4497	-1102	-1137	2238	
8938	-4555	-4402	-1078	-1162	2237	
8935	-4649	-4305	-1053	-1184	2236	
8930	-4743	-4207	-1029	-1207	2235	
8928	-4835	-4110	-1005	-1230	2234	
8922	-4927	-4011	-981	-1253	2232	
8915	-5020	-3913	-956	-1276	2230	
8907	-5110	-3814	-932	-1299	2228	
8896	-5199	-3713	-907	-1321	2226	
8884	-5290	-3613	-881	-1343	2223	
8872	-5378	-3511	-857	-1365	2219	
8858	-5465	-3409	-832	-1388	2215	
8842	-5552	-3308	-806	-1408	2212	
8825	-5638	-3205	-781	-1430	2207	
8808	-5723	-3102	-755	-1451	2201	
8791	-5807	-2998	-728	-1472	2199	
8768	-5889	-2893	-703	-1493	2193	
8745	-5971	-2790	-678	-1513	2187	
8723	-6054	-2684	-651	-1531	2183	
8698	-6134	-2580	-625	-1552	2175	
8674	-6213	-2474	-600	-1574	2167	
8646	-6293	-2366	-574	-1593	2161	
8618	-6371	-2260	-546	-1612	2154	
8587	-6447	-2153	-521	-1632	2146	
8555	-6523	-2046	-493	-1650	2138	
8524	-6598	-1937	-467	-1669	2130	
8489	-6672	-1830	-441	-1686	2120	
8455	-6745	-1723	-414	-1705	2111	
8419	-6816	-1614	-387	-1723	2103	
8381	-6887	-1507	-361	-1740	2094	
8342	-6956	-1398	-335	-1756	2084	
8302	-7025	-1288	-306	-1772	2074	
8262	-7093	-1179	-280	-1791	2062	
8219	-7160	-1070	-255	-1807	2051	
8176	-7226	-961	-227	-1824	2041	
8130	-7290	-851	-201	-1840	2029	
8084	-7353	-742	-175	-1855	2017	
8037	-7416	-632	-147	-1870	2006	
7987	-7476	-521	-121	-1886	1994	
7938	-7536	-411	-95	-1901	1981	
7887	-7595	-302	-69	-1915	1968	
7835	-7653	-192	-45	-1930	1953	
7781	-7708	-80	-17	-1943	1941	
7726	-7764	29	8	-1956	1927	
7670	-7818	138	34	-1970	1913	
7613	-7871	249	62	-1984	1899	
7556	-7923	359	91	-1996	1883	
7496	-7973	470	125	-2009	1869	
7436	-8023	579	157	-2020	1855	
7375	-8072	689	189	-2032	1839	
7311	-8118	798	216	-2044	1823	
7249	-8164	908	241	-2055	1808	
7184	-8209	1018	266	-2066	1791	
7117	-8251	1127	289	-2077	1773	
7050	-8293	1236	318	-2088	1757	
6981	-8335	1346	348	-2097	1739	
6913	-8374	1454	374	-2106	1721	
6842	-8413	1562	400	-2116	1704	
6772	-8450	1671	428	-2124	1687	
6701	-8485	1779	455	-2134	1668	
6628	-8520	1887	481	-2142	1649	
6554	-8553	1995	507	-2150	1633	
6480	-8585	2102	534	-2159	1613	
6403	-8615	2210	561	-2166	1594	
6325	-8644	2317	587	-2173	1574	
6248	-8672	2423	613	-2179	1554	
6167	-8699	2530	640	-2185	1536	
6087	-8725	2635	666	-2191	1515	
6007	-8748	2739	692	-2197	1495	
5924	-8771	2844	718	-2203	1474	
5841	-8793	2949	743	-2209	1453	
5759	-8813	3052	770	-2213	1435	
5676	-8831	3155	795	-2218	1412	
5591	-8849	3258	821	-2221	1389	
5504	-8866	3360	846	-2225	1368	
5416	-8880	3462	871	-2229	1347	
5329	-8893	3563	896	-2232	1325	
5241	-8905	3663	921	-2235	1301	
5151	-8916	3764	946	-2239	1279	
5061	-8926	3865	971	-2239	1258	
4969	-8934	3963	996	-2241	1234	
4878	-8940	4063	1019	-2242	1211	
4787	-8945	4160	1044	-2243	1188	
4693	-8949	4258	1069	-2245	1165	
4600	-8953	4354	1091	-2246	1141	
4504	-8953	4450	1113	-2247	1117	
4409	-8954	4546	1138	-2245	1094	
4314	-8953	4640	1161	-2244	1069	
4217	-8950	4734	1185	-2245	1045	
4121	-8946	4827	1208	-2244	1021	
4023	-8940	4919	1231	-2241	996	
3924	-8933	5012	1254	-2238	973	
3824	-8925	5102	1277	-2235	947	
3725	-8916	5193	1299	-2233	921	
3626	-8904	5283	1321	-2230	897	
3524	-8893	5371	1344	-2226	873	
3424	-8879	5459	1364	-2225	847	
3322	-8863	5546	1384	-2221	821	
3219	-8847	5632	1406	-2216	796	
3117	-8830	5718	1426	-2212	770	
3014	-8811	5802	1448	-2208	745	
2912	-8790	5887	1469	-2202	720	
2807	-8768	5968	1489	-2195	693	
2702	-8745	6050	1510	-2189	668	
2597	-8722	6132	1529	-2184	641	
2491	-8697	6213	1550	-2178	614	
2385	-8670	6292	1570	-2170	588	
2281	-8642	6369	1588	-2162	562	
2176	-8613	6446	1608	-2155	536	
2067	-8582	6523	1625	-2148	509	
1960	-8550	6599	1644	-2140	482	
1853	-8516	6673	1663	-2131	456	
1745	-8481	6745	1680	-2122	429	
1638	-8446	6818	1699	-2113	403	
1530	-8409	6889	1716	-2105	376	
1421	-8370	6959	1733	-2094	349	
1313	-8330	7028	1752	-2083	322	
1203	-8290	7096	1767	-2074	295	
1092	-8248	7163	1781	-2063	267	
985	-8204	7229	1800	-2051	242	
875	-8160	7295	1814	-2039	214	
765	-8114	7358	1830	-2030	188	
656	-8066	7421	1848	-2017	164	
546	-8018	7482	1862	-2004	137	
439	-7968	7543	1877	-1993	111	
329	-7917	7602	1892	-1978	87	
219	-7865	7660	1905	-1966	62	
109	-7813	7717	1919	-1952	37	
0	-7759	7772	1933	-1938	12	
-111	-7704	7828	1946	-1925	-15	
-221	-7647	7881	1960	-1910	-49	
-330	-7588	7934	1972	-1895	-90	
-440	-7530	7985	1984	-1880	-133	
-551	-7470	8033	1996	-1866	-164	
-660	-7409	8082	2008	-1851	-184	
-769	-7347	8130	2020	-1835	-200	
-879	-7283	8177	2032	-1818	-222	
-988	-7219	8221	2043	-1801	-253	
-1097	-7152	8265	2053	-1785	-283	
-1206	-7086	8308	2063	-1769	-311	
-1316	-7018	8349	2074	-1751	-338	
-1424	-6950	8388	2083	-1734	-365	
-1532	-6880	8427	2092	-1717	-390	
-1642	-6808	8465	2103	-1698	-417	
-1747	-6737	8501	2111	-1680	-445	
-1855	-6665	8536	2119	-1661	-472	
-1962	-6590	8570	2128	-1643	-498	
