-2384	-6286	8690	2155	-1566	-605	
-2490	-6207	8717	2162	-1547	-631	
-2596	-6127	8744	2169	-1527	-656	
-2702	-6046	8767	2174	-1507	-683	
-2807	-5965	8791	2181	-1486	-710	
-2910	-5883	8814	2187	-1463	-734	
-3013	-5800	8834	2191	-1445	-762	
-3117	-5715	8853	2195	-1424	-788	
-3221	-5629	8870	2200	-1403	-813	
-3324	-5544	8887	2203	-1380	-839	
-3424	-5457	8903	2207	-1358	-863	
-3525	-5370	8917	2211	-1337	-889	
-3625	-5282	8928	2213	-1314	-914	
-3726	-5193	8940	2216	-1291	-939	
-3825	-5104	8950	2218	-1269	-964	
-3924	-5012	8958	2219	-1246	-989	
-4025	-4921	8966	2222	-1224	-1013	
-4121	-4829	8971	2224	-1200	-1037	
-4219	-4736	8976	2224	-1175	-1061	
-4315	-4643	8979	2225	-1153	-1085	
-4410	-4548	8980	2225	-1130	-1109	
-4506	-4453	8981	2225	-1106	-1134	
-4600	-4357	8980	2224	-1082	-1157	
-4695	-4260	8977	2223	-1058	-1181	
-4789	-4164	8973	2222	-1033	-1203	
-4881	-4066	8968	2221	-1009	-1225	
-4973	-3967	8962	2219	-984	-1249	
-5064	-3868	8955	2218	-958	-1271	
-5155	-3768	8946	2215	-935	-1294	
-5243	-3669	8935	2213	-909	-1314	
-5331	-3568	8924	2210	-883	-1338	
-5421	-3467	8910	2206	-859	-1361	
-5507	-3365	8896	2203	-832	-1380	
-5593	-3262	8880	2197	-808	-1404	
-5679	-3161	8862	2192	-783	-1424	
-5763	-3057	8844	2188	-756	-1445	
-5847	-2954	8825	2182	-730	-1467	
-5931	-2849	8804	2177	-704	-1486	
-6013	-2744	8781	2172	-678	-1506	
-6093	-2640	8757	2165	-652	-1527	
-6173	-2534	8732	2160	-626	-1547	
-6252	-2429	8705	2152	-600	-1567	
-6331	-2323	8678	2145	-573	-1587	
-6409	-2215	8649	2139	-546	-1606	
-6483	-2109	8618	2130	-518	-1625	
-6559	-2002	8587	2123	-492	-1643	
-6635	-1895	8555	2114	-467	-1662	
-6707	-1789	8520	2105	-440	-1680	
-6779	-1679	8484	2097	-413	-1697	
-6851	-1571	8448	2087	-385	-1716	
-6922	-1463	8410	2077	-358	-1732	
-6992	-1355	8370	2068	-331	-1749	
-7059	-1246	8330	2057	-306	-1766	
-7127	-1137	8287	2047	-278	-1783	
-7192	-1028	8245	2036	-252	-1800	
-7258	-918	8201	2024	-226	-1817	
-7322	-808	8155	2015	-198	-1832	
-7384	-699	8108	2002	-171	-1848	
-7447	-589	8061	1989	-145	-1864	
-7506	-479	8012	1977	-119	-1878	
-7565	-370	7960	1964	-93	-1892	
-7625	-260	7910	1951	-67	-1907	
-7681	-150	7856	1939	-40	-1921	
-7737	-40	7802	1925	-16	-1935	
-7793	71	7747	1911	10	-1948	
-7847	181	7691	1897	37	-1961	
-7899	290	7634	1882	64	-1975	
-7949	400	7575	1868	96	-1986	
-7999	510	7516	1853	132	-1999	
-8050	620	7455	1839	168	-2011	
-8097	729	7392	1822	198	-2022	
-8144	840	7329	1806	223	-2033	
-8189	949	7265	1791	246	-2044	
-8234	1058	7200	1774	269	-2057	
-8276	1167	7134	1758	297	-2067	
-8317	1275	7066	1741	324	-2077	
-8358	1385	6998	1723	352	-2088	
-8396	1494	6928	1706	381	-2096	
-8434	1602	6857	1688	408	-2106	
-8471	1711	6785	1670	434	-2115	
-8506	1818	6713	1654	461	-2123	
-8539	1926	6639	1635	490	-2131	
-8573	2033	6565	1617	516	-2140	
-8605	2140	6489	1597	543	-2147	
-8633	2247	6413	1578	570	-2154	
-8663	2353	6335	1560	596	-2161	
-8690	2459	6256	1538	622	-2169	
-8717	2565	6176	1519	648	-2174	
-8742	2669	6095	1499	673	-2180	
-8764	2775	6015	1478	700	-2186	
-8787	2880	5932	1457	726	-2192	
-8807	2983	5848	1437	752	-2198	
-8828	3087	5765	1416	779	-2201	
-8847	3190	5681	1394	803	-2205	
-8863	3293	5594	1374	830	-2209	
-8878	3394	5507	1352	856	-2213	
-8891	3496	5420	1331	882	-2217	
-8905	3597	5331	1308	905	-2220	
-8918	3697	5243	1285	929	-2223	
-8929	3798	5154	1264	956	-2224	
-8937	3897	5062	1241	981	-2227	
-8943	3996	4971	1218	1005	-2229	
-8949	4094	4880	1196	1030	-2230	
-8955	4191	4787	1172	1054	-2231	
-8958	4289	4693	1149	1078	-2232	
-8960	4386	4598	1127	1102	-2232	
-8963	4481	4503	1101	1126	-2233	
-8961	4576	4408	1080	1150	-2232	
-8959	4669	4311	1055	1173	-2231	
-8958	4763	4214	1030	1196	-2230	
-8953	4856	4118	1008	1218	-2228	
-8946	4949	4019	982	1241	-2227	
-8938	5041	3919	957	1265	-2225	
-8929	5132	3820	933	1288	-2223	
-8919	5220	3720	908	1310	-2220	
-8908	5310	3620	883	1331	-2217	
-8895	5398	3518	858	1353	-2214	
-8881	5485	3416	832	1376	-2209	
-8867	5574	3314	806	1397	-2205	
-8850	5658	3212	782	1419	-2202	
-8831	5743	3109	757	1441	-2197	
-8814	5828	3005	731	1461	-2193	
-8792	5910	2901	704	1481	-2187	
-8770	5993	2796	679	1503	-2180	
-8746	6074	2692	653	1522	-2176	
-8721	6155	2587	626	1541	-2169	
-8695	6234	2481	601	1562	-2162	
-8669	6313	2376	576	1582	-2155	
-8640	6391	2269	549	1601	-2148	
-8610	6468	2161	523	1620	-2140	
-8579	6544	2054	496	1639	-2131	
-8546	6618	1946	470	1658	-2122	
-8513	6692	1839	444	1676	-2115	
-8478	6766	1731	416	1694	-2106	
-8441	6838	1623	391	1713	-2096	
-8404	6908	1514	364	1729	-2087	
-8366	6978	1405	336	1746	-2078	
-8325	7047	1297	309	1763	-2067	
-8284	7114	1186	283	1780	-2057	
-8242	7180	1078	257	1796	-2046	
-8198	7246	969	230	1812	-2033	
-8154	7310	859	204	1828	-2023	
-8108	7373	749	177	1844	-2012	
-8059	7436	640	152	1860	-1999	
-8012	7497	529	126	1875	-1987	
-7961	7558	419	100	1890	-1975	
-7910	7617	309	75	1904	-1962	
-7857	7673	200	49	1920	-1947	
-7803	7729	89	21	1933	-1936	
-7749	7785	-21	-7	1944	-1922	
-7694	7840	-130	-38	1959	-1907	
-7637	7892	-241	-72	1972	-1894	
-7580	7944	-352	-108	1984	-1880	
-7522	7994	-461	-136	1998	-1865	
-7461	8044	-571	-161	2010	-1849	
-7399	8091	-681	-185	2022	-1833	
-7335	8138	-791	-209	2034	-1817	
-7270	8185	-900	-238	2044	-1803	
-7206	8229	-1009	-265	2055	-1786	
-7142	8273	-1118	-293	2067	-1769	
-7076	8314	-1228	-322	2075	-1753	
-7007	8355	-1337	-346	2085	-1735	
-6937	8395	-1445	-374	2096	-1717	
-6867	8433	-1554	-402	2104	-1699	
-6796	8470	-1663	-428	2113	-1682	
-6725	8506	-1771	-455	2122	-1663	
-6652	8541	-1878	-481	2131	-1645	
-6578	8574	-1986	-508	2139	-1627	
-6503	8606	-2093	-534	2148	-1607	
-6426	8636	-2199	-560	2154	-1588	
-6349	8664	-2307	-588	2162	-1569	
-6271	8693	-2414	-613	2169	-1549	
-6192	8721	-2520	-640	2174	-1531	
-6111	8746	-2626	-667	2180	-1511	
-6031	8770	-2731	-692	2186	-1489	
-5950	8792	-2835	-717	2192	-1469	
-5866	8814	-2939	-743	2197	-1448	
-5784	8835	-3043	-770	2202	-1427	
-5700	8852	-3147	-794	2207	-1406	
-5614	8870	-3249	-820	2211	-1384	
-5528	8886	-3352	-845	2215	-1362	
-5442	8901	-3453	-870	2218	-1341	
-5355	8914	-3555	-895	2221	-1319	
-5266	8926	-3656	-920	2225	-1296	
-5175	8937	-3756	-946	2227	-1274	
-5085	8946	-3856	-970	2229	-1252	
-4994	8955	-3956	-994	2231	-1228	
-4903	8961	-4054	-1019	2232	-1205	
-4812	8966	-4152	-1043	2233	-1183	
-4719	8971	-4250	-1067	2234	-1159	
-4626	8973	-4346	-1091	2234	-1136	
-4530	8974	-4442	-1115	2234	-1112	
-4434	8974	-4537	-1139	2234	-1087	
-4338	8972	-4632	-1162	2233	-1064	
-4241	8970	-4727	-1185	2232	-1041	
-4145	8966	-4819	-1208	2232	-1015	
-4047	8960	-4912	-1231	2231	-991	
-3948	8953	-5004	-1254	2229	-968	
-3849	8944	-5095	-1274	2227	-942	
-3749	8936	-5185	-1298	2223	-916	
-3649	8925	-5274	-1321	2220	-893	
-3549	8912	-5363	-1343	2218	-867	
-3448	8899	-5451	-1364	2212	-841	
-3345	8885	-5539	-1385	2209	-816	
-3243	8869	-5625	-1406	2205	-790	
-3140	8851	-5711	-1427	2200	-765	
-3038	8833	-5796	-1449	2196	-740	
-2934	8812	-5879	-1469	2191	-713	
-2829	8790	-5962	-1490	2184	-688	
-2724	8767	-6044	-1511	2179	-662	
-2620	8743	-6124	-1530	2172	-635	
-2515	8717	-6205	-1550	2166	-609	
-2409	8690	-6284	-1571	2157	-584	
-2303	8662	-6362	-1590	2149	-558	
-2197	8633	-6440	-1608	2143	-530	
-2090	8602	-6515	-1626	2136	-504	
-1983	8570	-6590	-1644	2128	-477	
-1876	8538	-6666	-1663	2120	-450	
-1769	8502	-6738	-1681	2111	-424	
-1662	8466	-6811	-1700	2102	-396	
-1554	8430	-6882	-1716	2093	-370	
-1447	8392	-6952	-1734	2082	-344	
-1339	8352	-7022	-1751	2073	-317	
-1229	8311	-7089	-1766	2063	-288	
-1119	8269	-7156	-1784	2050	-263	
-1011	8225	-7222	-1800	2040	-236	
-901	8181	-7286	-1815	2030	-208	
-790	8134	-7351	-1832	2017	-182	
-682	8087	-7413	-1847	2005	-156	
-572	8039	-7475	-1862	1993	-130	
-461	7990	-7536	-1876	1980	-103	
-352	7939	-7594	-1891	1969	-78	
-242	7886	-7653	-1906	1955	-54	
-132	7835	-7710	-1920	1941	-27	
-24	7780	-7766	-1932	1929	-3	
86	7724	-7820	-1946	1914	21	
196	7668	-7874	-1958	1900	47	
305	7610	-7926	-1971	1885	77	
415	7552	-7978	-1984	1870	116	
526	7492	-8028	-1996	1853	156	
636	7430	-8075	-2008	1839	191	
745	7368	-8123	-2019	1823	217	
852	7305	-8170	-2032	1806	237	
962	7241	-8214	-2043	1792	258	
1072	7175	-8258	-2052	1775	283	
1180	7107	-8301	-2063	1757	312	
1291	7040	-8342	-2073	1741	341	
1401	6972	-8381	-2083	1724	370	
1508	6902	-8420	-2093	1707	395	
1616	6830	-8459	-2101	1689	422	
1724	6758	-8495	-2110	1670	450	
1830	6685	-8529	-2119	1652	476	
1939	6611	-8563	-2127	1633	503	
2046	6536	-8595	-2134	1614	530	
2152	6460	-8627	-2142	1595	557	
2258	6385	-8656	-2149	1576	583	
2364	6307	-8684	-2156	1556	609	
2469	6228	-8711	-2164	1536	635	
2574	6148	-8738	-2169	1517	662	
2680	6068	-8762	-2175	1495	688	
2785	5986	-8785	-2181	1475	714	
2889	5903	-8808	-2185	1456	741	
2994	5820	-8827	-2191	1435	766	
3095	5736	-8846	-2196	1413	792	
3198	5651	-8865	-2200	1391	817	
3301	5565	-8881	-2203	1370	843	
3402	5478	-8897	-2207	1348	869	
3504	5391	-8911	-2211	1325	894	
3604	5303	-8923	-2213	1304	919	
3703	5213	-8934	-2215	1281	944	
3803	5123	-8944	-2218	1259	968	
3903	5032	-8953	-2221	1237	993	
4001	4941	-8960	-2222	1212	1017	
4098	4849	-8966	-2222	1189	1042	
4197	4755	-8970	-2223	1167	1067	
4294	4662	-8973	-2226	1144	1089	
4389	4569	-8975	-2225	1119	1114	
4485	4473	-8975	-2224	1095	1139	
4580	4376	-8975	-2224	1071	1162	
4673	4281	-8972	-2224	1047	1185	
4766	4184	-8968	-2222	1023	1209	
4858	4086	-8964	-2221	998	1232	
4950	3989	-8957	-2219	974	1254	
5041	3890	-8949	-2216	949	1278	
5131	3790	-8941	-2214	924	1299	
5222	3690	-8929	-2211	898	1321	
5310	3589	-8918	-2209	875	1343	
5397	3488	-8904	-2204	850	1365	
5485	3386	-8890	-2201	822	1388	
5572	3284	-8875	-2197	798	1409	
5657	3181	-8858	-2191	773	1430	
5742	3078	-8840	-2188	746	1451	
5825	2975	-8819	-2182	721	1472	
5908	2871	-8798	-2177	696	1492	
5990	2766	-8775	-2172	669	1513	
6071	2661	-8751	-2166	643	1534	
6152	2556	-8727	-2160	616	1552	
6230	2450	-8701	-2153	590	1572	
6310	2344	-8672	-2144	564	1592	
6386	2238	-8644	-2138	537	1610	
6462	2131	-8613	-2130	510	1629	
6538	2024	-8581	-2121	484	1650	
6613	1916	-8549	-2114	457	1667	
6685	1809	-8513	-2105	429	1685	
6757	1702	-8479	-2096	403	1704	
6830	1593	-8443	-2087	376	1721	
6900	1484	-8404	-2078	349	1738	
6969	1376	-8365	-2068	322	1756	
7038	1266	-8324	-2058	296	1772	
7104	1157	-8282	-2047	269	1788	
7170	1049	-8239	-2036	243	1805	
7235	939	-8195	-2025	216	1821	
7299	829	-8150	-2013	189	1837	
7363	720	-8102	-2000	164	1853	
7424	610	-8055	-1989	138	1868	
7484	499	-8006	-1978	110	1883	
7544	390	-7955	-1965	85	1898	
7604	280	-7903	-1951	60	1912	
7660	170	-7850	-1939	34	1926	
7715	61	-7797	-1925	8	1941	
7770	-50	-7742	-1910	-22	1953	
7823	-160	-7685	-1897	-55	1966	
7877	-270	-7628	-1881	-91	1979	
7928	-380	-7569	-1868	-128	1991	
7976	-490	-7510	-1853	-157	2004	
8027	-599	-7449	-1836	-178	2016	
8073	-709	-7386	-1824	-201	2028	
8119	-819	-7322	-1807	-226	2039	
8167	-927	-7258	-1790	-254	2051	
8210	-1037	-7194	-1774	-284	2062	
8253	-1146	-7127	-1757	-311	2072	
8295	-1254	-7061	-1741	-338	2082	
8335	-1364	-6992	-1724	-364	2091	
8374	-1472	-6921	-1706	-391	2103	
8412	-1581	-6852	-1688	-419	2112	
8448	-1689	-6780	-1671	-447	2120	
8483	-1796	-6707	-1652	-474	2128	
8518	-1903	-6633	-1633	-499	2138	
8550	-2010	-6558	-1614	-525	2145	
8580	-2117	-6482	-1596	-554	2151	
8610	-2224	-6405	-1576	-580	2161	
8641	-2331	-6329	-1557	-606	2168	
8668	-2436	-6250	-1538	-633	2174	
8694	-2543	-6171	-1517	-659	2180	
8719	-2648	-6090	-1497	-686	2186	
8741	-2752	-6008	-1477	-712	2191	
8763	-2858	-5926	-1457	-738	2197	
8785	-2961	-5843	-1436	-764	2202	
8804	-3064	-5759	-1415	-789	2207	
8823	-3168	-5675	-1394	-814	2213	
8840	-3271	-5589	-1372	-841	2216	
8856	-3372	-5502	-1351	-865	2220	
8870	-3474	-5414	-1328	-890	2224	
8882	-3575	-5326	-1307	-915	2226	
8894	-3675	-5238	-1286	-942	2228	
8904	-3776	-5148	-1264	-966	2230	
8913	-3875	-5056	-1240	-991	2233	
8921	-3974	-4965	-1218	-1016	2233	
8926	-4072	-4873	-1194	-1040	2236	
8930	-4170	-4780	-1172	-1065	2237	
8934	-4268	-4687	-1149	-1089	2237	
8937	-4363	-4593	-1125	-1112	2239	
8937	-4459	-4497	-1102	-1137	2238	
8936	-4553	-4402	-1078	-1159	2238	
8936	-4648	-4307	-1053	-1184	2237	
8933	-4742	-4208	-1029	-1207	2237	
8928	-4835	-4110	-1006	-1230	2235	
8922	-4927	-4012	-981	-1254	2233	
8916	-5018	-3914	-957	-1276	2231	
8906	-5109	-3814	-932	-1298	2229	
8896	-5199	-3713	-907	-1320	2226	
8884	-5288	-3613	-882	-1343	2223	
8871	-5377	-3511	-857	-1365	2220	
8858	-5464	-3410	-831	-1386	2216	
8843	-5551	-3308	-806	-1409	2211	
8827	-5637	-3206	-781	-1430	2207	
8809	-5721	-3102	-755	-1450	2203	
8789	-5805	-2998	-729	-1471	2197	
8768	-5889	-2895	-704	-1493	2192	
8746	-5971	-2790	-677	-1513	2187	
8722	-6052	-2685	-651	-1532	2182	
8699	-6133	-2580	-626	-1553	2174	
8672	-6213	-2474	-599	-1573	2168	
8645	-6291	-2367	-574	-1592	2162	
8616	-6370	-2260	-548	-1612	2153	
8586	-6447	-2154	-521	-1631	2146	
8555	-6522	-2046	-495	-1650	2138	
8523	-6597	-1939	-468	-1669	2130	
8490	-6671	-1832	-441	-1686	2120	
8454	-6744	-1724	-414	-1703	2112	
8419	-6816	-1616	-388	-1723	2102	
8382	-6886	-1508	-362	-1740	2092	
8342	-6957	-1399	-335	-1757	2084	
8301	-7026	-1289	-308	-1774	2072	
8260	-7093	-1182	-281	-1791	2061	
8218	-7160	-1071	-255	-1807	2052	
8174	-7225	-961	-229	-1824	2040	
8130	-7288	-854	-201	-1840	2029	
8084	-7352	-743	-175	-1855	2017	
8035	-7415	-632	-150	-1871	2004	
7986	-7476	-523	-121	-1885	1994	
7937	-7536	-412	-94	-1900	1981	
7887	-7594	-303	-69	-1914	1967	
7834	-7652	-193	-43	-1928	1954	
7781	-7709	-83	-18	-1943	1941	
7727	-7764	27	7	-1957	1927	
7670	-7819	138	34	-1970	1912	
7614	-7871	248	61	-1984	1898	
7557	-7923	358	92	-1997	1885	
7499	-7974	468	124	-2008	1869	
7437	-8023	577	157	-2020	1855	
7375	-8071	688	189	-2032	1839	
7313	-8118	797	215	-2044	1823	
7247	-8164	906	240	-2054	1807	
7184	-8208	1017	265	-2066	1790	
7118	-8251	1126	291	-2077	1774	
7051	-8294	1234	319	-2086	1758	
6983	-8335	1344	346	-2097	1740	
6915	-8374	1454	374	-2108	1722	
6845	-8412	1561	400	-2117	1705	
6774	-8449	1669	427	-2125	1687	
6701	-8486	1778	453	-2134	1669	
6628	-8520	1886	481	-2144	1650	
6554	-8553	1993	508	-2151	1631	
6477	-8584	2101	534	-2157	1614	
6402	-8615	2209	560	-2166	1593	
6326	-8645	2316	585	-2174	1573	
6247	-8672	2423	613	-2179	1555	
6168	-8699	2529	640	-2185	1534	
6087	-8724	2633	665	-2193	1514	
6007	-8749	2738	692	-2199	1495	
5925	-8772	2843	717	-2203	1475	
5843	-8794	2946	742	-2209	1454	
5760	-8813	3051	769	-2214	1432	
5674	-8831	3154	795	-2218	1411	
5590	-8850	3257	820	-2223	1390	
5503	-8864	3360	845	-2225	1369	
5416	-8880	3461	871	-2229	1346	
5330	-8893	3563	896	-2234	1325	
5240	-8905	3664	920	-2235	1302	
5151	-8916	3764	947	-2236	1280	
5062	-8926	3864	970	-2239	1257	
4971	-8934	3963	993	-2242	1235	
4879	-8941	4062	1020	-2243	1212	
4788	-8946	4159	1043	-2244	1188	
4694	-8949	4257	1066	-2245	1165	
4599	-8952	4353	1091	-2245	1141	
4504	-8953	4450	1115	-2245	1119	
4410	-8953	4545	1139	-2244	1093	
4314	-8953	4640	1162	-2244	1070	
4217	-8949	4734	1185	-2244	1047	
4121	-8945	4826	1209	-2242	1022	
4023	-8939	4919	1232	-2241	998	
3925	-8933	5011	1253	-2238	972	
3826	-8925	5103	1276	-2235	947	
3726	-8915	5193	1299	-2234	923	
3626	-8905	5282	1321	-2231	898	
3525	-8892	5371	1341	-2228	873	
3424	-8878	5460	1365	-2224	847	
3322	-8864	5547	1385	-2220	822	
3220	-8847	5632	1406	-2217	796	
3118	-8829	5718	1428	-2211	771	
3015	-8810	5803	1448	-2206	745	
2910	-8791	5886	1469	-2202	720	
2807	-8771	5969	1490	-2195	695	
2704	-8747	6050	1511	-2189	668	
2597	-8722	6132	1529	-2183	641	
2493	-8698	6211	1550	-2175	616	
2388	-8670	6290	1569	-2171	589	
2281	-8641	6369	1587	-2164	562	
2175	-8612	6445	1608	-2155	537	
2067	-8582	6522	1625	-2147	509	
1962	-8550	6598	1644	-2139	483	
1855	-8517	6672	1663	-2131	457	
1748	-8482	6745	1680	-2121	430	
1639	-8446	6818	1698	-2112	403	
1530	-8409	6888	1715	-2103	377	
1423	-8370	6959	1732	-2094	350	
1312	-8331	7027	1751	-2084	322	
1204	-8289	7095	1768	-2072	295	
1095	-8248	7163	1783	-2062	269	
985	-8205	7228	1799	-2052	242	
876	-8159	7293	1815	-2040	216	
766	-8114	7357	1831	-2028	190	
657	-8067	7420	1846	-2016	163	
549	-8018	7481	1861	-2004	138	
439	-7969	7542	1877	-1992	111	
330	-7919	7602	1892	-1978	87	
220	-7867	7660	1905	-1965	63	
109	-7813	7717	1919	-1952	38	
0	-7758	7771	1932	-1939	13	
-109	-7703	7827	1946	-1924	-14	
-220	-7647	7879	1960	-1909	-47	
-331	-7589	7933	1970	-1896	-90	
-440	-7530	7984	1985	-1880	-133	
-549	-7470	8032	1997	-1865	-163	
-659	-7409	8083	2008	-1850	-182	
-768	-7346	8129	2021	-1833	-199	
-878	-7283	8175	2031	-1818	-222	
-988	-7219	8220	2043	-1802	-252	
-1097	-7153	8263	2054	-1785	-282	
-1206	-7087	8307	2062	-1769	-311	
-1315	-7019	8347	2074	-1751	-337	
-1424	-6951	8389	2085	-1733	-363	
-1532	-6880	8428	2093	-1716	-390	
-1640	-6809	8465	2102	-1698	-417	
-1747	-6738	8501	2111	-1679	-444	
-1854	-6665	8535	2120	-1661	-472	
-1960	-6591	8569	2126	-1644	-499	
-2066	-6516	8601	2134	-1625	-525	
-2173	-6440	8632	2143	-1606	-552	
-2280	-6363	8662	2149	-1586	-578	
-2385	-6286	8691	2156	-1567	-604	
-2493	-6207	8718	2163	-1547	-631	
-2597	-6127	8744	2169	-1527	-657	
-2701	-6047	8768	2176	-1507	-684	
-2807	-5965	8791	2182	-1484	-709	
-2910	-5883	8813	2186	-1464	-736	
-3014	-5799	8833	2192	-1443	-761	
-3118	-5715	8853	2196	-1422	-786	
-3221	-5630	8871	2200	-1401	-813	
-3324	-5545	8888	2204	-1380	-838	
-3425	-5457	8903	2207	-1358	-863	
-3527	-5370	8916	2211	-1336	-889	
-3628	-5282	8928	2214	-1313	-913	
-3728	-5192	8939	2216	-1292	-938	
-3828	-5103	8950	2218	-1270	-964	
-3927	-5012	8958	2220	-1246	-988	
-4024	-4921	8965	2221	-1224	-1013	
-4122	-4829	8972	2222	-1200	-1037	
-4219	-4735	8975	2225	-1175	-1062	
-4317	-4642	8978	2224	-1153	-1085	
-4413	-4548	8980	2223	-1130	-1109	
-4508	-4453	8981	2224	-1106	-1133	
-4604	-4357	8981	2225	-1082	-1156	
-4697	-4261	8978	2223	-1058	-1179	
-4790	-4164	8974	2222	-1033	-1204	
-4882	-4065	8969	2221	-1009	-1226	
-4973	-3966	8962	2219	-985	-1248	
-5064	-3867	8955	2217	-959	-1272	
-5155	-3768	8945	2215	-935	-1294	
-5244	-3667	8935	2212	-910	-1316	
-5332	-3567	8923	2209	-884	-1339	
-5420	-3466	8911	2206	-858	-1361	
-5508	-3365	8896	2201	-834	-1383	
-5595	-3263	8880	2197	-808	-1403	
-5680	-3159	8863	2193	-782	-1424	
-5764	-3056	8844	2188	-757	-1446	
-5848	-2953	8825	2183	-731	-1466	
-5931	-2848	8804	2178	-704	-1487	
-6013	-2744	8781	2172	-679	-1508	
-6094	-2639	8758	2166	-652	-1528	
-6174	-2534	8732	2160	-625	-1548	
-6253	-2428	8706	2153	-600	-1568	
-6332	-2322	8678	2146	-573	-1586	
-6408	-2215	8648	2138	-546	-1606	
-6484	-2108	8618	2131	-519	-1625	
-6561	-2001	8587	2124	-492	-1642	
-6635	-1895	8553	2114	-467	-1661	
-6709	-1787	8521	2105	-440	-1680	
-6782	-1678	8485	2097	-413	-1698	
-6853	-1570	8448	2088	-386	-1715	
-6923	-1463	8410	2078	-359	-1732	
-6990	-1355	8370	2068	-332	-1750	
-7058	-1246	8330	2057	-305	-1766	
-7126	-1136	8288	2046	-278	-1783	
-7193	-1027	8245	2036	-251	-1799	
-7259	-917	8200	2026	-223	-1814	
-7322	-807	8155	2014	-197	-1832	
-7385	-699	8108	2003	-170	-1847	
-7446	-589	8060	1992	-143	-1860	
-7506	-479	8011	1978	-119	-1877	
-7566	-369	7961	1964	-92	-1892	
-7625	-259	7909	1951	-66	-1907	
-7682	-148	7857	1938	-42	-1922	
-7737	-39	7802	1926	-15	-1934	
-7792	71	7748	1911	11	-1949	
-7846	182	7691	1896	36	-1962	
-7898	291	7633	1883	65	-1974	
-7949	402	7575	1867	96	-1988	
-7998	512	7515	1851	131	-1999	
-8049	620	7454	1838	168	-2011	
-8097	729	7392	1822	199	-2023	
-8143	840	7329	1806	223	-2034	
-8189	950	7266	1792	244	-2045	
-8232	1059	7200	1775	269	-2055	
-8276	1168	7133	1757	295	-2067	
-8316	1277	7065	1740	323	-2078	
-8358	1386	6996	1724	354	-2087	
-8397	1494	6927	1706	381	-2096	
-8433	1602	6856	1688	407	-2106	
-8470	1711	6785	1670	435	-2114	
-8507	1819	6713	1653	461	-2124	
-8540	1925	6639	1634	488	-2131	
-8571	2032	6563	1615	516	-2140	
-8604	2140	6488	1596	541	-2148	
-8634	2247	6412	1577	568	-2155	
-8662	2353	6334	1557	595	-2160	
-8690	2459	6256	1538	622	-2167	
-8716	2565	6176	1518	649	-2175	
-8741	2669	6096	1498	675	-2180	
-8765	2775	6015	1478	701	-2187	
-8788	2880	5932	1457	727	-2192	
-8808	2984	5848	1437	753	-2196	
-8826	3087	5764	1415	777	-2202	
-8846	3190	5680	1396	804	-2205	
-8865	3293	5595	1374	832	-2209	
-8879	3395	5507	1352	857	-2215	
-8892	3497	5420	1331	881	-2217	
-8905	3597	5332	1309	907	-2219	
-8915	3698	5242	1286	930	-2222	
-8928	3798	5153	1264	955	-2226	
-8937	3897	5063	1241	981	-2226	
-8945	3996	4972	1219	1005	-2229	
-8951	4095	4879	1195	1029	-2231	
-8955	4191	4785	1173	1053	-2231	
-8959	4289	4692	1149	1078	-2231	
-8961	4387	4598	1126	1103	-2233	
-8960	4481	4503	1103	1127	-2232	
-8962	4577	4407	1079	1150	-2231	
-8960	4671	4311	1056	1175	-2231	
-8956	4764	4214	1031	1198	-2230	
-8952	4857	4116	1006	1220	-2229	
-8945	4948	4019	982	1242	-2226	
-8939	5041	3919	957	1265	-2225	
-8931	5132	3819	932	1287	-2223	
-8920	5222	3721	907	1310	-2220	
-8908	5311	3619	883	1332	-2218	
-8896	5399	3518	858	1354	-2214	
-8882	5487	3417	833	1376	-2210	
-8867	5573	3314	807	1397	-2206	
-8849	5658	3211	781	1418	-2202	
-8832	5743	3108	756	1440	-2198	
-8812	5828	3005	730	1462	-2193	
-8791	5912	2901	705	1481	-2187	
-8770	5994	2797	679	1502	-2181	
-8747	6075	2692	653	1523	-2175	
-8723	6156	2587	626	1542	-2169	
-8697	6235	2482	600	1562	-2163	
-8669	6314	2375	575	1581	-2155	
-8640	6392	2269	548	1601	-2147	
-8609	6468	2162	522	1620	-2139	
-8578	6544	2055	496	1638	-2131	
-8547	6620	1946	469	1656	-2124	
-8515	6692	1838	443	1675	-2115	
-8479	6765	1731	417	1694	-2106	
-8441	6838	1622	388	1710	-2098	
-8404	6909	1513	361	1727	-2088	
-8366	6978	1406	337	1746	-2078	
-8326	7046	1297	310	1763	-2067	
-8285	7114	1187	283	1780	-2056	
-8242	7181	1078	257	1796	-2045	
-8197	7247	968	230	1812	-2035	
-8152	7311	858	204	1828	-2024	
-8106	7375	748	177	1845	-2012	
-8059	7437	639	150	1861	-2000	
-8012	7497	529	126	1875	-1986	
-7961	7558	420	101	1890	-1975	
-7910	7616	310	75	1905	-1963	
-7858	7674	199	49	1919	-1949	
-7804	7730	89	21	1932	-1934	
-7749	7785	-21	-7	1946	-1921	
-7694	7840	-131	-39	1959	-1907	
-7637	7894	-241	-74	1972	-1894	
-7579	7945	-352	-107	1984	-1879	
-7520	7994	-463	-138	1996	-1864	
-7460	8044	-572	-162	2009	-1850	
-7398	8093	-682	-184	2021	-1834	
-7335	8139	-791	-210	2032	-1818	
-7270	8185	-901	-236	2045	-1801	
-7206	8230	-1011	-266	2057	-1785	
-7141	8273	-1120	-294	2066	-1769	
-7073	8315	-1228	-318	2077	-1750	
-7006	8356	-1337	-346	2086	-1735	
-6937	8395	-1446	-374	2094	-1718	
-6867	8434	-1554	-400	2105	-1699	
-6795	8470	-1663	-428	2115	-1681	
-6723	8506	-1772	-455	2122	-1664	
-6650	8541	-1879	-481	2131	-1644	
-6576	8574	-1986	-507	2140	-1627	
-6501	8606	-2094	-534	2147	-1607	
-6425	8637	-2201	-561	2154	-1587	
-6348	8665	-2307	-587	2162	-1569	
-6269	8693	-2414	-614	2169	-1550	
-6190	8720	-2520	-640	2174	-1530	
-6110	8745	-2626	-665	2181	-1508	
-6029	8770	-2731	-691	2186	-1489	
-5949	8793	-2836	-718	2192	-1469	
-5866	8813	-2940	-744	2198	-1447	
-5782	8833	-3044	-769	2202	-1427	
-5698	8853	-3148	-796	2207	-1405	
-5612	8870	-3250	-820	2212	-1384	
-5527	8885	-3352	-846	2215	-1363	
-5440	8900	-3454	-871	2218	-1341	
-5352	8914	-3556	-895	2220	-1320	
-5265	8926	-3656	-923	2223	-1298	
-5175	8936	-3756	-945	2227	-1274	
-5086	8946	-3857	-970	2228	-1252	
-4995	8955	-3956	-996	2230	-1229	
-4903	8961	-4055	-1020	2232	-1206	
-4810	8966	-4152	-1044	2234	-1182	
-4716	8970	-4250	-1068	2234	-1160	
-4624	8973	-4347	-1091	2235	-1137	
-4529	8974	-4443	-1114	2235	-1111	
-4434	8974	-4539	-1138	2234	-1088	
-4338	8972	-4633	-1162	2234	-1064	
-4240	8970	-4727	-1185	2233	-1040	
-4144	8966	-4821	-1209	2230	-1018	
-4047	8960	-4913	-1233	2229	-995	
-3948	8953	-5004	-1253	2228	-968	
-3849	8945	-5095	-1277	2225	-942	
-3750	8936	-5185	-1299	2222	-917	
-3648	8926	-5275	-1320	2221	-892	
-3547	8913	-5364	-1342	2216	-867	
-3447	8899	-5451	-1365	2213	-841	
-3345	8885	-5539	-1386	2210	-815	
-3244	8868	-5625	-1408	2205	-791	
-3141	8850	-5711	-1427	2201	-765	
-3038	8832	-5796	-1447	2195	-740	
-2934	8812	-5879	-1470	2190	-714	
-2828	8790	-5962	-1489	2186	-686	
-2724	8767	-6044	-1509	2180	-661	
-2619	8743	-6124	-1530	2174	-636	
-2514	8717	-6204	-1548	2168	-608	
-2410	8690	-6284	-1568	2160	-583	
-2303	8662	-6361	-1589	2152	-556	
-2196	8633	-6439	-1608	2145	-529	
-2091	8603	-6515	-1626	2136	-503	
-1985	8570	-6590	-1645	2128	-476	
-1878	8538	-6665	-1662	2120	-450	
-1771	8503	-6739	-1681	2111	-423	
-1664	8466	-6810	-1698	2102	-396	
-1555	8429	-6882	-1716	2093	-369	
-1447	8391	-6952	-1733	2083	-342	
-1338	8352	-7021	-1750	2074	-315	
-1228	8312	-7090	-1767	2063	-290	
-1119	8269	-7156	-1783	2053	-262	
-1011	8223	-7222	-1800	2041	-235	
-902	8180	-7288	-1815	2028	-209	
-792	8135	-7351	-1831	2018	-183	
-682	8087	-7413	-1847	2005	-156	
-571	8039	-7475	-1861	1993	-129	
-463	7990	-7535	-1877	1981	-103	
-352	7939	-7594	-1891	1967	-78	
-244	7887	-7653	-1905	1956	-52	
-133	7834	-7710	-1919	1941	-28	
-22	7779	-7766	-1934	1927	-5	
86	7724	-7819	-1946	1915	20	
197	7667	-7873	-1959	1899	46	
306	7610	-7926	-1972	1884	79	
416	7551	-7977	-1984	1869	115	
525	7491	-8027	-1996	1854	156	
633	7430	-8076	-2007	1840	192	
744	7367	-8123	-2019	1823	215	
852	7305	-8169	-2031	1807	236	
963	7239	-8215	-2043	1790	258	
1072	7173	-8258	-2054	1775	283	
1181	7108	-8301	-2063	1759	311	
1290	7039	-8342	-2074	1740	342	
1399	6971	-8381	-2084	1722	369	
1508	6901	-8421	-2092	1707	395	
1616	6830	-8459	-2102	1688	422	
1724	6759	-8494	-2112	1669	448	
1831	6686	-8529	-2119	1652	477	
1938	6612	-8563	-2127	1633	503	
2046	6536	-8595	-2136	1613	529	
2152	6460	-8626	-2142	1595	557	
2259	6384	-8655	-2150	1575	583	
2365	6307	-8686	-2157	1556	610	
2472	6228	-8712	-2163	1537	636	
2576	6148	-8737	-2170	1515	662	
2679	6066	-8762	-2175	1496	689	
2785	5985	-8785	-2180	1476	715	
2891	5903	-8807	-2186	1455	740	
2994	5819	-8828	-2191	1434	767	
3096	5735	-8847	-2195	1412	793	
3200	5651	-8865	-2201	1391	818	
3302	5566	-8881	-2204	1369	843	
3403	5478	-8897	-2208	1348	869	
3505	5390	-8910	-2211	1326	894	
3606	5302	-8923	-2213	1304	919	
3706	5214	-8935	-2217	1281	944	
3806	5123	-8944	-2218	1258	969	
3905	5032	-8953	-2220	1235	993	
4003	4941	-8961	-2221	1212	1019	
4099	4848	-8966	-2221	1192	1042	
4197	4755	-8970	-2224	1167	1066	
4295	4661	-8973	-2222	1145	1092	
4390	4568	-8975	-2223	1120	1115	
4486	4473	-8976	-2225	1093	1139	
4581	4377	-8974	-2224	1071	1162	
4674	4280	-8972	-2223	1047	1184	
4767	4184	-8968	-2222	1022	1208	
4861	4086	-8964	-2221	998	1231	
4953	3987	-8958	-2220	973	1254	
5043	3888	-8949	-2216	949	1277	
5134	3789	-8940	-2214	923	1300	
5223	3689	-8930	-2213	899	1320	
5310	3588	-8918	-2208	875	1343	
5399	3487	-8905	-2205	849	1366	
5487	3385	-8890	-2201	825	1387	
5572	3282	-8875	-2197	798	1409	
5658	3181	-8858	-2194	772	1430	
5743	3078	-8839	-2188	746	1451	
5826	2973	-8819	-2183	720	1472	
5909	2870	-8798	-2178	694	1491	
5991	2765	-8776	-2171	668	1512	
6072	2660	-8752	-2165	642	1532	
6154	2555	-8727	-2159	615	1553	
6232	2449	-8700	-2153	589	1572	
6309	2344	-8672	-2147	561	1590	
6387	2237	-8643	-2138	537	1612	
6462	2131	-8613	-2130	511	1629	
6538	2023	-8581	-2123	482	1647	
6613	1915	-8549	-2114	456	1667	
6687	1809	-8515	-2105	430	1685	
6759	1701	-8479	-2096	403	1703	
6829	1591	-8442	-2086	377	1720	
6899	1482	-8404	-2077	350	1737	
6968	1374	-8365	-2068	323	1754	
7038	1266	-8324	-2057	297	1772	
7104	1157	-8283	-2047	270	1788	
7170	1048	-8240	-2036	243	1806	
7235	938	-8194	-2024	217	1822	
7299	829	-8149	-2013	190	1837	
7362	719	-8102	-2000	165	1854	
7423	610	-8055	-1988	138	1867	
7485	500	-8006	-1977	111	1883	
7545	390	-7955	-1965	85	1898	
7602	280	-7905	-1951	59	1912	
7659	170	-7851	-1937	35	1928	
7715	60	-7795	-1926	8	1940	
7770	-50	-7740	-1911	-22	1953	
7823	-161	-7684	-1896	-55	1967	
7876	-271	-7627	-1882	-92	1979	
7928	-380	-7569	-1867	-128	1992	
7977	-490	-7510	-1852	-156	2006	
8027	-600	-7448	-1836	-179	2016	
8075	-710	-7386	-1821	-199	2029	
8121	-819	-7323	-1805	-224	2041	
8165	-929	-7258	-1790	-253	2051	
8209	-1038	-7192	-1775	-283	2062	
8253	-1146	-7127	-1757	-311	2074	
8295	-1256	-7061	-1740	-338	2083	
8334	-1364	-6991	-1724	-365	2092	
8372	-1473	-6920	-1706	-391	2103	
8410	-1581	-6850	-1688	-420	2111	
8447	-1689	-6780	-1670	-446	2121	
8483	-1797	-6706	-1652	-473	2129	
8518	-1903	-6632	-1634	-500	2136	
8549	-2010	-6558	-1614	-525	2145	
8582	-2117	-6482	-1595	-553	2154	
8611	-2225	-6405	-1576	-580	2161	
8639	-2331	-6328	-1558	-608	2167	
8668	-2438	-6250	-1538	-634	2174	
8693	-2544	-6170	-1518	-659	2180	
8718	-2648	-6089	-1498	-687	2186	
8742	-2753	-6008	-1477	-712	2192	
8765	-2858	-5925	-1457	-738	2197	
8786	-2962	-5843	-1436	-763	2202	
8805	-3065	-5760	-1415	-790	2206	
8823	-3169	-5674	-1396	-817	2210	
8840	-3271	-5588	-1373	-840	2215	
8856	-3373	-5501	-1350	-866	2219	
8869	-3474	-5414	-1331	-893	2221	
8883	-3575	-5326	-1309	-917	2225	
8893	-3677	-5236	-1286	-942	2229	
8902	-3777	-5147	-1263	-968	2230	
8913	-3876	-5057	-1240	-992	2232	
8921	-3975	-4965	-1217	-1016	2234	
8928	-4071	-4872	-1195	-1040	2236	
8932	-4170	-4780	-1173	-1065	2236	
8936	-4268	-4687	-1149	-1090	2238	
8938	-4363	-4591	-1125	-1113	2238	
8938	-4459	-4497	-1101	-1137	2238	
8937	-4554	-4401	-1077	-1160	2238	
8934	-4648	-4305	-1053	-1184	2237	
8933	-4743	-4208	-1029	-1208	2235	
8930	-4835	-4111	-1006	-1230	2235	
8922	-4926	-4012	-981	-1253	2233	
8916	-5019	-3913	-957	-1277	2230	
8908	-5109	-3814	-931	-1298	2228	
8897	-5200	-3712	-906	-1321	2226	
8885	-5289	-3613	-882	-1343	2223	
8873	-5377	-3512	-856	-1365	2220	
8858	-5465	-3409	-831	-1387	2216	
8845	-5551	-3308	-805	-1408	2212	
8828	-5637	-3205	-778	-1429	2209	
8808	-5722	-3101	-756	-1449	2203	
8789	-5806	-2998	-729	-1470	2198	
8769	-5889	-2895	-702	-1491	2194	
8747	-5971	-2790	-679	-1513	2187	
8723	-6053	-2684	-652	-1533	2181	
8700	-6134	-2579	-624	-1553	2175	
8675	-6214	-2473	-600	-1573	2168	
8646	-6292	-2367	-573	-1591	2161	
8616	-6370	-2260	-546	-1612	2154	
8586	-6448	-2154	-521	-1632	2145	
8555	-6523	-2046	-494	-1650	2137	
8524	-6599	-1939	-467	-1669	2129	
8491	-6672	-1832	-441	-1687	2120	
8455	-6744	-1724	-414	-1704	2112	
8420	-6816	-1615	-387	-1722	2102	
8381	-6887	-1507	-361	-1740	2093	
8341	-6958	-1398	-335	-1757	2083	
8303	-7025	-1289	-308	-1775	2072	
8261	-7092	-1181	-281	-1791	2062	
8218	-7160	-1072	-254	-1807	2051	
8173	-7225	-961	-227	-1823	2040	
8128	-7290	-852	-201	-1839	2028	
8083	-7354	-742	-174	-1856	2017	
8036	-7415	-633	-148	-1870	2005	
7987	-7476	-523	-123	-1886	1992	
7936	-7536	-412	-96	-1901	1979	
7886	-7595	-302	-69	-1915	1967	
7834	-7652	-193	-45	-1930	1953	
7780	-7710	-82	-19	-1944	1940	
7726	-7764	28	7	-1957	1927	
7670	-7818	137	33	-1970	1912	
7613	-7871	248	61	-1984	1897	
7555	-7922	358	92	-1996	1885	
7496	-7973	469	123	-2007	1870	
7435	-8022	579	157	-2020	1855	
7373	-8072	688	190	-2032	1839	
7311	-8119	798	216	-2045	1824	
7247	-8164	907	240	-2056	1807	
7184	-8209	1017	265	-2065	1790	
7118	-8252	1127	292	-2076	1774	
7051	-8294	1235	318	-2087	1756	
6983	-8334	1345	347	-2096	1740	
6913	-8375	1454	374	-2106	1724	
6844	-8413	1561	400	-2117	1706	
6772	-8450	1670	428	-2126	1687	
6700	-8485	1778	454	-2134	1668	
6628	-8520	1886	480	-2143	1651	
6554	-8553	1994	507	-2150	1632	
6478	-8585	2102	533	-2157	1612	
6401	-8616	2210	560	-2166	1594	
6326	-8645	2315	588	-2171	1576	
6248	-8673	2422	613	-2179	1555	
6167	-8699	2528	640	-2186	1535	
6088	-8725	2633	667	-2191	1516	
6008	-8749	2738	692	-2198	1495	
5925	-8771	2843	718	-2204	1474	
5842	-8793	2948	744	-2210	1453	
5760	-8812	3051	769	-2213	1432	
5675	-8830	3153	794	-2217	1411	
5591	-8848	3257	820	-2222	1390	
5505	-8866	3359	845	-2226	1368	
5417	-8880	3461	871	-2229	1346	
5329	-8893	3562	896	-2232	1325	
5239	-8905	3664	921	-2236	1302	
5151	-8916	3764	945	-2237	1279	
5063	-8925	3864	971	-2238	1258	
4971	-8934	3963	996	-2241	1233	
4879	-8941	4061	1018	-2244	1210	
4786	-8946	4160	1043	-2245	1189	
4694	-8948	4257	1068	-2245	1164	
4600	-8952	4354	1090	-2245	1141	
4506	-8954	4450	1114	-2246	1119	
4412	-8953	4545	1139	-2245	1095	
4315	-8952	4640	1162	-2244	1071	
4218	-8950	4734	1186	-2243	1047	
4121	-8944	4827	1208	-2243	1022	
4024	-8939	4920	1230	-2242	996	
3925	-8933	5012	1255	-2238	973	
3825	-8925	5103	1276	-2237	948	
3726	-8915	5194	1298	-2237	922	
3627	-8904	5283	1321	-2232	899	
3526	-8892	5370	1341	-2228	873	
3425	-8879	5459	1364	-2225	846	
3324	-8863	5546	1386	-2220	822	
3221	-8848	5633	1407	-2216	797	
3118	-8830	5718	1428	-2212	772	
3016	-8811	5801	1448	-2207	746	
2912	-8791	5886	1469	-2202	720	
2806	-8769	5969	1490	-2195	694	
2702	-8746	6050	1510	-2189	667	
2597	-8722	6132	1530	-2183	640	
2491	-8697	6212	1549	-2178	615	
2386	-8670	6291	1569	-2170	589	
2281	-8641	6369	1588	-2163	563	
2175	-8612	6447	1607	-2157	536	
2069	-8581	6522	1625	-2147	510	
1961	-8549	6597	1644	-2140	483	
1853	-8516	6673	1662	-2131	456	
1746	-8482	6746	1681	-2121	430	
1638	-8446	6817	1699	-2113	403	
1530	-8409	6889	1716	-2104	377	
1422	-8370	6959	1734	-2094	351	
1312	-8331	7027	1750	-2083	322	
1204	-8290	7095	1768	-2071	296	
1094	-8247	7162	1785	-2061	270	
985	-8205	7229	1800	-2051	242	
876	-8160	7294	1816	-2040	215	
767	-8114	7357	1831	-2028	190	
655	-8067	7420	1847	-2017	164	
546	-8018	7483	1861	-2005	138	
437	-7969	7542	1876	-1992	112	
327	-7918	7602	1892	-1979	86	
219	-7866	7661	1905	-1965	62	
108	-7812	7718	1920	-1951	37	
-1	-7758	7772	1933	-1939	11	
-110	-7703	7826	1947	-1924	-15	
-222	-7646	7880	1959	-1909	-47	
-329	-7589	7932	1971	-1894	-89	
-440	-7530	7984	1984	-1881	-132	
-551	-7470	8034	1996	-1866	-164	
-660	-7409	8082	2009	-1849	-183	
-770	-7347	8129	2021	-1834	-199	
-879	-7283	8175	2032	-1818	-222	
-989	-7218	8221	2043	-1801	-251	
-1099	-7153	8265	2052	-1784	-282	
-1207	-7087	8307	2063	-1769	-311	
-1316	-7019	8349	2073	-1752	-339	
-1424	-6950	8389	2082	-1734	-365	
-1531	-6880	8427	2093	-1715	-391	
-1641	-6810	8465	2101	-1699	-419	
-1748	-6737	8501	2110	-1681	-446	
-1855	-6664	8536	2118	-1662	-472	
-1963	-6591	8569	2128	-1644	-498	
-2069	-6516	8602	2135	-1624	-525	
-2174	-6440	8633	2142	-1606	-552	
-2281	-6363	8663	2149	-1585	-579	
