-2314	-6338	8672	2151	-1579	-587	
-2420	-6260	8701	2158	-1560	-613	
-2526	-6182	8727	2165	-1540	-640	
-2632	-6101	8752	2171	-1521	-666	
-2737	-6019	8776	2177	-1500	-691	
-2841	-5938	8798	2183	-1478	-717	
-2945	-5856	8821	2188	-1457	-745	
-3049	-5772	8841	2192	-1437	-770	
-3152	-5688	8859	2198	-1415	-795	
-3255	-5602	8877	2201	-1394	-821	
-3357	-5516	8893	2204	-1373	-847	
-3458	-5429	8907	2208	-1351	-872	
-3560	-5341	8921	2212	-1328	-897	
-3661	-5252	8932	2214	-1307	-923	
-3760	-5164	8944	2216	-1286	-948	
-3859	-5073	8953	2219	-1262	-972	
-3959	-4982	8961	2221	-1239	-997	
-4056	-4891	8968	2223	-1216	-1019	
-4153	-4799	8972	2224	-1192	-1044	
-4251	-4705	8976	2223	-1169	-1069	
-4347	-4611	8980	2226	-1145	-1092	
-4442	-4518	8981	2227	-1122	-1116	
-4538	-4422	8981	2224	-1098	-1140	
-4633	-4326	8980	2223	-1074	-1164	
-4728	-4229	8977	2224	-1049	-1186	
-4820	-4131	8972	2221	-1025	-1210	
-4912	-4033	8966	2220	-1002	-1234	
-5003	-3934	8960	2219	-976	-1257	
-5094	-3835	8952	2217	-951	-1280	
-5185	-3735	8943	2214	-927	-1301	
-5275	-3635	8932	2210	-901	-1323	
-5363	-3535	8919	2207	-876	-1346	
-5449	-3434	8906	2205	-849	-1366	
-5535	-3332	8890	2200	-825	-1389	
-5621	-3229	8874	2195	-800	-1410	
-5708	-3126	8858	2191	-774	-1431	
-5792	-3023	8838	2186	-748	-1452	
-5875	-2918	8818	2180	-723	-1473	
-5957	-2815	8796	2176	-697	-1493	
-6039	-2709	8773	2171	-669	-1513	
-6119	-2604	8749	2164	-643	-1534	
-6198	-2500	8724	2157	-617	-1554	
-6278	-2394	8697	2150	-591	-1573	
-6357	-2288	8669	2142	-565	-1592	
-6432	-2180	8639	2136	-537	-1611	
-6509	-2074	8609	2129	-510	-1631	
-6586	-1966	8577	2118	-485	-1651	
-6659	-1858	8543	2110	-458	-1669	
-6731	-1751	8509	2102	-430	-1686	
-6804	-1643	8473	2094	-404	-1703	
-6875	-1535	8436	2085	-377	-1722	
-6944	-1428	8398	2074	-350	-1738	
-7013	-1318	8357	2064	-324	-1755	
-7081	-1209	8316	2054	-296	-1773	
-7147	-1101	8275	2043	-269	-1789	
-7213	-992	8230	2032	-243	-1805	
-7278	-881	8185	2021	-216	-1822	
-7341	-772	8140	2010	-188	-1837	
-7405	-662	8093	1999	-162	-1853	
-7467	-553	8045	1985	-136	-1868	
-7526	-443	7996	1973	-109	-1882	
-7585	-334	7945	1961	-83	-1898	
-7644	-224	7892	1948	-58	-1911	
-7700	-114	7840	1934	-32	-1924	
-7755	-4	7784	1920	-6	-1939	
-7809	107	7729	1906	19	-1953	
-7863	217	7673	1893	46	-1966	
-7915	327	7615	1878	74	-1979	
-7965	437	7555	1862	108	-1990	
-8016	546	7496	1849	145	-2002	
-8065	656	7435	1832	178	-2015	
-8111	766	7371	1818	207	-2027	
-8158	875	7308	1802	231	-2037	
-8202	984	7244	1785	253	-2050	
-8246	1095	7178	1770	278	-2060	
-8288	1203	7111	1752	306	-2069	
-8329	1313	7043	1735	334	-2081	
-8371	1422	6975	1718	363	-2091	
-8408	1529	6904	1701	391	-2099	
-8447	1638	6833	1682	416	-2109	
-8482	1746	6762	1665	442	-2118	
-8516	1854	6689	1647	470	-2126	
-8551	1961	6615	1628	497	-2134	
-8584	2068	6539	1609	525	-2143	
-8615	2175	6463	1590	551	-2150	
-8644	2282	6386	1571	578	-2156	
-8673	2388	6309	1552	603	-2165	
-8698	2493	6230	1532	629	-2170	
-8724	2600	6150	1512	657	-2175	
-8749	2703	6070	1491	683	-2182	
-8773	2809	5987	1471	708	-2188	
-8795	2914	5904	1450	735	-2193	
-8814	3016	5821	1430	762	-2198	
-8833	3120	5736	1409	788	-2203	
-8852	3223	5652	1386	812	-2208	
-8867	3326	5566	1366	838	-2211	
-8884	3429	5479	1345	864	-2215	
-8899	3530	5392	1322	889	-2218	
-8910	3630	5302	1300	913	-2221	
-8920	3730	5213	1278	939	-2223	
-8930	3831	5122	1256	965	-2225	
-8940	3930	5032	1233	988	-2228	
-8947	4028	4941	1212	1014	-2228	
-8953	4126	4848	1188	1038	-2230	
-8957	4224	4755	1164	1061	-2231	
-8961	4321	4662	1142	1086	-2232	
-8963	4417	4567	1119	1110	-2232	
-8961	4512	4472	1095	1133	-2232	
-8961	4607	4376	1070	1158	-2232	
-8958	4701	4279	1047	1181	-2231	
-8955	4794	4183	1022	1204	-2230	
-8950	4887	4085	998	1227	-2227	
-8943	4979	3986	974	1249	-2226	
-8935	5070	3886	949	1272	-2224	
-8927	5160	3787	925	1295	-2222	
-8917	5250	3688	899	1318	-2220	
-8905	5339	3587	875	1339	-2215	
-8892	5427	3486	851	1361	-2211	
-8878	5515	3383	824	1383	-2208	
-8862	5601	3281	798	1404	-2205	
-8844	5687	3178	775	1426	-2199	
-8826	5772	3075	748	1448	-2196	
-8806	5855	2971	723	1468	-2191	
-8785	5937	2867	698	1490	-2184	
-8763	6020	2762	671	1509	-2179	
-8739	6101	2658	644	1528	-2173	
-8714	6182	2554	618	1548	-2167	
-8687	6261	2447	592	1569	-2159	
-8661	6339	2340	565	1588	-2152	
-8631	6417	2233	540	1607	-2145	
-8600	6494	2126	513	1626	-2138	
-8569	6568	2019	487	1645	-2130	
-8537	6643	1911	460	1664	-2121	
-8501	6717	1803	434	1681	-2113	
-8465	6789	1694	408	1699	-2104	
-8431	6861	1586	381	1718	-2093	
-8392	6931	1478	355	1735	-2083	
-8352	7000	1368	328	1751	-2074	
-8313	7068	1260	300	1767	-2064	
-8271	7136	1151	274	1785	-2054	
-8228	7202	1041	247	1801	-2043	
-8183	7268	933	221	1816	-2032	
-8136	7332	823	196	1834	-2020	
-8090	7395	712	169	1849	-2008	
-8043	7456	604	143	1865	-1994	
-7995	7517	494	116	1879	-1983	
-7945	7577	383	91	1894	-1971	
-7892	7636	273	66	1910	-1957	
-7840	7693	163	39	1923	-1944	
-7787	7748	53	12	1937	-1932	
-7731	7803	-57	-18	1950	-1918	
-7675	7857	-167	-50	1963	-1902	
-7617	7910	-277	-85	1976	-1890	
-7559	7962	-387	-118	1989	-1874	
-7500	8012	-497	-146	2002	-1859	
-7439	8061	-607	-169	2014	-1843	
-7376	8108	-717	-191	2025	-1827	
-7313	8154	-827	-218	2036	-1811	
-7250	8199	-936	-246	2047	-1795	
-7186	8245	-1046	-274	2059	-1780	
-7120	8287	-1156	-301	2070	-1762	
-7051	8329	-1264	-330	2079	-1747	
-6984	8370	-1373	-355	2088	-1729	
-6915	8408	-1482	-382	2099	-1710	
-6842	8446	-1590	-409	2108	-1693	
-6771	8483	-1699	-436	2116	-1676	
-6699	8518	-1806	-464	2126	-1657	
-6627	8552	-1913	-490	2134	-1638	
-6553	8585	-2021	-516	2142	-1620	
-6478	8617	-2129	-543	2150	-1601	
-6401	8646	-2236	-569	2156	-1582	
-6322	8675	-2342	-595	2164	-1562	
-6244	8702	-2449	-622	2169	-1544	
-6165	8729	-2554	-648	2177	-1523	
-6085	8754	-2659	-673	2184	-1502	
-6003	8777	-2765	-700	2189	-1483	
-5922	8799	-2870	-726	2194	-1462	
-5839	8821	-2974	-752	2199	-1441	
-5754	8840	-3078	-778	2204	-1420	
-5671	8857	-3181	-803	2207	-1400	
-5585	8876	-3283	-830	2213	-1377	
-5500	8892	-3386	-854	2216	-1356	
-5413	8905	-3488	-879	2219	-1335	
-5323	8918	-3589	-905	2223	-1311	
-5234	8929	-3689	-928	2226	-1288	
-5145	8940	-3790	-954	2228	-1266	
-5055	8949	-3889	-978	2230	-1244	
-4965	8956	-3988	-1000	2233	-1222	
-4872	8963	-4087	-1027	2232	-1198	
-4780	8967	-4185	-1053	2233	-1175	
-4687	8971	-4282	-1075	2235	-1151	
-4594	8974	-4378	-1100	2234	-1128	
-4499	8975	-4474	-1123	2234	-1105	
-4404	8973	-4569	-1146	2234	-1081	
-4307	8973	-4664	-1170	2233	-1057	
-4209	8969	-4757	-1192	2233	-1031	
-4113	8963	-4851	-1216	2231	-1008	
-4015	8958	-4942	-1239	2228	-984	
-3916	8951	-5035	-1260	2228	-959	
-3815	8943	-5126	-1284	2226	-935	
-3717	8932	-5215	-1306	2223	-909	
-3618	8921	-5305	-1328	2218	-884	
-3516	8908	-5394	-1349	2215	-859	
-3414	8894	-5481	-1372	2212	-835	
-3314	8878	-5568	-1395	2207	-810	
-3211	8862	-5653	-1414	2203	-783	
-3107	8844	-5738	-1435	2198	-756	
-3003	8825	-5822	-1456	2194	-732	
-2900	8805	-5906	-1477	2189	-704	
-2796	8783	-5988	-1497	2182	-678	
-2690	8759	-6070	-1517	2177	-653	
-2587	8735	-6151	-1536	2172	-626	
-2480	8708	-6231	-1557	2163	-601	
-2373	8681	-6310	-1577	2157	-574	
-2268	8652	-6387	-1594	2150	-547	
-2162	8623	-6464	-1614	2141	-521	
-2056	8592	-6541	-1633	2133	-493	
-1949	8560	-6615	-1650	2125	-468	
-1842	8526	-6689	-1669	2117	-441	
-1735	8490	-6762	-1687	2109	-414	
-1628	8455	-6833	-1703	2100	-388	
-1519	8418	-6905	-1722	2090	-361	
-1412	8378	-6974	-1739	2081	-332	
-1302	8338	-7044	-1756	2070	-306	
-1193	8297	-7111	-1772	2058	-280	
-1085	8254	-7177	-1788	2049	-253	
-974	8210	-7243	-1804	2037	-225	
-865	8165	-7307	-1821	2025	-199	
-756	8120	-7372	-1837	2013	-174	
-646	8072	-7434	-1852	2002	-147	
-536	8023	-7495	-1866	1990	-120	
-426	7974	-7555	-1881	1977	-94	
-316	7923	-7614	-1897	1963	-69	
-205	7870	-7672	-1911	1950	-45	
-97	7817	-7728	-1925	1936	-20	
14	7762	-7783	-1936	1923	5	
123	7706	-7838	-1950	1909	30	
233	7649	-7891	-1964	1896	56	
343	7591	-7943	-1975	1882	91	
451	7532	-7994	-1988	1866	130	
561	7471	-8043	-2001	1850	168	
670	7409	-8091	-2012	1834	201	
780	7347	-8138	-2025	1818	223	
890	7283	-8185	-2036	1801	243	
1000	7218	-8229	-2047	1785	264	
1109	7153	-8272	-2057	1769	292	
1219	7085	-8315	-2066	1752	322	
1327	7018	-8356	-2077	1735	351	
1433	6949	-8395	-2087	1718	378	
1542	6878	-8433	-2095	1700	405	
1653	6807	-8471	-2105	1683	431	
1760	6734	-8507	-2112	1665	459	
1867	6662	-8541	-2121	1646	485	
1974	6587	-8574	-2131	1626	512	
2082	6511	-8607	-2138	1607	539	
2188	6436	-8637	-2146	1588	565	
2294	6358	-8666	-2152	1569	591	
2401	6280	-8694	-2159	1549	619	
2506	6202	-8721	-2166	1530	644	
2610	6120	-8746	-2171	1510	670	
2715	6040	-8770	-2178	1489	697	
2819	5959	-8793	-2183	1467	722	
2924	5876	-8814	-2187	1449	749	
3026	5792	-8833	-2194	1427	773	
3130	5707	-8853	-2198	1404	799	
3233	5622	-8872	-2201	1384	826	
3335	5537	-8887	-2205	1362	852	
3437	5450	-8902	-2209	1340	877	
3538	5361	-8915	-2211	1318	901	
3639	5273	-8927	-2214	1296	928	
3738	5184	-8938	-2217	1274	951	
3838	5093	-8948	-2218	1252	977	
3938	5002	-8955	-2221	1228	1001	
4035	4911	-8962	-2223	1205	1026	
4132	4819	-8968	-2223	1182	1051	
4229	4725	-8971	-2223	1160	1074	
4326	4631	-8973	-2224	1135	1098	
4421	4537	-8975	-2225	1110	1122	
4516	4441	-8975	-2223	1088	1146	
4612	4345	-8974	-2224	1063	1170	
4706	4249	-8971	-2223	1040	1193	
4798	4151	-8967	-2221	1015	1216	
4890	4053	-8961	-2220	990	1238	
4981	3955	-8954	-2218	966	1262	
5072	3856	-8946	-2216	941	1284	
5161	3756	-8937	-2214	917	1306	
5252	3655	-8927	-2209	891	1330	
5339	3555	-8914	-2206	867	1352	
5427	3454	-8900	-2203	841	1372	
5515	3352	-8885	-2199	816	1394	
5600	3250	-8868	-2195	791	1417	
5685	3146	-8851	-2191	763	1436	
5770	3044	-8832	-2187	738	1457	
5853	2940	-8812	-2181	712	1479	
5935	2835	-8791	-2175	686	1498	
6016	2730	-8768	-2170	661	1518	
6097	2625	-8743	-2164	633	1540	
6178	2520	-8718	-2157	607	1559	
6257	2415	-8692	-2150	580	1578	
6335	2308	-8663	-2143	554	1598	
6411	2202	-8633	-2135	529	1617	
6487	2095	-8602	-2127	502	1636	
6564	1987	-8570	-2118	476	1655	
6636	1881	-8537	-2111	448	1673	
6708	1773	-8502	-2102	420	1691	
6782	1665	-8466	-2093	395	1709	
6852	1557	-8429	-2084	369	1726	
6922	1448	-8391	-2074	341	1744	
6991	1339	-8351	-2064	314	1760	
7059	1231	-8311	-2054	287	1777	
7126	1122	-8268	-2044	261	1795	
7191	1011	-8224	-2032	234	1811	
7256	902	-8180	-2022	206	1825	
7321	793	-8133	-2009	182	1842	
7381	683	-8086	-1997	155	1858	
7442	573	-8039	-1987	127	1872	
7503	464	-7989	-1972	102	1888	
7562	354	-7938	-1959	76	1904	
7620	243	-7886	-1948	52	1916	
7677	134	-7833	-1934	25	1930	
7733	23	-7779	-1921	-2	1945	
7788	-86	-7723	-1906	-31	1957	
7842	-196	-7666	-1892	-66	1971	
7893	-306	-7608	-1877	-105	1984	
7945	-416	-7550	-1862	-138	1996	
7993	-526	-7490	-1847	-164	2009	
8042	-636	-7429	-1831	-185	2021	
8089	-746	-7366	-1817	-207	2033	
8134	-855	-7302	-1802	-234	2042	
8180	-964	-7237	-1785	-265	2055	
8223	-1074	-7171	-1769	-294	2066	
8266	-1182	-7105	-1751	-321	2075	
8308	-1291	-7038	-1735	-348	2086	
8348	-1401	-6968	-1718	-374	2095	
8386	-1508	-6898	-1700	-401	2105	
8423	-1616	-6827	-1681	-429	2114	
8460	-1724	-6755	-1664	-456	2123	
8495	-1832	-6683	-1645	-483	2133	
8527	-1938	-6607	-1627	-509	2140	
8559	-2046	-6532	-1609	-535	2147	
8592	-2155	-6457	-1588	-562	2155	
8621	-2260	-6379	-1570	-588	2164	
8650	-2365	-6302	-1551	-616	2169	
8678	-2473	-6224	-1531	-643	2175	
8701	-2578	-6144	-1511	-668	2182	
8727	-2682	-6063	-1491	-696	2188	
8751	-2788	-5981	-1472	-721	2194	
8771	-2893	-5899	-1450	-746	2200	
8793	-2996	-5815	-1430	-773	2204	
8812	-3100	-5730	-1409	-798	2209	
8828	-3202	-5646	-1387	-823	2214	
8846	-3304	-5560	-1366	-849	2216	
8859	-3406	-5472	-1343	-873	2220	
8873	-3509	-5385	-1321	-899	2225	
8887	-3609	-5297	-1300	-925	2227	
8898	-3709	-5207	-1278	-950	2229	
8909	-3809	-5119	-1255	-975	2232	
8916	-3908	-5027	-1233	-1001	2233	
8923	-4007	-4934	-1211	-1025	2235	
8930	-4105	-4843	-1187	-1049	2236	
8934	-4202	-4750	-1164	-1073	2237	
8937	-4299	-4655	-1141	-1097	2237	
8939	-4395	-4561	-1117	-1122	2239	
8940	-4491	-4466	-1094	-1145	2237	
8937	-4585	-4370	-1070	-1168	2237	
8934	-4680	-4274	-1045	-1191	2237	
8930	-4773	-4176	-1021	-1215	2235	
8925	-4866	-4078	-998	-1238	2234	
8921	-4958	-3979	-973	-1261	2233	
8913	-5049	-3880	-949	-1284	2230	
8904	-5139	-3781	-924	-1306	2228	
8893	-5229	-3680	-898	-1329	2225	
8880	-5318	-3580	-874	-1351	2223	
8867	-5405	-3479	-847	-1372	2219	
8853	-5494	-3376	-822	-1394	2215	
8838	-5580	-3274	-798	-1416	2211	
8820	-5665	-3171	-773	-1438	2206	
8801	-5750	-3068	-746	-1457	2202	
8783	-5834	-2964	-721	-1478	2196	
8762	-5917	-2860	-697	-1500	2189	
8739	-5998	-2755	-670	-1519	2185	
8716	-6080	-2650	-642	-1540	2180	
8691	-6161	-2546	-617	-1561	2173	
8664	-6240	-2439	-590	-1579	2167	
8636	-6318	-2331	-564	-1599	2158	
8608	-6395	-2224	-537	-1618	2151	
8576	-6472	-2118	-511	-1636	2144	
8545	-6547	-2011	-486	-1656	2135	
8513	-6621	-1903	-459	-1673	2128	
8479	-6694	-1796	-431	-1691	2119	
8443	-6767	-1687	-405	-1709	2109	
8407	-6840	-1579	-379	-1726	2100	
8369	-6910	-1471	-351	-1745	2089	
8330	-6979	-1362	-325	-1763	2080	
8290	-7047	-1253	-299	-1779	2070	
8247	-7114	-1144	-271	-1796	2059	
8204	-7180	-1035	-244	-1812	2050	
8159	-7246	-924	-218	-1829	2037	
8115	-7310	-815	-191	-1844	2026	
8068	-7373	-706	-165	-1860	2014	
8020	-7435	-595	-139	-1875	2001	
7971	-7496	-486	-112	-1890	1989	
7922	-7556	-376	-87	-1905	1976	
7869	-7613	-266	-62	-1920	1963	
7816	-7671	-157	-33	-1933	1950	
7763	-7727	-46	-8	-1947	1937	
7707	-7781	64	15	-1962	1922	
7651	-7836	174	43	-1975	1908	
7594	-7889	285	71	-1987	1894	
7535	-7940	395	101	-1999	1878	
7475	-7990	505	134	-2011	1864	
7415	-8039	615	167	-2024	1849	
7352	-8087	725	196	-2036	1833	
7289	-8134	834	223	-2048	1817	
7226	-8179	944	247	-2059	1801	
7161	-8223	1053	272	-2070	1784	
7095	-8266	1162	300	-2080	1767	
7028	-8308	1271	327	-2090	1750	
6959	-8348	1380	354	-2102	1733	
6890	-8387	1489	382	-2111	1715	
6819	-8426	1597	409	-2118	1699	
6747	-8462	1705	436	-2128	1681	
6675	-8496	1814	462	-2137	1662	
6603	-8531	1922	489	-2145	1643	
6529	-8563	2030	516	-2153	1624	
6453	-8595	2137	544	-2160	1607	
6377	-8625	2244	570	-2168	1587	
6299	-8654	2352	594	-2177	1566	
6220	-8681	2458	622	-2182	1548	
6141	-8708	2563	648	-2187	1528	
6062	-8733	2668	673	-2195	1507	
5981	-8756	2773	700	-2201	1488	
5898	-8778	2879	726	-2205	1468	
5815	-8800	2983	751	-2211	1446	
5732	-8819	3086	777	-2216	1425	
5648	-8837	3188	803	-2219	1404	
5562	-8855	3291	828	-2224	1382	
5476	-8870	3393	855	-2227	1361	
5389	-8885	3495	879	-2230	1338	
5300	-8897	3597	903	-2233	1317	
5210	-8909	3697	929	-2235	1295	
5122	-8919	3797	954	-2237	1272	
5031	-8927	3897	978	-2240	1250	
4939	-8937	3996	1002	-2241	1227	
4849	-8942	4094	1026	-2243	1205	
4756	-8947	4192	1051	-2244	1181	
4663	-8951	4289	1075	-2245	1158	
4569	-8952	4385	1099	-2247	1134	
4475	-8953	4481	1122	-2245	1110	
4380	-8954	4576	1146	-2245	1087	
4283	-8951	4671	1170	-2245	1061	
4186	-8948	4765	1191	-2244	1037	
4089	-8943	4858	1216	-2241	1014	
3991	-8938	4950	1240	-2239	989	
3891	-8930	5041	1260	-2238	964	
3793	-8920	5133	1285	-2234	940	
3694	-8912	5222	1307	-2233	917	
3594	-8900	5311	1327	-2231	890	
3493	-8888	5400	1350	-2227	864	
3392	-8875	5487	1371	-2222	840	
3290	-8858	5575	1392	-2219	813	
3187	-8842	5660	1414	-2215	788	
3083	-8824	5746	1435	-2209	763	
2980	-8804	5830	1456	-2205	738	
2877	-8783	5913	1476	-2199	711	
2773	-8762	5996	1495	-2195	684	
2668	-8738	6077	1515	-2189	658	
2563	-8714	6158	1537	-2181	632	
2457	-8688	6238	1557	-2175	607	
2351	-8660	6317	1575	-2168	579	
2246	-8631	6395	1594	-2161	553	
2140	-8603	6471	1614	-2153	528	
2033	-8571	6547	1632	-2145	501	
1925	-8538	6623	1651	-2137	474	
1817	-8505	6697	1670	-2128	448	
1710	-8470	6769	1686	-2120	421	
1602	-8433	6841	1704	-2110	393	
1493	-8396	6913	1722	-2100	367	
1385	-8357	6982	1738	-2091	341	
1278	-8318	7051	1756	-2080	314	
1167	-8277	7118	1773	-2069	286	
1058	-8234	7185	1788	-2060	259	
949	-8190	7251	1804	-2048	233	
839	-8144	7315	1820	-2035	207	
729	-8098	7378	1835	-2025	181	
620	-8051	7440	1852	-2012	154	
510	-8002	7502	1867	-2000	128	
401	-7952	7562	1882	-1988	104	
292	-7901	7621	1896	-1974	79	
181	-7848	7678	1909	-1961	53	
72	-7795	7735	1924	-1947	29	
-38	-7741	7791	1939	-1934	5	
-148	-7684	7845	1952	-1919	-24	
-256	-7628	7898	1964	-1904	-61	
-367	-7570	7950	1976	-1890	-103	
-476	-7511	8002	1988	-1875	-145	
-587	-7450	8050	2000	-1861	-172	
-697	-7388	8097	2012	-1845	-189	
-806	-7326	8145	2025	-1828	-207	
-916	-7262	8190	2035	-1814	-231	
-1024	-7197	8235	2045	-1798	-261	
-1133	-7131	8279	2056	-1779	-292	
-1242	-7063	8320	2066	-1762	-320	
-1351	-6997	8362	2077	-1746	-346	
-1460	-6926	8402	2087	-1728	-373	
-1569	-6856	8440	2096	-1709	-399	
-1676	-6785	8477	2107	-1691	-425	
-1783	-6713	8513	2116	-1674	-452	
-1889	-6641	8547	2121	-1656	-480	
-1997	-6566	8581	2130	-1638	-507	
-2104	-6491	8613	2138	-1617	-535	
-2208	-6415	8643	2145	-1598	-561	
-2314	-6337	8672	2152	-1579	-587	
-2420	-6259	8700	2158	-1560	-613	
-2526	-6180	8726	2165	-1541	-641	
-2632	-6100	8753	2171	-1519	-667	
-2736	-6018	8776	2176	-1500	-693	
-2840	-5937	8798	2181	-1480	-718	
-2946	-5855	8820	2188	-1457	-744	
-3051	-5771	8840	2193	-1435	-771	
-3153	-5686	8860	2196	-1415	-796	
-3255	-5601	8877	2201	-1395	-821	
-3357	-5515	8893	2205	-1372	-845	
-3459	-5428	8907	2208	-1350	-872	
-3559	-5340	8921	2212	-1329	-898	
-3660	-5251	8933	2214	-1306	-922	
-3761	-5162	8943	2216	-1283	-947	
-3860	-5073	8953	2220	-1262	-972	
-3958	-4982	8960	2221	-1238	-997	
-4057	-4890	8968	2221	-1216	-1022	
-4156	-4797	8973	2223	-1193	-1046	
-4252	-4705	8977	2224	-1168	-1070	
-4348	-4610	8980	2223	-1146	-1094	
-4444	-4516	8980	2224	-1121	-1118	
-4538	-4420	8981	2224	-1098	-1141	
-4632	-4324	8979	2224	-1073	-1165	
-4727	-4227	8976	2223	-1049	-1188	
-4819	-4131	8973	2222	-1025	-1211	
-4911	-4033	8966	2220	-1000	-1235	
-5004	-3934	8960	2218	-976	-1256	
-5094	-3834	8951	2216	-951	-1279	
-5184	-3734	8943	2213	-926	-1302	
-5274	-3634	8932	2211	-901	-1323	
-5364	-3534	8919	2208	-874	-1345	
-5451	-3432	8905	2204	-849	-1368	
-5537	-3331	8891	2200	-825	-1389	
-5623	-3228	8874	2196	-798	-1410	
-5707	-3124	8856	2192	-773	-1432	
-5792	-3021	8838	2186	-748	-1453	
-5875	-2918	8818	2180	-722	-1474	
-5958	-2814	8795	2175	-696	-1494	
-6041	-2708	8773	2171	-669	-1514	
-6121	-2604	8749	2164	-642	-1534	
-6202	-2500	8724	2157	-617	-1554	
-6279	-2393	8697	2150	-590	-1573	
-6356	-2286	8668	2144	-563	-1592	
-6434	-2181	8639	2136	-536	-1612	
-6510	-2073	8609	2127	-509	-1631	
-6585	-1965	8576	2121	-483	-1648	
-6660	-1859	8542	2112	-456	-1667	
-6732	-1750	8508	2102	-430	-1685	
-6804	-1643	8472	2094	-404	-1704	
-6876	-1534	8436	2084	-377	-1721	
-6946	-1426	8397	2075	-350	-1738	
-7014	-1318	8357	2065	-322	-1756	
-7082	-1209	8316	2054	-296	-1773	
-7149	-1099	8274	2044	-269	-1789	
-7215	-990	8230	2033	-242	-1805	
-7279	-881	8185	2021	-215	-1821	
-7343	-770	8139	2010	-187	-1838	
-7405	-662	8092	1998	-161	-1852	
-7465	-552	8044	1985	-135	-1866	
-7527	-442	7994	1972	-109	-1883	
-7585	-332	7944	1960	-84	-1897	
-7645	-221	7892	1947	-58	-1911	
-7701	-112	7839	1934	-33	-1926	
-7757	-2	7784	1921	-7	-1938	
-7811	108	7728	1907	19	-1952	
-7864	219	7672	1891	46	-1966	
-7917	328	7614	1878	75	-1978	
-7968	438	7555	1863	108	-1991	
-8019	548	7495	1847	145	-2004	
-8065	658	7433	1833	179	-2015	
-8112	768	7371	1816	207	-2027	
-8159	876	7307	1800	230	-2039	
-8203	987	7242	1784	253	-2050	
-8247	1096	7177	1768	278	-2061	
-8290	1204	7110	1751	305	-2070	
-8332	1314	7043	1734	334	-2080	
-8372	1422	6974	1718	362	-2090	
-8410	1530	6904	1699	390	-2100	
-8447	1640	6833	1683	418	-2108	
-8483	1747	6761	1663	443	-2117	
-8518	1854	6688	1645	471	-2126	
-8551	1963	6613	1629	499	-2133	
-8584	2070	6539	1609	525	-2143	
-8614	2176	6463	1589	551	-2151	
-8645	2283	6386	1570	577	-2156	
-8674	2389	6309	1552	605	-2163	
-8700	2494	6229	1531	630	-2171	
-8726	2600	6149	1512	658	-2177	
-8750	2706	6068	1492	683	-2182	
-8773	2810	5987	1471	709	-2188	
-8795	2915	5904	1451	737	-2194	
-8814	3019	5820	1429	762	-2199	
-8835	3122	5736	1409	787	-2203	
-8852	3225	5651	1389	814	-2206	
-8868	3328	5565	1367	839	-2211	
-8884	3430	5478	1346	864	-2215	
-8898	3530	5390	1323	890	-2218	
-8909	3631	5301	1302	915	-2222	
-8921	3733	5213	1279	939	-2223	
-8933	3832	5124	1256	964	-2225	
-8939	3931	5031	1233	989	-2228	
-8945	4029	4939	1211	1013	-2229	
-8952	4128	4848	1189	1038	-2229	
-8956	4226	4754	1164	1062	-2232	
-8959	4322	4659	1142	1086	-2232	
-8961	4418	4566	1118	1111	-2231	
-8961	4513	4470	1093	1133	-2233	
-8961	4607	4374	1071	1157	-2232	
-8959	4702	4279	1046	1181	-2231	
-8955	4796	4181	1023	1205	-2229	
-8949	4889	4083	998	1228	-2227	
-8943	4980	3984	973	1250	-2226	
-8935	5071	3886	949	1272	-2223	
-8926	5162	3786	923	1295	-2222	
-8916	5252	3686	899	1318	-2219	
-8905	5340	3586	875	1340	-2216	
-8892	5428	3483	850	1362	-2213	
-8876	5515	3381	823	1384	-2208	
-8860	5601	3280	798	1405	-2204	
-8844	5688	3177	773	1425	-2201	
-8826	5772	3073	748	1447	-2195	
-8806	5856	2970	722	1469	-2190	
-8784	5940	2866	695	1488	-2185	
-8761	6021	2761	669	1508	-2179	
-8737	6102	2655	644	1529	-2173	
-8713	6182	2550	618	1549	-2166	
-8687	6261	2446	592	1570	-2160	
-8658	6340	2338	567	1588	-2152	
-8630	6417	2232	540	1607	-2145	
-8601	6493	2125	513	1626	-2137	
-8568	6570	2017	486	1645	-2130	
-8536	6644	1909	459	1664	-2122	
-8501	6717	1802	434	1680	-2112	
-8466	6790	1694	407	1701	-2104	
-8430	6862	1585	380	1718	-2095	
-8392	6932	1477	353	1733	-2084	
-8351	7001	1368	327	1751	-2074	
-8311	7069	1258	301	1768	-2064	
-8270	7136	1149	273	1785	-2054	
-8227	7203	1040	248	1801	-2042	
-8183	7268	931	220	1818	-2032	
-8138	7332	821	194	1834	-2021	
-8091	7394	711	169	1849	-2008	
-8043	7457	602	143	1864	-1996	
-7993	7518	491	118	1880	-1982	
-7942	7577	381	92	1896	-1970	
-7892	7636	272	66	1910	-1958	
-7839	7693	161	40	1925	-1942	
-7785	7749	52	12	1938	-1930	
-7730	7804	-59	-17	1950	-1917	
-7674	7858	-170	-50	1964	-1903	
-7618	7911	-279	-84	1977	-1888	
-7560	7961	-388	-119	1988	-1874	
-7500	8012	-499	-146	2001	-1859	
-7439	8061	-608	-168	2014	-1842	
-7377	8107	-719	-193	2025	-1827	
-7314	8155	-828	-218	2037	-1810	
-7250	8200	-937	-245	2047	-1795	
-7185	8244	-1047	-275	2058	-1780	
-7118	8288	-1157	-302	2070	-1763	
-7050	8329	-1266	-327	2081	-1745	
-6983	8369	-1375	-354	2090	-1727	
-6913	8408	-1483	-384	2098	-1711	
-6843	8447	-1592	-410	2108	-1693	
-6772	8483	-1700	-436	2116	-1675	
-6699	8518	-1807	-463	2126	-1657	
-6626	8552	-1915	-490	2135	-1638	
-6551	8584	-2023	-517	2141	-1620	
-6476	8616	-2130	-543	2150	-1601	
-6401	8647	-2236	-570	2158	-1582	
-6323	8676	-2343	-597	2164	-1563	
-6243	8703	-2450	-622	2171	-1543	
-6164	8729	-2556	-648	2178	-1522	
-6085	8753	-2662	-676	2183	-1503	
-6002	8777	-2767	-701	2188	-1483	
-5921	8800	-2871	-726	2194	-1461	
-5840	8821	-2975	-753	2199	-1440	
-5755	8841	-3079	-778	2204	-1420	
-5670	8858	-3181	-804	2207	-1400	
-5583	8875	-3285	-829	2211	-1377	
-5498	8892	-3387	-855	2216	-1354	
-5411	8906	-3488	-880	2219	-1333	
-5323	8919	-3590	-904	2222	-1311	
-5233	8929	-3691	-930	2225	-1289	
-5143	8940	-3791	-954	2228	-1267	
-5054	8949	-3890	-978	2229	-1244	
-4963	8957	-3989	-1004	2231	-1222	
-4872	8963	-4087	-1028	2232	-1198	
-4780	8968	-4185	-1051	2232	-1175	
-4686	8972	-4283	-1076	2233	-1152	
-4593	8974	-4379	-1100	2234	-1127	
-4497	8974	-4474	-1123	2234	-1104	
-4401	8973	-4570	-1147	2235	-1081	
-4305	8971	-4665	-1170	2234	-1057	
-4207	8969	-4758	-1193	2232	-1033	
-4112	8964	-4852	-1215	2231	-1008	
-4015	8958	-4944	-1237	2230	-983	
-3914	8950	-5035	-1261	2228	-958	
-3815	8942	-5127	-1282	2227	-934	
-3715	8933	-5216	-1305	2223	-907	
-3614	8922	-5305	-1328	2219	-882	
-3514	8908	-5394	-1351	2216	-858	
-3413	8894	-5481	-1372	2212	-833	
-3311	8879	-5568	-1392	2208	-808	
-3208	8862	-5655	-1415	2203	-782	
-3105	8844	-5740	-1435	2199	-757	
-3002	8825	-5824	-1457	2193	-733	
-2898	8804	-5907	-1478	2186	-706	
-2795	8782	-5990	-1496	2183	-679	
-2690	8760	-6071	-1516	2179	-652	
-2583	8736	-6151	-1536	2171	-627	
-2478	8709	-6232	-1554	2165	-599	
-2373	8681	-6312	-1575	2157	-573	
-2266	8652	-6388	-1596	2149	-548	
-2160	8623	-6465	-1614	2142	-521	
-2054	8592	-6541	-1632	2133	-493	
-1947	8560	-6616	-1650	2125	-467	
-1839	8526	-6690	-1668	2117	-441	
-1734	8491	-6762	-1687	2108	-414	
-1626	8454	-6835	-1704	2099	-386	
-1517	8416	-6906	-1722	2090	-360	
-1409	8378	-6976	-1741	2078	-333	
-1299	8338	-7045	-1756	2069	-307	
-1192	8297	-7112	-1771	2060	-281	
-1083	8253	-7179	-1789	2048	-253	
-974	8209	-7244	-1805	2037	-226	
-864	8165	-7309	-1821	2025	-200	
-753	8119	-7373	-1837	2013	-174	
-644	8072	-7435	-1852	2001	-147	
-534	8023	-7495	-1867	1989	-121	
-425	7972	-7555	-1881	1977	-94	
-315	7921	-7615	-1896	1964	-69	
-204	7869	-7672	-1910	1951	-44	
-95	7815	-7729	-1924	1936	-19	
15	7761	-7784	-1940	1921	4	
124	7705	-7838	-1951	1909	29	
234	7648	-7892	-1962	1896	57	
344	7590	-7944	-1977	1879	89	
452	7530	-7995	-1989	1864	130	
563	7470	-8044	-1999	1849	169	
673	7409	-8092	-2011	1833	201	
782	7346	-8140	-2024	1818	224	
892	7283	-8185	-2035	1802	243	
999	7218	-8230	-2047	1785	265	
1109	7151	-8273	-2056	1769	292	
1218	7084	-8314	-2067	1753	322	
1328	7016	-8356	-2078	1734	351	
1436	6947	-8396	-2085	1717	379	
1544	6877	-8434	-2095	1701	405	
1654	6806	-8470	-2104	1682	430	
1760	6734	-8506	-2113	1663	458	
1868	6660	-8542	-2121	1646	486	
1976	6587	-8574	-2130	1627	513	
2083	6511	-8606	-2138	1607	540	
2189	6434	-8637	-2144	1588	565	
2294	6358	-8666	-2152	1569	592	
2400	6279	-8694	-2158	1549	618	
2506	6200	-8721	-2164	1529	645	
2611	6119	-8746	-2172	1509	672	
2717	6039	-8770	-2177	1490	698	
2821	5959	-8793	-2181	1469	723	
2924	5875	-8814	-2187	1448	748	
3028	5791	-8835	-2192	1428	775	
3131	5707	-8853	-2195	1407	801	
3233	5621	-8870	-2201	1384	826	
3336	5535	-8888	-2206	1362	852	
3438	5448	-8902	-2208	1342	878	
3538	5360	-8915	-2211	1317	903	
3638	5272	-8927	-2214	1295	928	
3739	5183	-8937	-2217	1274	953	
3839	5093	-8947	-2219	1251	977	
3937	5001	-8956	-2220	1229	1003	
4035	4909	-8962	-2223	1204	1026	
4134	4816	-8967	-2224	1181	1050	
4230	4723	-8972	-2224	1160	1075	
4328	4630	-8974	-2224	1136	1099	
4423	4536	-8975	-2225	1111	1122	
4517	4440	-8975	-2225	1087	1146	
4611	4345	-8973	-2224	1063	1171	
4705	4248	-8970	-2223	1039	1192	
4799	4150	-8966	-2221	1016	1216	
4891	4053	-8962	-2220	991	1240	
4982	3954	-8954	-2219	964	1261	
5074	3855	-8945	-2216	940	1284	
5163	3755	-8937	-2214	915	1307	
5252	3655	-8926	-2211	889	1329	
5339	3555	-8914	-2207	866	1351	
5428	3453	-8901	-2202	841	1373	
5517	3351	-8885	-2201	814	1393	
5601	3248	-8867	-2196	789	1415	
5686	3146	-8850	-2189	764	1437	
5771	3043	-8833	-2187	738	1458	
5853	2939	-8812	-2181	712	1479	
5936	2835	-8789	-2175	686	1499	
6019	2730	-8767	-2171	660	1519	
6099	2625	-8743	-2163	633	1539	
6179	2520	-8717	-2157	607	1560	
6258	2413	-8690	-2150	580	1579	
6334	2307	-8663	-2143	554	1597	
6412	2201	-8633	-2135	528	1617	
6489	2095	-8602	-2126	502	1636	
6563	1986	-8569	-2120	474	1654	
6637	1879	-8537	-2111	448	1674	
6710	1771	-8503	-2102	420	1691	
6781	1663	-8466	-2093	392	1708	
6854	1555	-8429	-2083	367	1727	
6924	1447	-8390	-2074	342	1744	
6993	1337	-8350	-2064	313	1760	
7061	1229	-8310	-2053	287	1779	
7127	1120	-8268	-2043	260	1794	
7193	1010	-8225	-2032	233	1811	
7258	901	-8179	-2020	208	1827	
7321	792	-8133	-2009	180	1842	
7383	682	-8086	-1996	155	1859	
7444	573	-8038	-1983	130	1873	
7506	462	-7989	-1972	103	1888	
7565	352	-7938	-1960	76	1903	
7622	242	-7886	-1948	51	1917	
7680	133	-7832	-1934	26	1931	
7735	23	-7778	-1920	-2	1944	
7789	-87	-7722	-1906	-32	1958	
7841	-198	-7665	-1892	-66	1970	
7894	-308	-7608	-1876	-105	1983	
7946	-417	-7549	-1863	-139	1996	
7994	-528	-7489	-1848	-164	2009	
8042	-637	-7427	-1832	-187	2021	
8091	-746	-7365	-1816	-208	2032	
8137	-855	-7301	-1800	-234	2044	
8181	-966	-7236	-1786	-265	2054	
8225	-1076	-7171	-1770	-293	2066	
8267	-1184	-7104	-1751	-321	2076	
8308	-1293	-7037	-1734	-347	2085	
8348	-1401	-6967	-1717	-374	2096	
8387	-1510	-6897	-1700	-401	2106	
8423	-1618	-6827	-1682	-428	2115	
8460	-1726	-6755	-1663	-456	2122	
8496	-1834	-6682	-1646	-483	2130	
8527	-1941	-6607	-1628	-509	2140	
8561	-2048	-6532	-1609	-536	2147	
8591	-2155	-6456	-1591	-564	2154	
8619	-2261	-6380	-1571	-590	2162	
8650	-2367	-6302	-1551	-616	2169	
8677	-2474	-6223	-1531	-643	2176	
8704	-2579	-6144	-1512	-669	2183	
8727	-2685	-6061	-1491	-695	2190	
8748	-2788	-5980	-1470	-721	2194	
8771	-2892	-5898	-1450	-747	2200	
8791	-2997	-5814	-1429	-772	2204	
8809	-3101	-5730	-1409	-799	2208	
8829	-3203	-5645	-1387	-825	2213	
8847	-3306	-5558	-1365	-850	2216	
8860	-3407	-5472	-1343	-875	2221	
8873	-3508	-5384	-1322	-900	2224	
8886	-3610	-5296	-1300	-925	2227	
8898	-3710	-5207	-1277	-950	2229	
8908	-3812	-5115	-1256	-976	2231	
8915	-3910	-5025	-1232	-1000	2234	
8921	-4007	-4934	-1209	-1024	2235	
8928	-4106	-4841	-1186	-1049	2236	
8932	-4203	-4748	-1163	-1073	2237	
8935	-4300	-4654	-1140	-1097	2238	
8937	-4397	-4559	-1117	-1122	2238	
8939	-4491	-4464	-1092	-1144	2238	
8938	-4586	-4369	-1069	-1168	2239	
8935	-4681	-4273	-1044	-1191	2237	
8931	-4775	-4175	-1020	-1214	2236	
8925	-4866	-4077	-997	-1238	2234	
8918	-4959	-3978	-973	-1261	2233	
8911	-5050	-3879	-948	-1284	2230	
8900	-5140	-3779	-923	-1306	2228	
8891	-5230	-3678	-897	-1328	2225	
8881	-5319	-3578	-873	-1351	2221	
8867	-5407	-3477	-849	-1372	2218	
8852	-5494	-3375	-824	-1394	2214	
8836	-5581	-3273	-798	-1416	2210	
8819	-5665	-3169	-772	-1435	2206	
8802	-5751	-3066	-746	-1457	2201	
8782	-5835	-2963	-720	-1478	2197	
8762	-5917	-2860	-694	-1499	2191	
8739	-5999	-2753	-669	-1520	2184	
8714	-6081	-2648	-642	-1540	2179	
8689	-6162	-2543	-616	-1560	2172	
8663	-6240	-2436	-591	-1580	2166	
8636	-6318	-2331	-564	-1600	2158	
8606	-6396	-2224	-537	-1618	2151	
8577	-6473	-2116	-513	-1638	2144	
8545	-6548	-2009	-486	-1655	2136	
8511	-6623	-1902	-459	-1674	2127	
8478	-6696	-1794	-432	-1694	2117	
8443	-6768	-1687	-404	-1710	2110	
8405	-6840	-1579	-378	-1727	2100	
8367	-6910	-1470	-352	-1747	2089	
8328	-6980	-1361	-325	-1763	2081	
8288	-7048	-1253	-298	-1778	2071	
8246	-7116	-1143	-271	-1796	2059	
8204	-7182	-1034	-244	-1812	2049	
8160	-7246	-924	-218	-1829	2038	
8114	-7311	-814	-192	-1845	2026	
8067	-7374	-705	-165	-1860	2014	
8019	-7436	-594	-139	-1875	2001	
7970	-7497	-484	-113	-1892	1989	
7920	-7556	-375	-87	-1906	1975	
7869	-7615	-264	-60	-1919	1963	
7816	-7672	-154	-34	-1934	1949	
7762	-7728	-44	-11	-1948	1935	
7706	-7783	66	16	-1961	1922	
7650	-7836	175	42	-1975	1907	
7594	-7889	286	70	-1988	1893	
7536	-7941	396	102	-2000	1879	
7476	-7990	507	135	-2012	1864	
7415	-8040	616	169	-2025	1849	
7353	-8087	725	199	-2036	1832	
7291	-8134	836	224	-2048	1816	
7225	-8179	946	249	-2058	1802	
7160	-8224	1054	272	-2069	1785	
7094	-8267	1163	300	-2080	1767	
7027	-8308	1273	329	-2091	1752	
6960	-8349	1382	356	-2101	1734	
6891	-8388	1490	383	-2111	1716	
6819	-8425	1598	409	-2120	1698	
6748	-8462	1707	437	-2128	1680	
6676	-8497	1814	464	-2137	1662	
6603	-8531	1923	490	-2146	1644	
6529	-8563	2031	517	-2153	1626	
6452	-8595	2138	543	-2161	1607	
6377	-8625	2246	570	-2169	1588	
6298	-8654	2353	596	-2175	1568	
6219	-8682	2459	622	-2181	1547	
6141	-8708	2564	649	-2187	1529	
6060	-8733	2670	675	-2193	1510	
5979	-8757	2775	701	-2199	1488	
5898	-8778	2879	726	-2206	1467	
5816	-8800	2983	752	-2210	1447	
5731	-8819	3086	777	-2214	1425	
5645	-8838	3190	803	-2220	1404	
5560	-8855	3292	829	-2222	1382	
5474	-8871	3395	854	-2227	1361	
5387	-8885	3497	879	-2230	1339	
5299	-8898	3597	903	-2234	1316	
5211	-8910	3698	928	-2237	1294	
5121	-8920	3799	954	-2238	1272	
5030	-8927	3898	979	-2240	1250	
4938	-8936	3996	1003	-2242	1227	
4847	-8942	4096	1027	-2245	1203	
4755	-8947	4192	1051	-2245	1180	
4662	-8951	4290	1075	-2245	1156	
4567	-8953	4388	1100	-2245	1133	
4472	-8953	4482	1123	-2245	1111	
4377	-8953	4577	1146	-2246	1086	
4281	-8952	4673	1170	-2245	1063	
4184	-8948	4767	1193	-2243	1038	
4086	-8944	4859	1216	-2242	1012	
3989	-8938	4951	1239	-2240	989	
3890	-8929	5043	1262	-2237	964	
3791	-8921	5134	1283	-2236	939	
3692	-8911	5224	1306	-2234	915	
3591	-8900	5313	1329	-2230	890	
3490	-8888	5402	1350	-2227	864	
3389	-8874	5489	1372	-2223	840	
3287	-8858	5576	1393	-2218	814	
3185	-8841	5661	1415	-2215	788	
3083	-8823	5746	1435	-2210	762	
2979	-8804	5832	1457	-2205	735	
2875	-8783	5915	1476	-2200	710	
2770	-8761	5997	1498	-2193	685	
2665	-8738	6079	1518	-2187	659	
2560	-8714	6160	1536	-2181	632	
2456	-8688	6240	1558	-2173	606	
2351	-8660	6318	1576	-2167	579	
2244	-8632	6396	1595	-2162	552	
2138	-8601	6472	1614	-2153	526	
2031	-8570	6548	1632	-2144	501	
1925	-8538	6625	1650	-2136	474	
1818	-8505	6697	1669	-2127	447	
1709	-8469	6769	1687	-2119	421	
1602	-8434	6843	1705	-2109	393	
1493	-8396	6913	1722	-2100	367	
1383	-8356	6983	1739	-2090	341	
1276	-8317	7051	1756	-2079	314	
1166	-8275	7119	1773	-2069	287	
1056	-8233	7186	1792	-2057	261	
948	-8189	7252	1806	-2047	234	
838	-8144	7316	1820	-2038	206	
728	-8097	7379	1837	-2024	180	
620	-8049	7442	1852	-2013	154	
510	-8001	7503	1867	-2001	129	
400	-7951	7563	1881	-1986	103	
291	-7900	7621	1896	-1974	78	
181	-7848	7679	1911	-1961	53	
73	-7795	7737	1924	-1947	28	
-38	-7740	7792	1938	-1935	3	
-149	-7684	7845	1952	-1919	-25	
-258	-7627	7898	1964	-1904	-61	
-369	-7569	7951	1975	-1891	-106	
-479	-7511	8001	1988	-1876	-145	
-587	-7450	8051	2001	-1859	-171	
-697	-7387	8100	2012	-1845	-188	
-806	-7325	8145	2024	-1829	-206	
-916	-7261	8192	2036	-1812	-232	
-1027	-7196	8237	2047	-1796	-262	
-1135	-7131	8280	2057	-1780	-292	
-1244	-7063	8321	2067	-1763	-321	
-1353	-6995	8362	2076	-1745	-345	
-1461	-6925	8401	2085	-1730	-372	
-1569	-6856	8439	2096	-1710	-401	
-1677	-6786	8477	2106	-1691	-427	
-1785	-6713	8513	2113	-1675	-455	
-1892	-6639	8548	2122	-1654	-481	
-1997	-6565	8580	2131	-1636	-507	
-2104	-6489	8612	2137	-1617	-535	
-2212	-6413	8643	2145	-1598	-560	
