-2130	-6472	8620	2140	-1614	-540	
-2236	-6395	8650	2146	-1595	-566	
-2341	-6319	8678	2154	-1575	-593	
-2446	-6241	8707	2161	-1556	-621	
-2553	-6161	8733	2167	-1536	-646	
-2657	-6080	8758	2173	-1514	-672	
-2761	-5999	8783	2178	-1495	-700	
-2868	-5917	8804	2184	-1475	-725	
-2972	-5834	8824	2189	-1452	-750	
-3074	-5751	8844	2194	-1431	-776	
-3177	-5666	8863	2199	-1410	-801	
-3280	-5580	8881	2202	-1388	-827	
-3381	-5494	8896	2206	-1368	-853	
-3484	-5407	8911	2209	-1345	-879	
-3585	-5318	8924	2211	-1323	-904	
-3685	-5230	8936	2216	-1301	-928	
-3783	-5141	8947	2217	-1278	-954	
-3883	-5050	8955	2219	-1256	-979	
-3982	-4960	8962	2222	-1233	-1003	
-4080	-4868	8969	2222	-1211	-1028	
-4178	-4774	8975	2224	-1186	-1051	
-4275	-4682	8977	2225	-1163	-1075	
-4371	-4588	8979	2224	-1139	-1100	
-4467	-4493	8980	2225	-1115	-1123	
-4562	-4398	8981	2225	-1091	-1145	
-4656	-4301	8979	2224	-1067	-1170	
-4750	-4204	8976	2222	-1044	-1194	
-4843	-4106	8972	2221	-1020	-1217	
-4934	-4008	8965	2220	-995	-1241	
-5025	-3909	8958	2218	-971	-1263	
-5116	-3810	8950	2216	-945	-1285	
-5206	-3710	8940	2213	-920	-1307	
-5294	-3610	8929	2210	-895	-1329	
-5385	-3509	8916	2205	-869	-1351	
-5473	-3408	8902	2202	-844	-1373	
-5557	-3306	8886	2199	-819	-1395	
-5642	-3203	8869	2195	-792	-1415	
-5727	-3100	8852	2190	-767	-1436	
-5813	-2996	8833	2185	-742	-1458	
-5897	-2893	8812	2179	-715	-1478	
-5978	-2788	8791	2174	-689	-1498	
-6058	-2682	8767	2169	-664	-1519	
-6140	-2578	8742	2162	-638	-1539	
-6219	-2473	8717	2155	-611	-1558	
-6298	-2367	8690	2149	-584	-1578	
-6376	-2260	8662	2141	-558	-1598	
-6453	-2153	8632	2132	-532	-1617	
-6529	-2048	8600	2126	-504	-1636	
-6603	-1941	8567	2118	-476	-1655	
-6678	-1834	8534	2109	-451	-1673	
-6750	-1725	8500	2099	-424	-1691	
-6822	-1616	8464	2090	-398	-1708	
-6893	-1508	8425	2082	-371	-1725	
-6963	-1400	8388	2071	-343	-1743	
-7031	-1292	8348	2062	-317	-1759	
-7098	-1182	8306	2052	-290	-1777	
-7164	-1073	8263	2041	-263	-1793	
-7230	-964	8219	2030	-235	-1808	
-7295	-853	8175	2019	-209	-1824	
-7358	-744	8128	2006	-183	-1841	
-7420	-635	8081	1996	-155	-1857	
-7481	-526	8032	1984	-128	-1871	
-7541	-416	7982	1969	-103	-1887	
-7600	-305	7931	1957	-77	-1901	
-7658	-196	7879	1944	-52	-1914	
-7714	-86	7826	1931	-26	-1929	
-7768	24	7770	1917	-1	-1943	
-7822	135	7714	1902	25	-1956	
-7876	244	7658	1888	52	-1969	
-7928	354	7599	1874	83	-1981	
-7978	464	7540	1858	117	-1994	
-8028	574	7481	1844	153	-2006	
-8077	684	7419	1829	187	-2015	
-8123	794	7356	1813	214	-2029	
-8170	904	7292	1798	237	-2041	
-8215	1013	7228	1782	260	-2051	
-8257	1121	7162	1765	285	-2062	
-8299	1231	7095	1748	313	-2072	
-8340	1341	7026	1730	341	-2082	
-8379	1449	6956	1713	369	-2092	
-8417	1556	6887	1696	397	-2101	
-8454	1666	6816	1678	423	-2109	
-8490	1774	6743	1660	450	-2119	
-8525	1881	6670	1641	477	-2128	
-8559	1988	6595	1623	504	-2135	
-8590	2095	6520	1606	532	-2143	
-8622	2201	6444	1586	558	-2151	
-8651	2309	6367	1567	584	-2158	
-8679	2415	6289	1548	613	-2164	
-8705	2520	6210	1527	637	-2172	
-8731	2626	6130	1506	663	-2178	
-8755	2731	6048	1487	689	-2184	
-8777	2836	5967	1466	716	-2190	
-8798	2940	5883	1446	742	-2195	
-8818	3042	5800	1425	767	-2199	
-8838	3146	5716	1404	793	-2204	
-8855	3250	5630	1383	819	-2208	
-8872	3351	5544	1360	845	-2212	
-8888	3454	5457	1338	870	-2215	
-8900	3555	5369	1317	895	-2219	
-8911	3655	5280	1297	921	-2221	
-8923	3756	5191	1275	947	-2222	
-8933	3856	5101	1251	969	-2227	
-8941	3955	5010	1227	994	-2228	
-8948	4053	4918	1205	1020	-2229	
-8953	4151	4825	1183	1043	-2231	
-8957	4248	4732	1158	1068	-2232	
-8959	4345	4637	1135	1092	-2232	
-8961	4441	4543	1112	1116	-2232	
-8961	4536	4448	1089	1140	-2232	
-8961	4631	4351	1064	1163	-2232	
-8958	4725	4255	1040	1187	-2231	
-8953	4818	4158	1018	1211	-2229	
-8949	4911	4060	991	1233	-2228	
-8942	5002	3961	965	1255	-2227	
-8933	5093	3862	942	1278	-2224	
-8923	5184	3762	919	1302	-2220	
-8913	5273	3662	893	1323	-2217	
-8900	5362	3561	868	1344	-2216	
-8886	5449	3459	843	1367	-2212	
-8873	5535	3356	817	1389	-2208	
-8855	5623	3255	792	1409	-2204	
-8839	5709	3151	768	1431	-2199	
-8820	5792	3049	741	1451	-2194	
-8800	5876	2945	715	1473	-2189	
-8780	5960	2840	692	1495	-2184	
-8756	6040	2735	663	1513	-2178	
-8732	6120	2631	638	1533	-2172	
-8707	6201	2527	612	1554	-2165	
-8681	6281	2421	586	1573	-2158	
-8653	6359	2313	560	1592	-2151	
-8622	6437	2206	533	1611	-2143	
-8592	6512	2099	508	1632	-2135	
-8560	6587	1990	480	1651	-2128	
-8527	6662	1883	453	1667	-2121	
-8494	6735	1776	428	1685	-2109	
-8458	6808	1668	403	1705	-2101	
-8420	6879	1559	374	1721	-2093	
-8382	6949	1450	348	1739	-2081	
-8343	7018	1342	321	1757	-2072	
-8302	7086	1233	294	1773	-2062	
-8260	7153	1123	268	1789	-2050	
-8217	7218	1013	241	1804	-2040	
-8173	7284	904	214	1821	-2029	
-8126	7348	795	188	1837	-2018	
-8079	7409	684	162	1852	-2005	
-8030	7472	575	136	1868	-1991	
-7981	7531	466	110	1883	-1980	
-7932	7590	356	84	1898	-1967	
-7879	7649	245	60	1913	-1953	
-7826	7707	135	33	1927	-1941	
-7773	7762	24	6	1941	-1926	
-7716	7817	-86	-24	1955	-1912	
-7660	7870	-195	-58	1966	-1900	
-7604	7922	-306	-94	1978	-1886	
-7546	7974	-415	-127	1991	-1872	
-7485	8024	-525	-152	2004	-1856	
-7423	8073	-635	-174	2017	-1839	
-7361	8120	-745	-199	2028	-1825	
-7298	8165	-855	-225	2039	-1808	
-7233	8211	-964	-253	2051	-1791	
-7170	8255	-1073	-282	2060	-1775	
-7103	8297	-1183	-309	2072	-1758	
-7034	8338	-1291	-336	2082	-1742	
-6966	8379	-1401	-361	2092	-1725	
-6896	8417	-1510	-388	2102	-1706	
-6825	8455	-1617	-418	2110	-1689	
-6755	8491	-1726	-443	2119	-1670	
-6682	8526	-1833	-469	2126	-1652	
-6608	8560	-1940	-497	2135	-1634	
-6533	8592	-2048	-523	2143	-1615	
-6456	8624	-2155	-550	2151	-1596	
-6380	8654	-2263	-576	2159	-1577	
-6303	8682	-2369	-602	2165	-1558	
-6224	8709	-2476	-630	2172	-1538	
-6146	8735	-2582	-655	2178	-1519	
-6065	8760	-2686	-680	2185	-1498	
-5983	8783	-2790	-708	2190	-1477	
-5902	8805	-2896	-734	2194	-1457	
-5818	8825	-2999	-759	2199	-1436	
-5734	8844	-3102	-783	2204	-1414	
-5650	8864	-3207	-809	2209	-1393	
-5563	8880	-3309	-836	2212	-1372	
-5476	8894	-3411	-860	2217	-1349	
-5389	8909	-3513	-884	2220	-1327	
-5301	8922	-3613	-910	2222	-1305	
-5212	8933	-3714	-935	2226	-1283	
-5123	8943	-3814	-960	2226	-1261	
-5033	8951	-3913	-984	2230	-1238	
-4940	8958	-4013	-1008	2232	-1216	
-4848	8964	-4111	-1035	2231	-1193	
-4757	8969	-4209	-1058	2233	-1169	
-4664	8972	-4307	-1080	2234	-1145	
-4569	8974	-4402	-1104	2234	-1121	
-4474	8975	-4498	-1128	2234	-1097	
-4378	8973	-4593	-1151	2233	-1073	
-4282	8971	-4686	-1175	2234	-1049	
-4185	8968	-4780	-1198	2233	-1026	
-4087	8963	-4874	-1221	2230	-1001	
-3988	8957	-4965	-1243	2229	-976	
-3891	8949	-5057	-1265	2227	-951	
-3792	8940	-5148	-1289	2225	-927	
-3691	8930	-5238	-1310	2223	-902	
-3593	8918	-5326	-1333	2219	-877	
-3490	8905	-5414	-1354	2215	-853	
-3389	8892	-5503	-1376	2211	-828	
-3288	8876	-5589	-1399	2207	-802	
-3184	8859	-5674	-1419	2202	-775	
-3079	8840	-5760	-1440	2199	-750	
-2976	8819	-5844	-1460	2192	-724	
-2873	8799	-5927	-1481	2187	-698	
-2768	8777	-6010	-1502	2182	-674	
-2664	8754	-6091	-1521	2175	-646	
-2558	8729	-6172	-1540	2170	-620	
-2453	8702	-6251	-1561	2163	-595	
-2347	8675	-6329	-1580	2156	-567	
-2240	8645	-6407	-1598	2148	-540	
-2135	8616	-6484	-1618	2140	-515	
-2029	8585	-6560	-1637	2132	-489	
-1922	8552	-6634	-1655	2123	-462	
-1814	8518	-6708	-1673	2115	-434	
-1707	8482	-6780	-1692	2105	-407	
-1599	8445	-6852	-1709	2096	-381	
-1491	8408	-6923	-1726	2087	-354	
-1383	8368	-6992	-1743	2076	-327	
-1276	8328	-7060	-1760	2067	-300	
-1166	8286	-7127	-1776	2056	-273	
-1056	8243	-7194	-1793	2045	-247	
-949	8199	-7260	-1807	2035	-220	
-837	8154	-7324	-1824	2023	-192	
-727	8107	-7388	-1841	2010	-167	
-619	8059	-7449	-1856	1998	-141	
-508	8010	-7511	-1871	1985	-114	
-398	7961	-7571	-1885	1973	-88	
-288	7909	-7628	-1899	1961	-63	
-177	7856	-7687	-1913	1947	-39	
-69	7803	-7743	-1927	1933	-13	
41	7747	-7797	-1940	1920	11	
150	7692	-7851	-1955	1904	36	
260	7635	-7904	-1968	1890	64	
370	7576	-7956	-1978	1877	99	
479	7517	-8005	-1991	1861	139	
589	7455	-8055	-2004	1846	176	
698	7394	-8103	-2015	1830	207	
808	7331	-8150	-2027	1814	229	
917	7267	-8197	-2038	1797	246	
1027	7203	-8240	-2048	1781	270	
1137	7136	-8283	-2059	1766	300	
1245	7070	-8326	-2070	1747	330	
1355	7000	-8366	-2079	1731	358	
1463	6930	-8404	-2089	1713	385	
1570	6860	-8441	-2099	1695	411	
1678	6788	-8479	-2107	1678	438	
1786	6717	-8515	-2116	1660	465	
1893	6644	-8549	-2125	1640	491	
2001	6569	-8582	-2132	1621	518	
2108	6493	-8613	-2139	1603	546	
2214	6417	-8644	-2147	1583	573	
2321	6339	-8673	-2154	1564	598	
2427	6261	-8701	-2160	1545	625	
2532	6181	-8727	-2167	1524	652	
2637	6101	-8752	-2173	1505	678	
2741	6021	-8775	-2179	1484	704	
2846	5938	-8799	-2183	1463	730	
2949	5855	-8819	-2188	1442	756	
3052	5771	-8839	-2193	1423	781	
3156	5686	-8858	-2198	1401	806	
3257	5601	-8875	-2202	1378	833	
3360	5515	-8890	-2206	1357	858	
3462	5427	-8904	-2210	1334	883	
3563	5339	-8918	-2213	1313	909	
3664	5251	-8930	-2215	1291	934	
3764	5161	-8941	-2217	1268	958	
3864	5070	-8950	-2219	1246	982	
3963	4979	-8958	-2221	1222	1008	
4060	4887	-8963	-2223	1199	1031	
4157	4795	-8968	-2223	1176	1056	
4254	4702	-8973	-2223	1153	1081	
4349	4607	-8975	-2224	1129	1103	
4446	4512	-8975	-2224	1106	1128	
4541	4417	-8975	-2224	1083	1153	
4635	4321	-8973	-2223	1056	1175	
4729	4224	-8970	-2222	1032	1199	
4822	4126	-8966	-2221	1008	1221	
4913	4029	-8960	-2219	984	1244	
5005	3930	-8953	-2218	959	1267	
5096	3831	-8944	-2215	935	1290	
5185	3732	-8935	-2213	910	1313	
5275	3631	-8923	-2211	885	1334	
5362	3530	-8910	-2206	859	1357	
5449	3428	-8897	-2203	834	1378	
5536	3326	-8881	-2199	809	1398	
5622	3223	-8864	-2193	783	1421	
5707	3121	-8847	-2189	758	1442	
5791	3018	-8828	-2185	731	1463	
5874	2914	-8807	-2180	704	1484	
5957	2810	-8785	-2173	679	1504	
6038	2704	-8762	-2168	654	1524	
6118	2599	-8737	-2162	627	1544	
6198	2495	-8712	-2156	602	1564	
6277	2388	-8685	-2148	575	1584	
6355	2281	-8655	-2140	548	1603	
6431	2175	-8626	-2135	520	1621	
6507	2068	-8594	-2127	494	1639	
6581	1961	-8562	-2117	468	1658	
6654	1854	-8529	-2109	441	1678	
6728	1746	-8494	-2101	414	1696	
6800	1638	-8457	-2091	387	1713	
6872	1530	-8420	-2081	360	1732	
6941	1421	-8382	-2072	334	1749	
7009	1312	-8341	-2062	308	1765	
7077	1203	-8301	-2051	281	1782	
7142	1093	-8258	-2041	254	1799	
7208	985	-8214	-2029	228	1815	
7275	876	-8169	-2018	201	1831	
7336	765	-8122	-2008	173	1846	
7398	655	-8075	-1995	148	1861	
7459	546	-8026	-1981	123	1878	
7518	436	-7976	-1971	95	1890	
7579	326	-7925	-1958	71	1905	
7636	216	-7873	-1944	46	1922	
7692	106	-7819	-1931	19	1934	
7747	-4	-7764	-1917	-9	1948	
7802	-113	-7708	-1902	-40	1962	
7856	-224	-7652	-1888	-75	1974	
7908	-334	-7595	-1874	-113	1986	
7958	-443	-7535	-1860	-146	1999	
8006	-554	-7474	-1843	-169	2012	
8053	-664	-7413	-1829	-191	2024	
8101	-774	-7350	-1813	-214	2035	
8147	-882	-7285	-1796	-241	2046	
8190	-992	-7221	-1781	-272	2057	
8235	-1101	-7156	-1764	-300	2068	
8277	-1209	-7088	-1747	-328	2078	
8318	-1319	-7020	-1731	-353	2088	
8357	-1428	-6951	-1712	-380	2097	
8397	-1535	-6880	-1695	-409	2108	
8434	-1644	-6808	-1678	-434	2117	
8468	-1752	-6737	-1659	-462	2126	
8504	-1859	-6664	-1641	-490	2133	
8536	-1966	-6590	-1623	-516	2141	
8566	-2074	-6515	-1602	-541	2151	
8598	-2181	-6438	-1585	-568	2156	
8628	-2287	-6361	-1565	-594	2163	
8656	-2393	-6283	-1545	-621	2171	
8683	-2499	-6203	-1526	-648	2178	
8708	-2604	-6124	-1506	-674	2184	
8731	-2709	-6042	-1487	-701	2190	
8755	-2813	-5961	-1466	-727	2195	
8776	-2918	-5878	-1446	-753	2200	
8797	-3022	-5793	-1425	-779	2205	
8817	-3125	-5709	-1403	-805	2210	
8833	-3228	-5624	-1382	-831	2214	
8849	-3330	-5538	-1360	-856	2218	
8863	-3432	-5451	-1337	-880	2222	
8877	-3534	-5364	-1317	-906	2223	
8890	-3635	-5274	-1294	-931	2227	
8901	-3734	-5184	-1271	-955	2231	
8910	-3834	-5095	-1251	-982	2232	
8917	-3933	-5003	-1228	-1007	2234	
8924	-4031	-4911	-1205	-1031	2235	
8930	-4130	-4819	-1182	-1056	2236	
8934	-4226	-4726	-1158	-1078	2238	
8938	-4323	-4632	-1134	-1103	2237	
8940	-4419	-4537	-1111	-1128	2237	
8938	-4515	-4442	-1087	-1150	2238	
8936	-4609	-4346	-1064	-1175	2237	
8934	-4703	-4249	-1040	-1198	2236	
8929	-4797	-4151	-1015	-1221	2235	
8925	-4889	-4054	-991	-1244	2234	
8919	-4981	-3954	-968	-1268	2231	
8911	-5072	-3855	-943	-1291	2228	
8899	-5162	-3755	-917	-1310	2227	
8889	-5251	-3654	-893	-1333	2224	
8878	-5340	-3555	-868	-1357	2221	
8865	-5428	-3452	-841	-1378	2217	
8850	-5515	-3351	-817	-1400	2213	
8834	-5601	-3250	-792	-1421	2210	
8817	-5686	-3146	-766	-1442	2205	
8796	-5771	-3042	-741	-1464	2199	
8778	-5855	-2939	-713	-1484	2194	
8756	-5937	-2834	-688	-1504	2189	
8731	-6020	-2729	-664	-1525	2182	
8708	-6100	-2623	-637	-1544	2177	
8683	-6181	-2517	-610	-1565	2171	
8656	-6260	-2412	-584	-1585	2163	
8629	-6337	-2306	-558	-1602	2156	
8600	-6414	-2198	-531	-1623	2149	
8570	-6490	-2090	-505	-1643	2141	
8537	-6566	-1984	-478	-1660	2134	
8505	-6640	-1876	-451	-1679	2125	
8470	-6713	-1769	-425	-1697	2116	
8432	-6786	-1660	-398	-1715	2107	
8397	-6856	-1552	-371	-1731	2097	
8360	-6928	-1445	-346	-1749	2088	
8318	-6997	-1335	-318	-1768	2078	
8279	-7064	-1226	-292	-1783	2067	
8238	-7131	-1117	-265	-1801	2057	
8195	-7198	-1007	-238	-1818	2046	
8150	-7262	-898	-211	-1833	2035	
8104	-7326	-788	-186	-1848	2023	
8057	-7389	-678	-159	-1864	2010	
8009	-7451	-568	-133	-1880	1999	
7959	-7511	-458	-107	-1893	1986	
7908	-7570	-349	-79	-1909	1973	
7856	-7628	-238	-53	-1922	1961	
7804	-7685	-128	-28	-1936	1947	
7748	-7740	-17	-2	-1950	1933	
7694	-7795	93	23	-1963	1919	
7639	-7850	202	49	-1979	1905	
7580	-7900	313	78	-1991	1891	
7523	-7952	421	109	-2003	1876	
7463	-8002	532	143	-2015	1861	
7401	-8050	642	176	-2027	1846	
7340	-8098	752	205	-2039	1830	
7276	-8145	862	231	-2050	1814	
7211	-8190	971	254	-2062	1797	
7147	-8234	1080	280	-2072	1781	
7079	-8276	1190	308	-2082	1764	
7011	-8318	1300	334	-2092	1747	
6943	-8357	1408	364	-2101	1730	
6873	-8396	1516	390	-2112	1713	
6803	-8434	1624	415	-2122	1694	
6732	-8470	1733	443	-2131	1677	
6660	-8504	1841	470	-2139	1658	
6585	-8539	1949	497	-2147	1640	
6511	-8572	2058	524	-2154	1622	
6435	-8603	2165	549	-2162	1602	
6358	-8633	2272	575	-2170	1582	
6280	-8661	2378	603	-2175	1563	
6202	-8688	2484	629	-2183	1543	
6123	-8713	2589	654	-2189	1523	
6041	-8739	2694	682	-2194	1504	
5959	-8763	2800	708	-2200	1483	
5878	-8784	2904	732	-2206	1461	
5795	-8805	3006	758	-2212	1442	
5711	-8825	3110	783	-2216	1420	
5626	-8842	3213	809	-2220	1398	
5540	-8859	3317	836	-2224	1378	
5454	-8875	3418	860	-2228	1356	
5366	-8888	3520	885	-2231	1334	
5277	-8901	3621	910	-2234	1312	
5190	-8912	3721	935	-2237	1288	
5099	-8922	3822	959	-2239	1265	
5010	-8931	3922	984	-2241	1243	
4918	-8937	4021	1010	-2242	1220	
4825	-8944	4119	1032	-2244	1197	
4732	-8949	4216	1055	-2245	1174	
4639	-8952	4313	1081	-2245	1151	
4546	-8954	4410	1104	-2246	1126	
4450	-8954	4504	1129	-2246	1103	
4354	-8953	4599	1152	-2246	1080	
4256	-8951	4695	1175	-2244	1056	
4160	-8948	4788	1198	-2242	1031	
4065	-8942	4880	1221	-2241	1006	
3966	-8936	4973	1244	-2241	982	
3867	-8928	5065	1266	-2239	958	
3768	-8919	5155	1289	-2235	932	
3668	-8909	5245	1312	-2232	907	
3567	-8897	5334	1333	-2229	883	
3467	-8884	5422	1355	-2225	858	
3366	-8869	5510	1376	-2222	833	
3263	-8855	5596	1397	-2219	807	
3161	-8838	5682	1419	-2214	782	
3058	-8819	5767	1440	-2208	756	
2954	-8800	5852	1460	-2204	730	
2850	-8778	5934	1480	-2198	705	
2745	-8756	6017	1501	-2194	678	
2642	-8732	6098	1522	-2188	653	
2537	-8708	6178	1543	-2178	627	
2431	-8682	6258	1562	-2173	599	
2326	-8654	6336	1581	-2166	575	
2219	-8625	6414	1601	-2158	547	
2113	-8594	6491	1618	-2152	520	
2006	-8563	6566	1636	-2144	494	
1899	-8531	6642	1655	-2136	467	
1792	-8497	6715	1673	-2126	441	
1683	-8461	6787	1691	-2117	414	
1575	-8424	6860	1709	-2107	387	
1466	-8387	6930	1725	-2097	361	
1358	-8347	6999	1743	-2088	333	
1249	-8307	7067	1760	-2077	307	
1139	-8265	7135	1777	-2067	281	
1031	-8223	7202	1794	-2055	252	
922	-8179	7267	1810	-2043	227	
812	-8133	7332	1825	-2033	202	
702	-8086	7395	1839	-2021	174	
593	-8038	7456	1856	-2010	149	
484	-7990	7517	1870	-1997	123	
374	-7939	7577	1885	-1984	97	
264	-7888	7635	1900	-1971	72	
154	-7836	7692	1913	-1958	48	
44	-7782	7749	1928	-1944	23	
-65	-7727	7804	1941	-1930	-2	
-173	-7670	7858	1952	-1918	-34	
-283	-7613	7911	1965	-1901	-72	
-395	-7555	7963	1979	-1885	-115	
-504	-7496	8013	1992	-1871	-153	
-614	-7436	8062	2002	-1857	-176	
-723	-7373	8110	2016	-1841	-192	
-832	-7310	8157	2027	-1825	-211	
-942	-7246	8203	2037	-1809	-239	
-1052	-7181	8247	2048	-1792	-270	
-1162	-7114	8290	2059	-1775	-300	
-1272	-7047	8331	2070	-1757	-327	
-1380	-6979	8371	2079	-1741	-352	
-1487	-6909	8411	2088	-1724	-380	
-1595	-6839	8449	2097	-1707	-408	
-1702	-6768	8486	2107	-1688	-434	
-1809	-6696	8521	2117	-1669	-460	
-1917	-6622	8555	2122	-1653	-488	
-2024	-6547	8588	2131	-1634	-515	
-2130	-6472	8620	2139	-1613	-541	
-2235	-6395	8651	2146	-1595	-568	
-2342	-6318	8679	2154	-1575	-594	
-2448	-6240	8707	2160	-1554	-620	
-2553	-6160	8734	2167	-1535	-647	
-2660	-6079	8758	2174	-1515	-673	
-2764	-5999	8782	2179	-1495	-698	
-2868	-5917	8804	2184	-1474	-724	
-2972	-5834	8825	2190	-1453	-750	
-3074	-5750	8845	2194	-1432	-776	
-3179	-5664	8863	2199	-1410	-801	
-3282	-5579	8881	2201	-1389	-827	
-3383	-5493	8896	2207	-1367	-853	
-3483	-5406	8911	2210	-1345	-877	
-3584	-5317	8923	2212	-1324	-903	
-3686	-5230	8936	2215	-1302	-928	
-3786	-5141	8946	2217	-1279	-953	
-3886	-5049	8955	2220	-1255	-978	
-3984	-4959	8964	2222	-1232	-1002	
-4082	-4866	8969	2222	-1210	-1028	
-4179	-4774	8974	2224	-1186	-1051	
-4275	-4680	8979	2226	-1163	-1074	
-4373	-4587	8980	2225	-1139	-1100	
-4468	-4492	8981	2226	-1115	-1124	
-4563	-4396	8980	2227	-1091	-1147	
-4657	-4300	8979	2224	-1068	-1169	
-4750	-4203	8976	2223	-1044	-1194	
-4843	-4106	8971	2222	-1019	-1216	
-4935	-4008	8965	2218	-995	-1239	
-5027	-3909	8958	2217	-970	-1263	
-5118	-3810	8949	2217	-945	-1284	
-5208	-3710	8941	2213	-920	-1307	
-5297	-3610	8928	2210	-895	-1329	
-5384	-3509	8915	2207	-870	-1351	
-5473	-3407	8902	2204	-844	-1373	
-5559	-3304	8887	2200	-818	-1395	
-5644	-3201	8871	2196	-792	-1415	
-5730	-3099	8852	2192	-767	-1436	
-5814	-2996	8834	2185	-741	-1458	
-5896	-2892	8812	2180	-716	-1478	
-5978	-2787	8788	2174	-689	-1499	
-6060	-2682	8767	2168	-663	-1520	
-6142	-2577	8743	2163	-636	-1539	
-6221	-2472	8717	2155	-610	-1558	
-6299	-2366	8690	2148	-584	-1578	
-6377	-2259	8662	2142	-557	-1596	
-6453	-2153	8631	2132	-531	-1616	
-6529	-2047	8600	2125	-504	-1636	
-6604	-1939	8567	2118	-476	-1654	
-6677	-1831	8534	2109	-450	-1672	
-6750	-1724	8500	2099	-425	-1690	
-6824	-1616	8463	2091	-398	-1708	
-6893	-1508	8425	2082	-370	-1725	
-6963	-1400	8387	2072	-344	-1742	
-7032	-1290	8346	2062	-315	-1759	
-7099	-1180	8306	2052	-289	-1776	
-7166	-1072	8263	2041	-263	-1794	
-7231	-963	8219	2030	-235	-1809	
-7295	-854	8173	2019	-209	-1825	
-7359	-744	8127	2005	-183	-1841	
-7420	-635	8080	1995	-155	-1856	
-7481	-525	8031	1984	-128	-1871	
-7541	-414	7982	1969	-104	-1886	
-7600	-304	7930	1957	-77	-1901	
-7658	-194	7879	1944	-51	-1915	
-7714	-84	7824	1930	-27	-1929	
-7770	26	7770	1917	-1	-1943	
-7825	135	7714	1903	25	-1956	
-7877	245	7657	1888	52	-1969	
-7930	355	7600	1874	83	-1982	
-7981	465	7540	1859	117	-1994	
-8029	576	7480	1843	153	-2006	
-8077	685	7418	1828	187	-2017	
-8123	794	7355	1814	213	-2029	
-8170	904	7292	1797	237	-2041	
-8215	1014	7227	1780	258	-2052	
-8258	1123	7161	1765	285	-2063	
-8301	1232	7093	1748	314	-2073	
-8341	1341	7025	1730	341	-2083	
-8381	1450	6956	1714	370	-2092	
-8419	1558	6886	1696	397	-2102	
-8456	1666	6816	1678	423	-2111	
-8492	1775	6743	1660	452	-2119	
-8527	1882	6669	1641	478	-2128	
-8559	1989	6595	1624	504	-2136	
-8591	2097	6518	1606	532	-2143	
-8622	2204	6444	1585	558	-2152	
-8650	2310	6367	1566	585	-2158	
-8679	2416	6287	1548	612	-2164	
-8707	2523	6209	1527	638	-2172	
-8732	2627	6129	1507	663	-2179	
-8755	2731	6047	1486	690	-2184	
-8778	2837	5966	1466	716	-2189	
-8801	2940	5883	1445	741	-2195	
-8821	3043	5800	1424	768	-2199	
-8839	3148	5715	1403	794	-2204	
-8857	3251	5630	1382	818	-2209	
-8873	3353	5543	1361	845	-2212	
-8887	3455	5456	1340	871	-2215	
-8901	3556	5368	1318	895	-2219	
-8912	3656	5279	1296	922	-2221	
-8923	3756	5190	1273	947	-2224	
-8933	3856	5099	1250	970	-2226	
-8941	3956	5009	1228	994	-2228	
-8948	4054	4917	1206	1019	-2229	
-8954	4152	4824	1182	1044	-2231	
-8958	4249	4731	1159	1068	-2231	
-8961	4345	4636	1135	1092	-2231	
-8963	4442	4542	1111	1117	-2232	
-8962	4537	4447	1089	1140	-2231	
-8960	4632	4350	1064	1163	-2231	
-8958	4726	4253	1040	1187	-2231	
-8953	4819	4156	1016	1211	-2230	
-8947	4911	4059	992	1233	-2228	
-8941	5002	3960	967	1256	-2227	
-8933	5095	3861	942	1278	-2225	
-8924	5184	3761	919	1301	-2221	
-8914	5273	3661	893	1324	-2217	
-8901	5362	3559	867	1345	-2215	
-8888	5450	3457	843	1367	-2213	
-8874	5537	3356	818	1389	-2208	
-8858	5624	3254	792	1410	-2204	
-8841	5709	3151	767	1431	-2199	
-8821	5792	3048	741	1451	-2194	
-8799	5877	2943	715	1473	-2189	
-8779	5959	2839	689	1494	-2183	
-8756	6041	2735	661	1513	-2178	
-8732	6123	2631	638	1535	-2171	
-8709	6203	2526	612	1553	-2165	
-8681	6281	2418	585	1573	-2159	
-8652	6358	2312	559	1593	-2150	
-8623	6436	2206	532	1611	-2143	
-8592	6513	2098	506	1631	-2136	
-8560	6587	1990	481	1649	-2127	
-8528	6662	1882	454	1668	-2119	
-8493	6735	1774	426	1686	-2110	
-8457	6808	1667	400	1704	-2100	
-8420	6880	1559	374	1723	-2091	
-8383	6948	1450	347	1740	-2081	
-8343	7017	1340	320	1755	-2072	
-8301	7086	1231	295	1771	-2061	
-8259	7153	1122	268	1790	-2050	
-8216	7220	1012	240	1805	-2040	
-8171	7284	904	215	1822	-2028	
-8126	7347	794	188	1839	-2016	
-8080	7410	683	161	1854	-2004	
-8031	7472	574	136	1868	-1992	
-7982	7532	464	110	1882	-1981	
-7932	7591	353	85	1898	-1967	
-7879	7650	244	60	1913	-1953	
-7827	7707	133	33	1928	-1941	
-7772	7762	24	6	1942	-1926	
-7716	7817	-85	-23	1954	-1912	
-7661	7870	-197	-59	1966	-1899	
-7603	7922	-306	-94	1978	-1886	
-7545	7974	-416	-126	1993	-1872	
-7484	8024	-526	-153	2005	-1855	
-7424	8072	-636	-175	2016	-1839	
-7363	8121	-746	-198	2029	-1824	
-7299	8167	-855	-224	2040	-1808	
-7235	8211	-966	-254	2051	-1792	
-7168	8255	-1075	-281	2061	-1774	
-7102	8299	-1183	-308	2073	-1758	
-7033	8339	-1293	-336	2083	-1742	
-6965	8379	-1402	-361	2092	-1723	
-6897	8417	-1511	-388	2102	-1706	
-6825	8455	-1619	-417	2110	-1689	
-6753	8492	-1727	-443	2119	-1671	
-6680	8526	-1834	-471	2128	-1652	
-6607	8560	-1942	-498	2135	-1635	
-6533	8593	-2050	-524	2143	-1616	
-6457	8623	-2156	-550	2151	-1595	
-6381	8653	-2263	-575	2158	-1577	
-6303	8682	-2370	-603	2165	-1558	
-6223	8709	-2477	-630	2172	-1538	
-6145	8735	-2582	-655	2179	-1517	
-6064	8760	-2688	-682	2185	-1497	
-5981	8783	-2793	-707	2190	-1477	
-5900	8806	-2896	-732	2195	-1456	
-5817	8826	-3001	-759	2199	-1436	
-5732	8845	-3104	-784	2205	-1414	
-5648	8863	-3209	-810	2208	-1393	
-5563	8879	-3311	-835	2213	-1371	
-5477	8895	-3413	-861	2218	-1349	
-5390	8909	-3514	-886	2220	-1327	
-5302	8921	-3615	-910	2223	-1304	
-5211	8932	-3715	-935	2225	-1283	
-5122	8943	-3816	-961	2225	-1261	
-5033	8951	-3916	-985	2230	-1238	
-4940	8958	-4014	-1008	2232	-1215	
-4849	8964	-4112	-1034	2232	-1192	
-4757	8970	-4210	-1058	2233	-1169	
-4662	8972	-4306	-1081	2233	-1144	
-4567	8973	-4402	-1105	2234	-1122	
-4473	8975	-4498	-1129	2235	-1098	
-4378	8974	-4594	-1152	2235	-1073	
-4281	8971	-4688	-1175	2232	-1050	
-4185	8967	-4781	-1198	2232	-1026	
-4088	8963	-4874	-1221	2231	-1001	
-3990	8956	-4967	-1245	2229	-978	
-3889	8948	-5058	-1268	2226	-953	
-3791	8940	-5149	-1289	2224	-926	
-3690	8929	-5239	-1311	2222	-902	
-3591	8917	-5328	-1334	2217	-878	
-3490	8904	-5416	-1354	2215	-853	
-3388	8890	-5504	-1377	2212	-827	
-3286	8875	-5590	-1398	2207	-801	
-3183	8859	-5675	-1418	2203	-775	
-3080	8840	-5761	-1440	2198	-750	
-2977	8819	-5845	-1460	2193	-724	
-2873	8799	-5927	-1481	2188	-698	
-2769	8776	-6010	-1503	2182	-673	
-2663	8753	-6091	-1521	2176	-646	
-2557	8729	-6172	-1540	2170	-619	
-2451	8701	-6252	-1561	2163	-594	
-2346	8674	-6329	-1580	2157	-567	
-2240	8646	-6407	-1598	2148	-540	
-2134	8616	-6484	-1618	2139	-513	
-2027	8584	-6560	-1637	2130	-487	
-1921	8551	-6635	-1655	2123	-461	
-1814	8517	-6709	-1673	2115	-434	
-1707	8481	-6781	-1691	2106	-408	
-1600	8445	-6852	-1708	2098	-381	
-1491	8407	-6923	-1726	2086	-354	
-1383	8367	-6993	-1744	2077	-326	
-1273	8328	-7062	-1760	2067	-300	
-1164	8286	-7129	-1776	2056	-273	
-1056	8243	-7195	-1793	2045	-246	
-946	8199	-7260	-1808	2035	-219	
-837	8154	-7325	-1823	2023	-192	
-727	8108	-7388	-1841	2009	-166	
-616	8060	-7451	-1857	1998	-140	
-507	8010	-7511	-1870	1987	-113	
-397	7960	-7570	-1885	1973	-87	
-288	7909	-7629	-1900	1960	-62	
-179	7856	-7686	-1913	1947	-37	
-68	7802	-7742	-1928	1933	-13	
41	7747	-7797	-1941	1919	12	
152	7690	-7852	-1954	1906	36	
262	7634	-7905	-1967	1891	65	
370	7576	-7956	-1979	1877	100	
481	7516	-8006	-1991	1863	139	
591	7455	-8056	-2004	1845	179	
699	7393	-8104	-2016	1829	206	
808	7329	-8150	-2027	1815	227	
918	7266	-8195	-2038	1798	249	
1027	7201	-8240	-2049	1781	271	
1136	7136	-8283	-2058	1766	299	
1245	7069	-8325	-2069	1748	330	
1353	6998	-8366	-2079	1730	358	
1463	6929	-8405	-2089	1712	385	
1571	6859	-8443	-2101	1694	411	
1679	6788	-8479	-2107	1677	438	
1788	6716	-8516	-2114	1660	465	
1893	6642	-8550	-2125	1640	490	
2001	6568	-8582	-2132	1622	518	
2109	6492	-8614	-2138	1603	546	
2215	6415	-8644	-2147	1584	572	
2321	6339	-8674	-2154	1564	599	
2426	6260	-8701	-2160	1544	626	
2532	6180	-8726	-2168	1524	651	
2638	6100	-8752	-2172	1504	678	
2742	6020	-8776	-2177	1484	703	
2846	5937	-8798	-2185	1462	731	
2950	5854	-8819	-2190	1441	756	
3054	5770	-8839	-2193	1422	782	
3156	5685	-8858	-2198	1400	807	
3260	5600	-8875	-2203	1377	831	
3362	5514	-8890	-2205	1357	859	
3463	5426	-8905	-2209	1335	884	
3564	5338	-8919	-2213	1312	908	
3664	5249	-8931	-2214	1291	934	
3764	5160	-8940	-2217	1268	959	
3863	5071	-8950	-2219	1245	983	
3961	4978	-8957	-2220	1222	1008	
4059	4886	-8963	-2222	1199	1032	
4157	4794	-8969	-2222	1177	1057	
4254	4700	-8972	-2223	1152	1082	
4350	4607	-8974	-2225	1130	1104	
4446	4511	-8976	-2224	1106	1129	
4541	4416	-8975	-2224	1081	1153	
4635	4321	-8973	-2224	1058	1177	
4728	4223	-8971	-2223	1032	1199	
4821	4126	-8966	-2222	1008	1222	
4913	4028	-8960	-2219	984	1246	
5005	3929	-8953	-2218	959	1267	
5095	3830	-8944	-2215	935	1290	
5185	3730	-8933	-2212	909	1313	
5274	3630	-8922	-2211	884	1334	
5363	3529	-8910	-2206	860	1357	
5451	3427	-8896	-2202	834	1379	
5537	3325	-8880	-2199	809	1399	
5622	3223	-8865	-2193	783	1422	
5708	3120	-8846	-2189	758	1444	
5791	3017	-8828	-2185	731	1464	
5874	2913	-8807	-2180	705	1484	
5956	2808	-8784	-2174	679	1505	
6037	2704	-8762	-2169	652	1525	
6119	2598	-8736	-2162	627	1545	
6199	2493	-8711	-2155	600	1564	
6277	2387	-8684	-2149	574	1584	
6353	2281	-8655	-2140	547	1604	
6431	2174	-8625	-2134	520	1622	
6509	2068	-8594	-2127	495	1640	
6581	1960	-8562	-2116	470	1659	
6657	1853	-8529	-2108	442	1678	
6730	1745	-8493	-2100	414	1696	
6800	1636	-8457	-2091	387	1715	
6871	1528	-8420	-2080	361	1732	
6939	1419	-8381	-2071	333	1748	
7008	1312	-8340	-2062	307	1765	
7076	1203	-8299	-2051	281	1782	
7143	1093	-8257	-2042	254	1798	
7209	983	-8213	-2028	227	1814	
7273	874	-8168	-2018	200	1831	
7335	765	-8122	-2009	173	1846	
7398	654	-8075	-1994	149	1862	
7460	544	-8026	-1982	122	1876	
7519	435	-7974	-1970	96	1891	
7579	325	-7925	-1957	70	1906	
7636	214	-7873	-1944	45	1920	
7691	105	-7819	-1931	19	1934	
7747	-6	-7765	-1918	-9	1948	
7801	-116	-7707	-1902	-40	1961	
7854	-225	-7651	-1887	-76	1974	
7906	-335	-7593	-1873	-113	1988	
7956	-445	-7533	-1857	-146	1999	
8006	-554	-7474	-1844	-170	2011	
8054	-664	-7413	-1828	-191	2023	
8101	-774	-7349	-1812	-213	2035	
8147	-884	-7285	-1797	-241	2048	
8192	-993	-7221	-1782	-272	2057	
8235	-1102	-7155	-1765	-300	2068	
8277	-1211	-7088	-1748	-327	2079	
8318	-1319	-7019	-1731	-354	2089	
8357	-1428	-6950	-1713	-381	2099	
8396	-1536	-6880	-1695	-409	2107	
8433	-1644	-6808	-1678	-435	2117	
8468	-1753	-6735	-1659	-462	2125	
8503	-1860	-6663	-1641	-490	2134	
8536	-1967	-6589	-1622	-516	2143	
8568	-2074	-6513	-1602	-541	2150	
8599	-2181	-6436	-1585	-569	2157	
8628	-2288	-6359	-1564	-597	2164	
8656	-2394	-6282	-1545	-623	2171	
8682	-2500	-6203	-1526	-649	2177	
8708	-2605	-6122	-1506	-676	2184	
8732	-2710	-6042	-1486	-702	2189	
8754	-2815	-5959	-1465	-727	2195	
8775	-2919	-5877	-1444	-754	2201	
8795	-3023	-5794	-1424	-780	2205	
8815	-3125	-5709	-1403	-804	2209	
8831	-3229	-5623	-1382	-831	2213	
8850	-3332	-5537	-1359	-856	2218	
8865	-3432	-5450	-1338	-880	2222	
8877	-3534	-5361	-1316	-906	2224	
8890	-3635	-5272	-1293	-930	2227	
8900	-3735	-5184	-1272	-956	2230	
8909	-3835	-5094	-1251	-982	2232	
8917	-3934	-5003	-1227	-1007	2233	
8924	-4034	-4911	-1204	-1031	2235	
8929	-4130	-4818	-1182	-1056	2236	
8933	-4227	-4725	-1158	-1079	2237	
8936	-4325	-4630	-1134	-1103	2238	
8937	-4421	-4535	-1112	-1128	2237	
8938	-4516	-4441	-1087	-1151	2236	
8936	-4610	-4345	-1063	-1174	2237	
8933	-4704	-4248	-1040	-1198	2237	
8931	-4797	-4150	-1015	-1221	2235	
8925	-4890	-4052	-989	-1243	2234	
8918	-4981	-3953	-967	-1268	2231	
8910	-5072	-3854	-943	-1290	2229	
8901	-5163	-3753	-916	-1312	2228	
8890	-5252	-3654	-893	-1334	2223	
8876	-5341	-3553	-867	-1357	2219	
8862	-5428	-3451	-841	-1378	2217	
8848	-5516	-3349	-817	-1399	2213	
8831	-5602	-3246	-791	-1421	2209	
8815	-5687	-3144	-765	-1442	2205	
8798	-5772	-3041	-741	-1465	2199	
8779	-5855	-2937	-715	-1484	2194	
8754	-5938	-2833	-688	-1503	2189	
8730	-6020	-2727	-664	-1525	2183	
8708	-6101	-2622	-637	-1545	2177	
8683	-6181	-2517	-610	-1565	2171	
8656	-6261	-2411	-585	-1585	2164	
8627	-6339	-2303	-558	-1604	2156	
8599	-6416	-2197	-531	-1623	2150	
8568	-6492	-2091	-506	-1641	2142	
8537	-6566	-1982	-479	-1660	2133	
8503	-6640	-1874	-451	-1679	2125	
8470	-6714	-1767	-425	-1698	2115	
8435	-6786	-1660	-400	-1716	2106	
8396	-6858	-1551	-372	-1732	2098	
8359	-6928	-1442	-345	-1750	2088	
8318	-6996	-1334	-319	-1767	2077	
8277	-7065	-1224	-292	-1784	2067	
8236	-7132	-1116	-265	-1801	2057	
8191	-7197	-1005	-238	-1817	2045	
8149	-7263	-896	-211	-1833	2034	
8102	-7327	-787	-185	-1849	2023	
8056	-7389	-677	-158	-1865	2011	
8009	-7450	-567	-132	-1880	1998	
7958	-7511	-457	-106	-1894	1984	
7907	-7571	-346	-79	-1908	1973	
7855	-7628	-236	-52	-1923	1962	
7803	-7685	-126	-29	-1937	1947	
7747	-7741	-16	-2	-1950	1933	
7692	-7796	94	24	-1964	1920	
7636	-7849	204	51	-1977	1905	
7579	-7901	314	80	-1991	1890	
7521	-7953	423	110	-2004	1877	
7460	-8003	533	145	-2015	1861	
7400	-8052	644	177	-2027	1845	
7339	-8100	753	205	-2039	1830	
7275	-8146	862	230	-2051	1812	
7210	-8190	973	255	-2062	1797	
7144	-8234	1082	281	-2072	1781	
7077	-8276	1190	308	-2081	1765	
7012	-8318	1299	335	-2092	1748	
6943	-8359	1408	364	-2101	1730	
6872	-8396	1517	391	-2111	1713	
6802	-8434	1626	416	-2122	1695	
6730	-8471	1734	443	-2130	1676	
6657	-8505	1843	469	-2138	1657	
6583	-8539	1951	497	-2147	1639	
6510	-8571	2058	524	-2154	1621	
6433	-8603	2165	550	-2163	1602	
6357	-8633	2272	577	-2170	1582	
6279	-8661	2380	603	-2176	1563	
6200	-8688	2486	629	-2184	1542	
6123	-8713	2591	655	-2189	1522	
6040	-8738	2696	682	-2194	1503	
5959	-8762	2800	707	-2200	1483	
5878	-8784	2905	733	-2207	1462	
5793	-8805	3009	758	-2212	1439	
5709	-8824	3112	785	-2216	1419	
5623	-8842	3215	809	-2220	1398	
5538	-8859	3318	834	-2224	1376	
5453	-8874	3420	860	-2228	1355	
5366	-8888	3521	884	-2231	1333	
5278	-8901	3622	910	-2235	1311	
5188	-8912	3724	935	-2238	1288	
5097	-8923	3823	958	-2240	1265	
5008	-8931	3922	984	-2241	1244	
4916	-8938	4022	1009	-2241	1220	
4822	-8944	4120	1032	-2244	1196	
4731	-8948	4218	1057	-2245	1174	
4638	-8951	4314	1081	-2246	1151	
4544	-8954	4410	1104	-2246	1127	
4449	-8954	4506	1128	-2245	1103	
4353	-8953	4601	1151	-2246	1079	
4258	-8950	4696	1174	-2244	1055	
4160	-8947	4789	1199	-2243	1031	
4063	-8942	4882	1221	-2242	1007	
3965	-8935	4974	1244	-2241	982	
3865	-8928	5065	1266	-2238	956	
3767	-8920	5156	1290	-2235	932	
3667	-8909	5246	1312	-2232	908	
3567	-8897	5335	1332	-2230	882	
3466	-8885	5424	1356	-2226	858	
3364	-8870	5511	1377	-2222	832	
3262	-8853	5597	1397	-2218	806	
3160	-8837	5683	1419	-2214	782	
3056	-8819	5769	1440	-2210	756	
2954	-8799	5852	1461	-2204	730	
2850	-8778	5936	1481	-2199	704	
2746	-8755	6017	1501	-2193	678	
2641	-8732	6099	1522	-2187	652	
2534	-8707	6180	1542	-2180	626	
2430	-8680	6259	1562	-2172	600	
2324	-8653	6337	1580	-2166	574	
2218	-8625	6414	1601	-2158	548	
2112	-8594	6492	1619	-2150	520	
2004	-8563	6567	1636	-2143	494	
1897	-8529	6642	1655	-2135	468	
1791	-8495	6716	1674	-2126	440	
1683	-8461	6788	1691	-2117	413	
1575	-8424	6859	1709	-2107	386	
1467	-8387	6930	1726	-2098	360	
1358	-8347	6999	1743	-2087	334	
1248	-8306	7067	1761	-2078	307	
1138	-8265	7136	1778	-2067	280	
1030	-8222	7202	1794	-2056	252	
920	-8178	7267	1810	-2045	227	
810	-8133	7332	1826	-2032	201	
702	-8086	7395	1840	-2021	174	
591	-8038	7457	1855	-2009	149	
483	-7989	7518	1870	-1997	123	
374	-7939	7578	1885	-1984	96	
264	-7888	7637	1900	-1970	72	
154	-7835	7693	1913	-1958	47	
44	-7780	7749	1927	-1944	22	
-66	-7726	7805	1942	-1931	-3	
-176	-7670	7859	1954	-1916	-33	
-285	-7612	7912	1966	-1901	-72	
-396	-7555	7963	1979	-1886	-115	
-504	-7496	8013	1992	-1871	-154	
-614	-7434	8062	2004	-1857	-177	
-725	-7371	8110	2014	-1841	-192	
-834	-7308	8157	2026	-1824	-212	
-943	-7245	8203	2038	-1808	-239	
-1053	-7181	8247	2048	-1792	-270	
-1162	-7115	8290	2060	-1776	-300	
-1270	-7048	8332	2069	-1759	-326	
-1379	-6978	8372	2078	-1741	-353	
-1488	-6908	8411	2089	-1724	-380	
-1596	-6838	8449	2097	-1707	-407	
-1704	-6767	8486	2107	-1688	-434	
-1811	-6694	8521	2116	-1669	-461	
-1919	-6621	8556	2123	-1652	-489	
-2025	-6546	8589	2131	-1633	-516	
