-2183	-6433	8635	2143	-1604	-555	
-2290	-6357	8665	2151	-1584	-580	
-2396	-6279	8694	2157	-1565	-606	
-2502	-6199	8721	2163	-1545	-634	
-2607	-6120	8746	2170	-1525	-659	
-2712	-6039	8771	2175	-1505	-685	
-2816	-5957	8793	2180	-1484	-712	
-2920	-5875	8815	2185	-1463	-738	
-3025	-5791	8836	2191	-1442	-765	
-3127	-5707	8855	2196	-1420	-789	
-3229	-5622	8872	2201	-1399	-816	
-3333	-5536	8889	2204	-1379	-841	
-3435	-5450	8904	2207	-1356	-866	
-3535	-5362	8916	2211	-1334	-892	
-3636	-5274	8930	2213	-1313	-916	
-3737	-5185	8941	2216	-1289	-942	
-3837	-5094	8951	2218	-1266	-965	
-3936	-5003	8959	2220	-1244	-991	
-4034	-4912	8966	2223	-1222	-1015	
-4131	-4820	8972	2223	-1198	-1039	
-4229	-4726	8976	2223	-1175	-1065	
-4325	-4632	8979	2225	-1150	-1087	
-4420	-4539	8981	2224	-1127	-1112	
-4516	-4443	8981	2222	-1106	-1137	
-4610	-4348	8980	2224	-1079	-1159	
-4704	-4252	8977	2224	-1055	-1182	
-4797	-4154	8973	2221	-1031	-1205	
-4891	-4056	8968	2221	-1006	-1228	
-4982	-3958	8961	2219	-982	-1251	
-5073	-3859	8954	2215	-956	-1274	
-5164	-3759	8945	2214	-932	-1296	
-5252	-3659	8934	2212	-907	-1319	
-5341	-3558	8923	2208	-881	-1341	
-5428	-3457	8909	2206	-857	-1362	
-5515	-3356	8894	2202	-830	-1384	
-5603	-3253	8879	2196	-805	-1406	
-5688	-3149	8861	2192	-780	-1426	
-5772	-3047	8843	2189	-753	-1447	
-5856	-2944	8823	2182	-727	-1469	
-5938	-2838	8802	2176	-702	-1489	
-6020	-2734	8778	2172	-676	-1509	
-6102	-2630	8754	2165	-650	-1529	
-6182	-2524	8730	2159	-623	-1549	
-6261	-2418	8703	2152	-597	-1568	
-6340	-2313	8676	2144	-570	-1588	
-6415	-2206	8647	2139	-543	-1607	
-6490	-2099	8615	2131	-516	-1626	
-6567	-1992	8584	2122	-489	-1645	
-6641	-1884	8550	2115	-463	-1662	
-6715	-1777	8517	2106	-437	-1681	
-6788	-1669	8481	2096	-411	-1700	
-6858	-1561	8444	2086	-384	-1717	
-6928	-1453	8407	2076	-356	-1734	
-6998	-1344	8367	2067	-330	-1751	
-7066	-1235	8326	2057	-302	-1769	
-7133	-1125	8284	2046	-276	-1785	
-7200	-1017	8241	2035	-249	-1802	
-7264	-908	8196	2024	-222	-1818	
-7327	-798	8151	2014	-195	-1832	
-7389	-689	8104	2002	-168	-1849	
-7451	-579	8055	1988	-140	-1864	
-7512	-468	8006	1978	-114	-1877	
-7572	-358	7956	1965	-90	-1893	
-7631	-249	7905	1950	-65	-1908	
-7688	-138	7852	1937	-38	-1922	
-7743	-29	7798	1924	-12	-1936	
-7797	81	7743	1910	12	-1949	
-7852	192	7686	1896	39	-1963	
-7903	301	7628	1881	67	-1976	
-7956	411	7569	1867	99	-1988	
-8005	521	7510	1851	135	-1999	
-8053	630	7448	1835	169	-2012	
-8102	740	7386	1821	202	-2024	
-8147	850	7323	1804	226	-2035	
-8192	959	7258	1788	247	-2047	
-8237	1069	7193	1772	272	-2058	
-8280	1178	7127	1756	299	-2067	
-8322	1287	7060	1738	328	-2078	
-8361	1396	6991	1721	356	-2088	
-8401	1504	6922	1704	383	-2097	
-8438	1613	6851	1685	410	-2106	
-8474	1722	6779	1669	436	-2116	
-8510	1829	6707	1650	464	-2124	
-8544	1936	6632	1632	490	-2132	
-8576	2044	6557	1613	518	-2142	
-8607	2152	6482	1594	545	-2148	
-8636	2257	6406	1575	571	-2155	
-8665	2364	6327	1555	598	-2164	
-8693	2470	6248	1536	624	-2170	
-8720	2574	6169	1517	652	-2176	
-8744	2680	6088	1496	678	-2180	
-8768	2785	6007	1476	703	-2186	
-8790	2890	5925	1456	729	-2193	
-8809	2994	5841	1435	755	-2198	
-8830	3097	5757	1414	781	-2201	
-8848	3199	5673	1392	806	-2206	
-8865	3302	5587	1371	831	-2211	
-8881	3404	5499	1350	858	-2215	
-8894	3506	5412	1328	884	-2218	
-8908	3607	5323	1306	909	-2220	
-8918	3707	5234	1284	933	-2222	
-8929	3807	5145	1263	959	-2225	
-8938	3906	5054	1239	983	-2228	
-8945	4006	4962	1216	1006	-2229	
-8952	4104	4870	1193	1032	-2230	
-8956	4202	4777	1169	1057	-2232	
-8959	4298	4684	1146	1080	-2232	
-8960	4394	4589	1124	1105	-2232	
-8963	4490	4494	1101	1129	-2231	
-8962	4585	4398	1076	1152	-2231	
-8958	4679	4302	1053	1176	-2230	
-8955	4773	4204	1029	1199	-2230	
-8951	4865	4106	1004	1223	-2228	
-8945	4957	4009	979	1245	-2226	
-8939	5049	3911	954	1267	-2226	
-8930	5140	3811	930	1290	-2222	
-8918	5230	3711	906	1312	-2219	
-8906	5319	3610	881	1334	-2216	
-8894	5407	3509	856	1356	-2213	
-8880	5494	3407	831	1378	-2211	
-8864	5581	3304	805	1399	-2205	
-8848	5667	3203	780	1421	-2201	
-8832	5752	3099	754	1442	-2196	
-8811	5835	2995	729	1463	-2191	
-8790	5918	2892	703	1485	-2186	
-8766	6000	2787	678	1504	-2180	
-8743	6081	2682	650	1523	-2174	
-8720	6163	2577	623	1544	-2168	
-8694	6243	2471	599	1565	-2162	
-8666	6321	2366	572	1583	-2155	
-8637	6399	2259	545	1601	-2147	
-8607	6475	2151	519	1621	-2139	
-8576	6552	2043	493	1640	-2132	
-8544	6626	1936	466	1658	-2123	
-8509	6699	1828	440	1676	-2115	
-8476	6773	1721	413	1695	-2106	
-8440	6844	1612	387	1714	-2096	
-8400	6914	1503	360	1732	-2087	
-8362	6984	1395	332	1747	-2078	
-8321	7052	1285	305	1764	-2067	
-8281	7120	1176	281	1781	-2057	
-8238	7187	1067	254	1798	-2046	
-8194	7253	958	227	1814	-2034	
-8148	7316	847	201	1830	-2022	
-8102	7379	738	174	1845	-2011	
-8055	7442	628	149	1861	-1998	
-8006	7502	519	123	1876	-1986	
-7957	7562	409	97	1890	-1973	
-7904	7621	298	71	1904	-1961	
-7852	7678	189	47	1921	-1947	
-7800	7735	78	19	1933	-1934	
-7744	7791	-32	-11	1945	-1922	
-7688	7844	-141	-41	1960	-1906	
-7631	7897	-252	-77	1974	-1892	
-7574	7949	-363	-111	1986	-1878	
-7514	7999	-472	-140	1998	-1862	
-7454	8049	-582	-164	2011	-1847	
-7392	8097	-692	-185	2022	-1831	
-7328	8144	-801	-211	2034	-1815	
-7265	8189	-910	-239	2045	-1800	
-7201	8234	-1021	-268	2055	-1783	
-7136	8278	-1130	-295	2066	-1766	
-7068	8320	-1239	-321	2078	-1750	
-7001	8359	-1348	-348	2088	-1733	
-6931	8399	-1457	-376	2096	-1715	
-6860	8438	-1565	-403	2106	-1698	
-6790	8474	-1673	-430	2115	-1679	
-6717	8510	-1782	-457	2123	-1662	
-6643	8544	-1889	-484	2132	-1644	
-6569	8577	-1996	-511	2140	-1624	
-6493	8610	-2104	-536	2148	-1605	
-6417	8639	-2211	-563	2155	-1586	
-6341	8669	-2317	-590	2162	-1566	
-6262	8697	-2424	-615	2169	-1545	
-6183	8723	-2531	-642	2177	-1527	
-6104	8748	-2635	-669	2182	-1509	
-6023	8772	-2740	-692	2188	-1486	
-5940	8795	-2846	-719	2194	-1466	
-5858	8816	-2950	-747	2197	-1446	
-5774	8835	-3053	-772	2203	-1424	
-5689	8854	-3157	-796	2207	-1404	
-5604	8872	-3260	-823	2211	-1382	
-5518	8887	-3362	-848	2216	-1360	
-5432	8903	-3464	-874	2218	-1339	
-5344	8916	-3565	-898	2222	-1317	
-5255	8928	-3666	-922	2225	-1294	
-5167	8938	-3766	-947	2228	-1271	
-5076	8947	-3866	-971	2230	-1250	
-4984	8955	-3965	-996	2232	-1227	
-4892	8962	-4063	-1020	2233	-1203	
-4800	8967	-4161	-1046	2232	-1180	
-4708	8971	-4258	-1071	2233	-1156	
-4615	8974	-4356	-1094	2234	-1133	
-4519	8975	-4452	-1117	2235	-1110	
-4425	8974	-4547	-1141	2235	-1087	
-4329	8972	-4642	-1164	2235	-1062	
-4232	8970	-4737	-1187	2233	-1038	
-4134	8965	-4829	-1210	2230	-1014	
-4035	8960	-4921	-1233	2230	-989	
-3940	8953	-5013	-1258	2227	-966	
-3840	8944	-5103	-1278	2227	-941	
-3739	8935	-5194	-1300	2224	-915	
-3640	8924	-5284	-1325	2219	-891	
-3539	8910	-5372	-1345	2217	-865	
-3436	8898	-5460	-1366	2213	-839	
-3335	8883	-5547	-1388	2209	-813	
-3233	8866	-5634	-1409	2205	-788	
-3131	8849	-5719	-1430	2200	-762	
-3028	8830	-5803	-1450	2196	-737	
-2924	8809	-5887	-1471	2190	-712	
-2819	8787	-5970	-1492	2184	-686	
-2715	8765	-6051	-1512	2178	-660	
-2609	8741	-6132	-1532	2172	-633	
-2504	8715	-6212	-1551	2166	-607	
-2398	8688	-6291	-1571	2159	-581	
-2294	8660	-6369	-1591	2151	-554	
-2187	8630	-6447	-1609	2144	-527	
-2079	8599	-6523	-1628	2136	-502	
-1973	8567	-6598	-1647	2128	-474	
-1866	8533	-6672	-1664	2120	-446	
-1760	8498	-6746	-1683	2110	-421	
-1653	8463	-6817	-1700	2100	-394	
-1546	8425	-6888	-1717	2092	-366	
-1436	8387	-6959	-1735	2082	-341	
-1327	8348	-7028	-1751	2072	-313	
-1219	8307	-7096	-1767	2061	-286	
-1109	8265	-7163	-1784	2050	-261	
-1001	8220	-7229	-1802	2038	-235	
-892	8175	-7293	-1818	2027	-207	
-780	8131	-7357	-1832	2017	-179	
-670	8084	-7419	-1849	2004	-153	
-560	8035	-7480	-1863	1991	-127	
-450	7985	-7541	-1878	1980	-101	
-342	7934	-7600	-1892	1966	-74	
-232	7882	-7659	-1906	1953	-50	
-122	7829	-7717	-1920	1941	-26	
-12	7774	-7772	-1933	1927	-1	
99	7719	-7826	-1946	1913	23	
208	7663	-7879	-1960	1899	51	
317	7605	-7931	-1972	1885	82	
426	7546	-7982	-1984	1870	120	
536	7485	-8032	-1997	1854	162	
646	7424	-8080	-2009	1837	194	
755	7362	-8127	-2022	1821	219	
865	7298	-8174	-2033	1806	239	
974	7233	-8219	-2044	1790	258	
1083	7168	-8263	-2054	1773	285	
1191	7101	-8304	-2064	1757	315	
1301	7033	-8346	-2074	1739	344	
1411	6965	-8386	-2084	1721	373	
1518	6894	-8425	-2094	1703	399	
1625	6823	-8462	-2102	1686	426	
1735	6752	-8497	-2111	1669	452	
1844	6679	-8532	-2119	1650	479	
1950	6604	-8566	-2128	1631	506	
2056	6529	-8599	-2137	1611	533	
2164	6454	-8629	-2142	1593	560	
2270	6376	-8659	-2150	1574	586	
2375	6298	-8687	-2158	1553	613	
2480	6220	-8715	-2164	1535	640	
2585	6140	-8740	-2170	1514	665	
2690	6060	-8764	-2175	1493	692	
2796	5977	-8789	-2181	1473	718	
2898	5896	-8809	-2188	1452	742	
3002	5812	-8829	-2190	1432	768	
3107	5728	-8850	-2195	1411	794	
3207	5642	-8867	-2201	1389	819	
3311	5556	-8883	-2205	1368	845	
3414	5470	-8898	-2208	1346	871	
3515	5382	-8912	-2211	1323	896	
3615	5294	-8924	-2214	1301	921	
3714	5205	-8936	-2217	1280	947	
3814	5114	-8947	-2219	1258	971	
3913	5024	-8954	-2221	1233	996	
4012	4932	-8961	-2222	1211	1022	
4110	4840	-8967	-2223	1187	1045	
4206	4746	-8971	-2223	1164	1070	
4304	4653	-8973	-2224	1141	1094	
4400	4559	-8975	-2224	1117	1117	
4494	4464	-8975	-2225	1093	1140	
4589	4368	-8975	-2224	1069	1164	
4683	4271	-8972	-2223	1044	1187	
4777	4174	-8968	-2222	1020	1209	
4868	4076	-8963	-2220	996	1234	
4959	3978	-8956	-2218	972	1256	
5051	3879	-8948	-2216	947	1279	
5141	3779	-8939	-2214	921	1302	
5231	3680	-8928	-2212	895	1323	
5319	3579	-8917	-2207	871	1346	
5407	3477	-8904	-2204	846	1368	
5495	3376	-8888	-2201	822	1389	
5580	3274	-8873	-2195	796	1411	
5665	3171	-8855	-2192	771	1432	
5750	3068	-8837	-2188	745	1453	
5834	2964	-8817	-2183	718	1473	
5917	2860	-8795	-2177	692	1495	
5998	2755	-8772	-2171	666	1515	
6079	2650	-8749	-2165	639	1534	
6159	2545	-8724	-2158	613	1554	
6237	2439	-8697	-2151	588	1575	
6315	2333	-8670	-2144	560	1594	
6394	2226	-8641	-2136	534	1613	
6470	2120	-8610	-2129	508	1632	
6545	2014	-8577	-2122	481	1649	
6620	1906	-8545	-2111	455	1668	
6692	1798	-8511	-2104	427	1688	
6765	1690	-8475	-2096	401	1706	
6837	1581	-8439	-2085	375	1723	
6906	1473	-8400	-2076	347	1740	
6975	1365	-8360	-2066	320	1756	
7042	1255	-8319	-2056	295	1774	
7110	1147	-8277	-2046	267	1790	
7176	1038	-8235	-2034	240	1807	
7241	928	-8190	-2023	214	1823	
7305	818	-8145	-2013	187	1839	
7366	709	-8098	-2000	160	1854	
7429	599	-8049	-1988	135	1869	
7490	489	-8000	-1976	110	1884	
7549	380	-7950	-1964	84	1898	
7607	270	-7898	-1951	56	1913	
7664	160	-7845	-1936	31	1927	
7720	49	-7792	-1924	6	1942	
7775	-61	-7736	-1909	-25	1955	
7828	-171	-7679	-1895	-58	1968	
7881	-280	-7622	-1881	-95	1980	
7932	-390	-7564	-1866	-131	1993	
7981	-501	-7504	-1851	-159	2006	
8030	-610	-7442	-1837	-181	2018	
8078	-720	-7380	-1820	-201	2030	
8125	-830	-7316	-1804	-227	2040	
8170	-938	-7252	-1789	-258	2051	
8214	-1049	-7187	-1773	-287	2063	
8257	-1157	-7120	-1755	-315	2073	
8297	-1267	-7054	-1737	-341	2084	
8338	-1375	-6985	-1721	-368	2093	
8376	-1482	-6915	-1704	-395	2103	
8414	-1590	-6844	-1687	-422	2112	
8451	-1699	-6772	-1668	-449	2121	
8485	-1808	-6699	-1651	-476	2130	
8519	-1914	-6625	-1632	-503	2139	
8553	-2022	-6551	-1613	-529	2146	
8585	-2129	-6475	-1594	-555	2154	
8614	-2235	-6399	-1575	-583	2160	
8642	-2342	-6321	-1556	-610	2166	
8669	-2447	-6242	-1535	-635	2174	
8695	-2553	-6163	-1516	-662	2180	
8721	-2658	-6081	-1496	-689	2185	
8744	-2764	-6000	-1475	-715	2192	
8767	-2868	-5917	-1455	-741	2198	
8787	-2971	-5834	-1433	-767	2203	
8806	-3074	-5751	-1412	-792	2208	
8824	-3178	-5666	-1393	-819	2211	
8842	-3281	-5580	-1370	-844	2217	
8858	-3382	-5494	-1348	-869	2220	
8871	-3484	-5406	-1328	-895	2222	
8884	-3586	-5318	-1304	-918	2227	
8895	-3686	-5228	-1282	-943	2229	
8905	-3786	-5138	-1261	-970	2231	
8914	-3885	-5047	-1238	-995	2233	
8921	-3985	-4956	-1216	-1020	2235	
8927	-4082	-4865	-1194	-1042	2236	
8931	-4180	-4771	-1170	-1067	2236	
8936	-4276	-4677	-1146	-1091	2238	
8938	-4373	-4583	-1122	-1115	2237	
8938	-4469	-4488	-1099	-1140	2238	
8937	-4564	-4392	-1075	-1164	2238	
8934	-4658	-4296	-1050	-1186	2236	
8932	-4752	-4199	-1028	-1209	2236	
8928	-4844	-4102	-1003	-1232	2235	
8924	-4936	-4003	-978	-1256	2233	
8915	-5028	-3903	-955	-1279	2230	
8904	-5119	-3803	-928	-1301	2228	
8895	-5208	-3703	-904	-1324	2226	
8884	-5297	-3603	-881	-1346	2223	
8871	-5386	-3502	-855	-1368	2220	
8859	-5473	-3401	-830	-1389	2215	
8842	-5559	-3299	-804	-1411	2211	
8825	-5644	-3195	-779	-1432	2207	
8807	-5730	-3092	-754	-1453	2201	
8787	-5814	-2988	-727	-1473	2197	
8766	-5897	-2885	-700	-1493	2192	
8743	-5980	-2781	-675	-1514	2186	
8720	-6061	-2675	-651	-1536	2181	
8696	-6141	-2568	-623	-1556	2174	
8670	-6221	-2463	-596	-1575	2167	
8643	-6300	-2357	-571	-1595	2159	
8615	-6378	-2250	-543	-1614	2153	
8584	-6454	-2143	-518	-1633	2145	
8553	-6529	-2035	-492	-1651	2137	
8522	-6605	-1928	-465	-1671	2129	
8487	-6678	-1820	-438	-1688	2120	
8451	-6751	-1713	-413	-1707	2112	
8416	-6822	-1606	-385	-1723	2103	
8377	-6892	-1496	-358	-1740	2093	
8338	-6963	-1388	-332	-1760	2082	
8299	-7032	-1279	-305	-1776	2072	
8257	-7099	-1170	-278	-1792	2062	
8215	-7166	-1060	-252	-1809	2051	
8171	-7231	-951	-225	-1825	2040	
8126	-7295	-842	-198	-1841	2029	
8081	-7359	-731	-172	-1856	2016	
8033	-7420	-621	-144	-1872	2005	
7984	-7481	-511	-119	-1886	1992	
7933	-7541	-402	-93	-1902	1980	
7881	-7599	-291	-64	-1915	1968	
7829	-7657	-181	-39	-1929	1953	
7774	-7714	-70	-14	-1944	1940	
7720	-7769	39	11	-1957	1926	
7666	-7822	149	37	-1970	1912	
7609	-7876	259	65	-1984	1898	
7551	-7928	369	95	-1997	1883	
7492	-7979	479	126	-2009	1868	
7431	-8028	589	160	-2021	1853	
7370	-8076	699	191	-2033	1838	
7307	-8123	809	219	-2045	1822	
7243	-8168	918	242	-2057	1805	
7178	-8212	1028	267	-2066	1788	
7113	-8255	1138	295	-2076	1772	
7045	-8297	1246	321	-2088	1755	
6976	-8339	1355	350	-2096	1739	
6907	-8378	1464	378	-2107	1722	
6838	-8416	1572	403	-2118	1703	
6766	-8452	1680	430	-2126	1685	
6695	-8488	1789	457	-2135	1667	
6621	-8523	1896	483	-2144	1649	
6546	-8556	2004	510	-2152	1629	
6471	-8589	2113	537	-2159	1610	
6394	-8619	2219	563	-2166	1591	
6317	-8649	2326	590	-2173	1573	
6240	-8676	2434	615	-2181	1552	
6159	-8702	2539	642	-2186	1532	
6080	-8727	2644	668	-2191	1513	
6000	-8751	2748	694	-2198	1492	
5916	-8774	2853	720	-2204	1470	
5834	-8795	2957	745	-2210	1450	
5751	-8816	3061	771	-2214	1431	
5666	-8834	3164	796	-2218	1408	
5580	-8851	3267	823	-2223	1387	
5494	-8868	3369	847	-2227	1365	
5407	-8882	3471	872	-2230	1343	
5319	-8895	3572	899	-2233	1322	
5232	-8907	3673	923	-2236	1299	
5142	-8918	3774	947	-2239	1276	
5052	-8926	3874	972	-2240	1255	
4962	-8934	3973	996	-2240	1231	
4870	-8941	4071	1020	-2243	1207	
4777	-8946	4168	1044	-2245	1185	
4685	-8950	4266	1070	-2245	1162	
4592	-8953	4363	1093	-2245	1138	
4496	-8953	4459	1116	-2246	1116	
4402	-8954	4554	1141	-2246	1093	
4304	-8952	4649	1164	-2245	1068	
4207	-8949	4744	1187	-2243	1044	
4111	-8946	4836	1210	-2241	1020	
4013	-8940	4928	1234	-2241	995	
3915	-8932	5021	1255	-2239	970	
3816	-8923	5111	1278	-2236	945	
3716	-8914	5202	1302	-2233	921	
3615	-8903	5291	1322	-2231	895	
3515	-8890	5380	1345	-2228	871	
3415	-8878	5467	1367	-2224	846	
3313	-8863	5554	1387	-2221	819	
3210	-8845	5641	1409	-2216	794	
3108	-8828	5726	1429	-2211	768	
3004	-8809	5811	1450	-2207	742	
2899	-8789	5894	1471	-2201	717	
2795	-8767	5977	1492	-2196	691	
2691	-8744	6058	1513	-2189	665	
2588	-8720	6139	1532	-2182	640	
2483	-8695	6219	1551	-2175	613	
2377	-8667	6298	1572	-2168	586	
2271	-8639	6377	1591	-2162	560	
2164	-8610	6454	1609	-2155	532	
2057	-8579	6530	1627	-2148	506	
1950	-8547	6605	1646	-2139	480	
1843	-8513	6679	1665	-2130	453	
1735	-8478	6752	1682	-2122	427	
1626	-8443	6824	1700	-2112	400	
1519	-8405	6896	1716	-2102	373	
1410	-8366	6965	1735	-2093	346	
1301	-8327	7035	1752	-2081	319	
1192	-8285	7103	1768	-2072	293	
1083	-8244	7169	1785	-2060	266	
975	-8200	7235	1802	-2049	241	
865	-8155	7300	1818	-2038	214	
755	-8108	7364	1831	-2028	186	
647	-8061	7427	1848	-2016	162	
536	-8014	7488	1863	-2002	135	
426	-7964	7549	1878	-1990	109	
318	-7913	7607	1894	-1977	85	
208	-7861	7666	1907	-1964	60	
97	-7808	7722	1920	-1951	35	
-13	-7753	7777	1934	-1937	10	
-122	-7698	7832	1947	-1924	-17	
-231	-7641	7885	1960	-1909	-52	
-341	-7583	7938	1974	-1893	-94	
-452	-7525	7989	1984	-1880	-137	
-561	-7465	8039	1996	-1864	-167	
-670	-7403	8087	2011	-1848	-185	
-781	-7340	8134	2022	-1833	-202	
-891	-7276	8180	2032	-1817	-224	
-999	-7211	8225	2043	-1801	-255	
-1108	-7147	8269	2054	-1784	-287	
-1217	-7081	8312	2066	-1766	-314	
-1326	-7013	8353	2074	-1750	-341	
-1435	-6943	8392	2084	-1732	-366	
-1543	-6873	8431	2092	-1715	-394	
-1650	-6803	8468	2103	-1696	-421	
-1758	-6729	8504	2112	-1678	-447	
-1865	-6657	8540	2118	-1661	-475	
-1972	-6583	8573	2128	-1642	-501	
-2079	-6507	8605	2136	-1623	-528	
-2185	-6431	8636	2143	-1604	-554	
-2291	-6355	8665	2150	-1584	-581	
-2396	-6278	8694	2157	-1564	-608	
-2502	-6198	8720	2163	-1545	-633	
-2608	-6119	8746	2171	-1526	-660	
-2711	-6038	8770	2176	-1505	-687	
-2816	-5956	8793	2181	-1483	-712	
-2923	-5874	8815	2188	-1462	-737	
-3026	-5790	8836	2192	-1442	-763	
-3128	-5707	8855	2197	-1421	-789	
-3231	-5621	8872	2201	-1399	-814	
-3333	-5535	8889	2205	-1377	-840	
-3435	-5449	8905	2207	-1356	-867	
-3536	-5360	8918	2209	-1334	-892	
-3636	-5273	8930	2214	-1311	-916	
-3736	-5183	8941	2216	-1289	-941	
-3836	-5093	8950	2218	-1267	-967	
-3935	-5002	8959	2220	-1244	-990	
-4034	-4911	8966	2222	-1221	-1016	
-4132	-4819	8973	2223	-1197	-1040	
-4229	-4726	8977	2225	-1174	-1064	
-4326	-4632	8978	2225	-1151	-1088	
-4422	-4538	8980	2225	-1126	-1111	
-4518	-4443	8980	2227	-1102	-1134	
-4611	-4346	8979	2224	-1080	-1159	
-4706	-4249	8978	2223	-1055	-1183	
-4799	-4154	8974	2223	-1030	-1206	
-4890	-4056	8968	2220	-1007	-1229	
-4982	-3957	8961	2219	-982	-1251	
-5074	-3857	8953	2217	-957	-1273	
-5164	-3757	8944	2214	-933	-1296	
-5253	-3658	8934	2211	-906	-1319	
-5341	-3557	8922	2207	-882	-1341	
-5429	-3454	8908	2204	-857	-1364	
-5518	-3354	8894	2202	-829	-1385	
-5604	-3252	8878	2198	-804	-1405	
-5688	-3149	8861	2192	-779	-1427	
-5772	-3046	8843	2187	-754	-1448	
-5856	-2942	8823	2182	-728	-1469	
-5939	-2837	8801	2177	-701	-1489	
-6021	-2733	8778	2172	-676	-1509	
-6101	-2629	8755	2165	-649	-1529	
-6182	-2524	8730	2158	-622	-1549	
-6261	-2418	8703	2152	-596	-1569	
-6338	-2311	8674	2145	-570	-1588	
-6416	-2204	8646	2137	-545	-1608	
-6492	-2097	8615	2129	-517	-1626	
-6568	-1990	8583	2122	-489	-1644	
-6642	-1883	8551	2112	-464	-1664	
-6715	-1776	8516	2103	-437	-1681	
-6788	-1667	8481	2095	-410	-1699	
-6859	-1559	8444	2085	-383	-1718	
-6929	-1451	8405	2076	-357	-1735	
-6997	-1343	8365	2066	-329	-1752	
-7066	-1234	8325	2056	-302	-1769	
-7133	-1124	8283	2046	-276	-1785	
-7198	-1016	8240	2035	-249	-1801	
-7264	-906	8196	2024	-222	-1817	
-7328	-797	8150	2013	-194	-1833	
-7391	-687	8104	2001	-168	-1848	
-7453	-577	8055	1989	-141	-1864	
-7513	-468	8006	1976	-116	-1879	
-7572	-358	7956	1964	-89	-1893	
-7629	-248	7904	1950	-64	-1908	
-7687	-137	7851	1937	-39	-1922	
-7743	-28	7796	1924	-12	-1937	
-7797	81	7741	1909	13	-1950	
-7852	193	7684	1896	39	-1963	
-7904	302	7627	1881	67	-1976	
-7956	412	7569	1866	99	-1988	
-8005	523	7508	1851	136	-1999	
-8053	632	7447	1836	172	-2011	
-8103	742	7386	1821	202	-2024	
-8147	851	7322	1805	227	-2034	
-8193	961	7258	1790	248	-2046	
-8238	1071	7192	1773	272	-2059	
-8279	1179	7125	1754	298	-2068	
-8321	1288	7058	1739	328	-2078	
-8360	1396	6989	1721	357	-2088	
-8400	1506	6920	1704	383	-2097	
-8438	1615	6850	1686	410	-2107	
-8475	1723	6777	1668	438	-2116	
-8510	1830	6705	1651	464	-2124	
-8542	1938	6631	1632	491	-2132	
-8577	2046	6556	1614	519	-2140	
-8607	2151	6480	1594	545	-2148	
-8636	2259	6403	1575	571	-2154	
-8666	2365	6326	1557	599	-2161	
-8693	2471	6247	1535	624	-2169	
-8719	2577	6167	1515	650	-2176	
-8743	2681	6087	1496	677	-2181	
-8767	2786	6005	1476	703	-2186	
-8790	2890	5923	1456	729	-2192	
-8810	2995	5840	1435	755	-2198	
-8830	3098	5756	1413	781	-2202	
-8848	3201	5671	1392	807	-2206	
-8863	3304	5586	1370	832	-2211	
-8880	3405	5498	1349	858	-2214	
-8894	3508	5411	1328	884	-2217	
-8907	3608	5322	1305	909	-2220	
-8919	3708	5233	1283	933	-2222	
-8928	3808	5143	1261	958	-2225	
-8937	3907	5053	1238	983	-2228	
-8944	4007	4962	1215	1007	-2229	
-8950	4105	4868	1192	1032	-2230	
-8956	4202	4776	1170	1056	-2231	
-8959	4299	4682	1146	1080	-2232	
-8962	4395	4588	1123	1105	-2232	
-8962	4491	4493	1099	1129	-2231	
-8960	4586	4396	1074	1151	-2232	
-8958	4680	4300	1052	1175	-2231	
-8955	4773	4203	1028	1199	-2230	
-8950	4866	4105	1002	1220	-2231	
-8944	4959	4008	979	1245	-2227	
-8938	5050	3909	956	1269	-2223	
-8927	5141	3809	930	1290	-2223	
-8918	5230	3710	904	1312	-2220	
-8908	5319	3609	880	1335	-2216	
-8895	5408	3507	855	1356	-2213	
-8881	5495	3406	830	1378	-2209	
-8865	5582	3304	805	1400	-2205	
-8849	5668	3201	779	1421	-2201	
-8831	5753	3097	754	1442	-2196	
-8811	5837	2994	729	1464	-2191	
-8788	5919	2889	703	1485	-2187	
-8767	6002	2785	675	1504	-2181	
-8744	6083	2681	651	1524	-2173	
-8719	6164	2576	625	1545	-2168	
-8694	6243	2470	597	1563	-2162	
-8667	6321	2364	573	1583	-2154	
-8638	6399	2257	547	1603	-2147	
-8607	6476	2149	519	1621	-2139	
-8576	6552	2042	492	1641	-2131	
-8543	6626	1935	465	1660	-2124	
-8509	6700	1826	441	1676	-2114	
-8474	6773	1719	414	1695	-2105	
-8439	6845	1610	386	1713	-2097	
-8400	6916	1502	361	1732	-2086	
-8361	6985	1393	336	1750	-2074	
-8322	7054	1283	307	1765	-2066	
-8279	7121	1175	279	1781	-2056	
-8238	7187	1067	253	1799	-2045	
-8195	7254	957	227	1814	-2033	
-8149	7317	846	200	1829	-2022	
-8102	7380	737	175	1846	-2010	
-8055	7443	627	149	1861	-1999	
-8006	7503	517	122	1878	-1986	
-7956	7564	407	98	1892	-1973	
-7905	7623	297	72	1904	-1960	
-7853	7680	187	45	1919	-1948	
-7798	7735	77	19	1934	-1934	
-7743	7789	-33	-9	1947	-1920	
-7689	7845	-143	-42	1959	-1907	
-7632	7898	-254	-78	1973	-1894	
-7573	7949	-364	-112	1986	-1878	
-7515	8000	-473	-141	1998	-1863	
-7455	8049	-583	-164	2011	-1847	
-7393	8096	-693	-187	2022	-1831	
-7329	8144	-803	-211	2034	-1817	
-7265	8189	-912	-240	2045	-1799	
-7201	8234	-1023	-269	2055	-1784	
-7133	8277	-1133	-296	2066	-1768	
-7066	8319	-1241	-323	2078	-1750	
-7001	8360	-1349	-350	2087	-1733	
-6931	8400	-1459	-377	2095	-1716	
-6859	8437	-1567	-404	2106	-1698	
-6789	8474	-1675	-430	2115	-1679	
-6717	8510	-1783	-458	2124	-1661	
-6644	8544	-1890	-484	2132	-1642	
-6569	8578	-1997	-510	2140	-1624	
-6493	8610	-2104	-537	2148	-1606	
-6418	8640	-2211	-563	2155	-1586	
-6341	8669	-2319	-589	2163	-1566	
-6262	8696	-2425	-617	2168	-1547	
-6182	8723	-2531	-643	2175	-1528	
-6102	8748	-2637	-668	2183	-1507	
-6021	8772	-2742	-696	2186	-1487	
-5939	8795	-2847	-721	2192	-1466	
-5857	8817	-2951	-746	2198	-1445	
-5774	8836	-3054	-772	2203	-1424	
-5690	8855	-3157	-797	2207	-1403	
-5605	8872	-3261	-822	2211	-1381	
-5518	8888	-3363	-847	2215	-1359	
-5431	8903	-3464	-873	2219	-1338	
-5344	8915	-3565	-898	2222	-1316	
-5255	8928	-3667	-923	2224	-1294	
-5166	8938	-3767	-947	2227	-1271	
-5075	8947	-3867	-972	2229	-1248	
-4984	8956	-3967	-997	2231	-1227	
-4893	8962	-4065	-1021	2232	-1204	
-4801	8967	-4162	-1045	2233	-1180	
-4708	8971	-4260	-1069	2234	-1156	
-4614	8973	-4357	-1093	2235	-1133	
-4520	8975	-4453	-1117	2234	-1109	
-4425	8974	-4549	-1141	2234	-1086	
-4329	8973	-4643	-1164	2233	-1063	
-4232	8970	-4736	-1187	2232	-1037	
-4136	8966	-4829	-1211	2231	-1013	
-4036	8960	-4922	-1234	2229	-989	
-3937	8953	-5015	-1255	2229	-963	
-3839	8944	-5105	-1277	2226	-940	
-3739	8934	-5195	-1300	2224	-914	
-3638	8925	-5285	-1321	2221	-888	
-3538	8912	-5374	-1344	2216	-865	
-3437	8897	-5462	-1367	2213	-839	
-3336	8883	-5548	-1388	2209	-813	
-3233	8866	-5634	-1409	2204	-788	
-3129	8848	-5720	-1429	2200	-761	
-3027	8830	-5804	-1451	2195	-736	
-2922	8809	-5887	-1472	2189	-711	
-2819	8788	-5970	-1491	2184	-685	
-2715	8765	-6053	-1512	2178	-658	
-2608	8741	-6133	-1532	2171	-632	
-2504	8715	-6213	-1551	2166	-606	
-2396	8687	-6293	-1571	2160	-580	
-2290	8659	-6370	-1590	2152	-554	
-2187	8630	-6446	-1609	2144	-527	
-2079	8599	-6523	-1628	2136	-501	
-1973	8568	-6599	-1647	2127	-474	
-1867	8534	-6672	-1665	2119	-447	
-1759	8499	-6746	-1682	2110	-419	
-1652	8463	-6819	-1701	2101	-394	
-1544	8425	-6890	-1718	2091	-366	
-1436	8387	-6960	-1734	2081	-339	
-1327	8348	-7028	-1753	2071	-313	
-1216	8306	-7096	-1769	2060	-286	
-1108	8263	-7164	-1785	2052	-260	
-1000	8220	-7230	-1801	2040	-234	
-889	8176	-7293	-1818	2027	-207	
-780	8130	-7358	-1835	2014	-180	
-671	8082	-7421	-1849	2003	-155	
-561	8033	-7481	-1863	1992	-128	
-451	7985	-7542	-1878	1979	-101	
-341	7933	-7601	-1893	1966	-74	
-231	7882	-7659	-1906	1953	-50	
-121	7828	-7715	-1921	1940	-26	
-12	7773	-7771	-1935	1927	-1	
98	7719	-7827	-1948	1911	23	
209	7662	-7879	-1961	1898	49	
318	7604	-7932	-1973	1884	82	
427	7545	-7982	-1986	1867	120	
537	7484	-8032	-1997	1852	160	
646	7423	-8081	-2009	1838	195	
755	7361	-8128	-2022	1822	218	
864	7298	-8174	-2033	1806	238	
974	7233	-8219	-2043	1789	260	
1083	7167	-8263	-2054	1772	285	
1193	7100	-8306	-2065	1756	316	
1301	7033	-8347	-2074	1740	344	
1409	6964	-8386	-2084	1721	373	
1518	6893	-8424	-2093	1704	401	
1628	6822	-8462	-2102	1687	426	
1737	6750	-8498	-2112	1667	452	
1844	6678	-8533	-2120	1650	479	
1951	6604	-8567	-2128	1632	506	
2056	6528	-8599	-2136	1612	533	
2163	6452	-8630	-2144	1594	560	
2269	6376	-8660	-2151	1573	586	
2375	6298	-8687	-2158	1553	612	
2482	6219	-8715	-2164	1535	639	
2587	6139	-8741	-2169	1515	666	
2692	6058	-8764	-2176	1492	691	
2796	5977	-8788	-2182	1473	717	
2902	5895	-8810	-2185	1454	743	
3005	5811	-8830	-2192	1432	769	
3108	5727	-8849	-2196	1411	795	
3211	5642	-8867	-2199	1391	821	
3312	5555	-8883	-2204	1368	847	
3413	5468	-8898	-2207	1345	872	
3515	5381	-8912	-2211	1324	896	
3616	5293	-8924	-2214	1301	922	
3716	5204	-8935	-2216	1279	946	
3816	5113	-8946	-2218	1256	971	
3915	5023	-8953	-2220	1233	996	
4013	4931	-8960	-2222	1211	1021	
4110	4839	-8967	-2223	1188	1046	
4206	4745	-8970	-2224	1164	1069	
4304	4652	-8974	-2224	1140	1093	
4401	4557	-8976	-2224	1117	1118	
4496	4462	-8975	-2224	1092	1140	
4589	4367	-8974	-2224	1067	1164	
4684	4270	-8972	-2223	1045	1188	
4777	4173	-8967	-2222	1020	1212	
4868	4075	-8963	-2221	996	1235	
4961	3977	-8956	-2219	971	1257	
5053	3877	-8949	-2216	945	1280	
5142	3778	-8939	-2214	922	1302	
5231	3678	-8928	-2211	897	1325	
5320	3577	-8916	-2208	870	1345	
5409	3476	-8903	-2205	846	1367	
5495	3374	-8889	-2200	821	1390	
5580	3272	-8872	-2196	794	1410	
5666	3170	-8855	-2193	768	1431	
5751	3067	-8837	-2188	743	1454	
5834	2963	-8816	-2182	718	1474	
5917	2859	-8795	-2178	692	1494	
6000	2754	-8772	-2171	666	1514	
6080	2649	-8748	-2165	639	1535	
6161	2544	-8724	-2159	613	1554	
6241	2438	-8698	-2152	587	1573	
6318	2332	-8670	-2145	560	1593	
6395	2225	-8640	-2138	533	1613	
6471	2117	-8609	-2130	507	1633	
6546	2012	-8578	-2121	482	1650	
6620	1905	-8545	-2114	454	1667	
6693	1796	-8511	-2105	426	1687	
6765	1689	-8475	-2095	400	1706	
6837	1581	-8438	-2087	373	1723	
6908	1472	-8399	-2077	347	1741	
6977	1364	-8360	-2066	320	1758	
7046	1254	-8319	-2056	293	1774	
7112	1145	-8278	-2045	267	1790	
7178	1036	-8235	-2035	240	1806	
7243	926	-8189	-2024	213	1824	
7306	817	-8144	-2010	188	1839	
7368	708	-8098	-1999	161	1854	
7430	598	-8049	-1989	134	1870	
7491	489	-8000	-1975	109	1885	
7550	377	-7949	-1962	83	1900	
7609	268	-7898	-1950	57	1913	
7666	158	-7844	-1938	31	1927	
7721	47	-7790	-1924	5	1942	
7776	-63	-7735	-1910	-24	1955	
7830	-173	-7680	-1896	-58	1969	
7883	-282	-7622	-1881	-96	1981	
7934	-392	-7563	-1865	-133	1993	
7984	-502	-7503	-1851	-160	2005	
8032	-611	-7442	-1834	-180	2019	
8079	-722	-7380	-1819	-203	2030	
8125	-831	-7316	-1804	-227	2041	
8170	-940	-7252	-1787	-256	2053	
8216	-1049	-7187	-1772	-287	2063	
8258	-1158	-7120	-1756	-314	2074	
8299	-1268	-7053	-1739	-341	2084	
8340	-1376	-6984	-1722	-368	2094	
8379	-1484	-6914	-1704	-394	2103	
8417	-1594	-6843	-1687	-422	2114	
8452	-1701	-6771	-1668	-449	2122	
8487	-1809	-6699	-1650	-476	2129	
8522	-1916	-6625	-1632	-504	2138	
8554	-2022	-6549	-1613	-530	2146	
8584	-2130	-6473	-1594	-556	2154	
8614	-2236	-6397	-1575	-583	2162	
8643	-2343	-6320	-1556	-610	2168	
8670	-2449	-6241	-1537	-638	2175	
8697	-2553	-6161	-1517	-663	2181	
8722	-2659	-6080	-1497	-689	2187	
8744	-2765	-5999	-1476	-716	2193	
8767	-2870	-5917	-1455	-741	2198	
8787	-2973	-5834	-1434	-766	2203	
8806	-3077	-5750	-1413	-793	2206	
8826	-3180	-5665	-1392	-818	2211	
8842	-3282	-5579	-1372	-845	2216	
8857	-3385	-5492	-1351	-871	2219	
8871	-3486	-5405	-1327	-893	2223	
8883	-3586	-5316	-1307	-920	2224	
8895	-3687	-5227	-1285	-946	2227	
8905	-3788	-5138	-1260	-969	2232	
8915	-3887	-5047	-1239	-995	2234	
8923	-3986	-4955	-1216	-1019	2235	
8929	-4084	-4863	-1193	-1044	2236	
8932	-4181	-4770	-1170	-1068	2237	
8936	-4278	-4677	-1146	-1092	2238	
8938	-4375	-4582	-1123	-1116	2238	
8938	-4470	-4487	-1100	-1139	2238	
8937	-4565	-4391	-1075	-1163	2238	
8935	-4660	-4295	-1050	-1187	2236	
8933	-4753	-4198	-1026	-1209	2235	
8927	-4846	-4100	-1003	-1233	2233	
8920	-4938	-4002	-978	-1257	2233	
8914	-5029	-3902	-953	-1279	2231	
8905	-5119	-3803	-929	-1301	2228	
8895	-5209	-3703	-904	-1324	2225	
8883	-5298	-3601	-878	-1347	2222	
8871	-5386	-3501	-855	-1368	2219	
8856	-5474	-3398	-829	-1390	2216	
8841	-5561	-3297	-803	-1410	2212	
8825	-5647	-3195	-778	-1432	2207	
8807	-5732	-3091	-750	-1452	2204	
8786	-5816	-2986	-726	-1473	2198	
8765	-5899	-2882	-701	-1495	2191	
8743	-5980	-2778	-673	-1514	2187	
8720	-6061	-2672	-649	-1535	2181	
8697	-6143	-2567	-623	-1556	2173	
8670	-6223	-2462	-597	-1575	2167	
8642	-6301	-2355	-570	-1595	2160	
8613	-6379	-2248	-543	-1614	2153	
8582	-6456	-2140	-517	-1633	2145	
8552	-6530	-2034	-492	-1652	2137	
8520	-6605	-1927	-465	-1670	2130	
8486	-6680	-1820	-438	-1689	2121	
8450	-6752	-1712	-411	-1707	2112	
8414	-6824	-1603	-384	-1723	2103	
8378	-6894	-1495	-357	-1741	2094	
8338	-6964	-1386	-330	-1758	2084	
8297	-7033	-1277	-304	-1776	2072	
8257	-7101	-1168	-278	-1794	2062	
8215	-7167	-1059	-252	-1809	2050	
8169	-7232	-950	-225	-1825	2039	
8123	-7295	-840	-197	-1841	2028	
8077	-7360	-731	-172	-1857	2016	
8030	-7421	-620	-145	-1872	2004	
7981	-7481	-510	-118	-1887	1992	
7932	-7543	-400	-93	-1903	1980	
7882	-7601	-289	-67	-1917	1966	
7828	-7658	-180	-40	-1929	1953	
7774	-7714	-70	-15	-1945	1940	
7721	-7769	40	11	-1958	1926	
7663	-7824	151	37	-1971	1912	
7607	-7876	261	65	-1984	1896	
7550	-7928	370	95	-1997	1882	
7490	-7979	480	128	-2010	1868	
7429	-8028	592	161	-2022	1853	
7368	-8076	700	192	-2033	1837	
7304	-8123	810	218	-2045	1822	
7240	-8169	920	243	-2055	1805	
7176	-8213	1029	266	-2067	1788	
7112	-8256	1139	294	-2078	1772	
7044	-8298	1247	323	-2087	1756	
6976	-8339	1356	349	-2099	1738	
6907	-8378	1465	376	-2109	1721	
6834	-8417	1574	404	-2116	1704	
6764	-8453	1682	431	-2126	1685	
6693	-8489	1791	456	-2135	1667	
6618	-8523	1899	485	-2143	1648	
6544	-8557	2005	512	-2152	1630	
6469	-8589	2114	537	-2159	1611	
6392	-8619	2222	563	-2166	1591	
6315	-8648	2328	589	-2174	1572	
6237	-8676	2435	617	-2180	1553	
6158	-8702	2540	643	-2185	1532	
6079	-8726	2645	668	-2192	1512	
5998	-8751	2750	696	-2198	1492	
5916	-8774	2855	720	-2203	1472	
5833	-8795	2959	746	-2209	1451	
5749	-8815	3062	772	-2215	1429	
5664	-8833	3165	797	-2219	1409	
5579	-8851	3269	822	-2222	1386	
5493	-8867	3371	848	-2226	1365	
5407	-8882	3472	874	-2230	1343	
5319	-8896	3575	898	-2233	1321	
5229	-8906	3675	923	-2236	1299	
5141	-8917	3774	950	-2238	1277	
5052	-8927	3874	972	-2240	1254	
4960	-8935	3974	998	-2241	1231	
4869	-8941	4072	1023	-2242	1210	
4777	-8945	4170	1045	-2244	1186	
4682	-8950	4268	1070	-2247	1162	
4588	-8953	4365	1094	-2246	1139	
4494	-8953	4461	1118	-2246	1116	
4400	-8954	4556	1141	-2245	1092	
4304	-8952	4651	1164	-2245	1068	
4207	-8949	4744	1188	-2244	1044	
4110	-8945	4837	1211	-2243	1019	
4011	-8940	4929	1233	-2241	994	
3915	-8932	5022	1256	-2240	970	
3814	-8923	5113	1279	-2237	946	
3714	-8914	5202	1302	-2233	920	
3617	-8903	5292	1324	-2231	895	
3513	-8891	5381	1345	-2227	870	
3413	-8878	5469	1367	-2224	845	
3312	-8862	5556	1388	-2220	821	
3209	-8846	5642	1409	-2216	793	
3107	-8828	5727	1430	-2211	767	
3003	-8809	5812	1450	-2206	743	
2899	-8789	5896	1471	-2201	717	
2796	-8766	5979	1492	-2195	691	
2691	-8742	6060	1511	-2190	665	
2586	-8720	6141	1532	-2185	638	
2482	-8694	6221	1552	-2175	612	
2375	-8666	6300	1571	-2170	585	
2270	-8638	6378	1590	-2163	558	
2164	-8608	6454	1609	-2154	534	
2056	-8577	6530	1628	-2146	507	
1949	-8546	6606	1647	-2138	480	
1842	-8512	6680	1665	-2130	453	
1735	-8478	6753	1683	-2122	426	
1627	-8442	6826	1700	-2112	399	
1519	-8404	6897	1718	-2103	373	
1409	-8366	6967	1735	-2093	346	
1300	-8326	7036	1752	-2083	320	
1191	-8286	7103	1768	-2071	293	
1082	-8243	7171	1785	-2060	266	
972	-8199	7237	1800	-2050	239	
862	-8155	7301	1816	-2040	213	
755	-8109	7364	1833	-2027	187	
645	-8061	7427	1847	-2015	160	
535	-8013	7489	1863	-2004	134	
427	-7963	7549	1879	-1990	108	
317	-7912	7607	1892	-1978	83	
206	-7860	7666	1907	-1964	60	
98	-7807	7723	1920	-1950	34	
-14	-7753	7778	1933	-1937	10	
-122	-7697	7833	1949	-1922	-17	
-232	-7640	7887	1962	-1907	-52	
-342	-7582	7938	1973	-1894	-96	
-451	-7524	7989	1986	-1878	-137	
-562	-7464	8039	1999	-1863	-165	
-671	-7401	8088	2010	-1849	-185	
-781	-7339	8135	2022	-1832	-201	
-890	-7276	8180	2033	-1816	-224	
-1000	-7211	8226	2043	-1800	-255	
-1110	-7146	8269	2055	-1784	-285	
-1218	-7079	8311	2065	-1767	-314	
-1327	-7011	8352	2075	-1749	-340	
-1436	-6942	8393	2085	-1731	-366	
-1544	-6873	8432	2094	-1714	-394	
-1651	-6801	8468	2103	-1696	-421	
-1760	-6730	8505	2112	-1677	-448	
-1867	-6657	8540	2121	-1659	-474	
-1974	-6582	8573	2127	-1642	-501	
-2079	-6507	8605	2136	-1623	-529	
