-2976	-5832	8825	2190	-1452	-751	
-3078	-5748	8846	2193	-1431	-777	
-3182	-5662	8864	2198	-1410	-803	
-3284	-5577	8881	2202	-1389	-829	
-3386	-5491	8898	2206	-1366	-855	
-3488	-5403	8911	2210	-1344	-879	
-3588	-5315	8924	2212	-1322	-905	
-3688	-5227	8937	2215	-1298	-930	
-3788	-5137	8946	2217	-1277	-954	
-3887	-5047	8955	2219	-1255	-979	
-3986	-4955	8964	2220	-1233	-1005	
-4084	-4864	8970	2222	-1210	-1028	
-4181	-4771	8975	2222	-1185	-1053	
-4278	-4677	8978	2223	-1162	-1077	
-4374	-4584	8980	2224	-1139	-1101	
-4471	-4489	8981	2225	-1116	-1124	
-4565	-4393	8980	2224	-1092	-1147	
-4659	-4297	8978	2223	-1067	-1171	
-4753	-4201	8976	2221	-1043	-1195	
-4844	-4103	8970	2221	-1018	-1219	
-4938	-4005	8965	2220	-993	-1240	
-5029	-3906	8958	2216	-970	-1264	
-5119	-3807	8949	2214	-945	-1286	
-5210	-3707	8939	2213	-919	-1307	
-5299	-3607	8928	2210	-894	-1330	
-5388	-3505	8915	2206	-868	-1351	
-5475	-3403	8901	2202	-843	-1374	
-5561	-3301	8886	2198	-818	-1396	
-5646	-3199	8870	2194	-792	-1417	
-5731	-3096	8852	2190	-766	-1438	
-5816	-2992	8833	2184	-740	-1458	
-5899	-2889	8811	2180	-713	-1479	
-5981	-2783	8790	2175	-688	-1499	
-6063	-2679	8767	2168	-662	-1519	
-6142	-2575	8742	2162	-635	-1539	
-6222	-2468	8716	2155	-609	-1559	
-6301	-2363	8689	2147	-582	-1580	
-6379	-2256	8660	2141	-557	-1598	
-6454	-2149	8631	2133	-530	-1618	
-6531	-2043	8600	2125	-504	-1636	
-6607	-1936	8567	2118	-477	-1655	
-6680	-1829	8533	2108	-450	-1673	
-6752	-1720	8498	2100	-424	-1691	
-6823	-1612	8462	2090	-397	-1708	
-6895	-1504	8424	2080	-370	-1726	
-6965	-1396	8386	2071	-341	-1744	
-7032	-1287	8345	2062	-315	-1761	
-7100	-1178	8304	2051	-289	-1778	
-7168	-1068	8261	2040	-262	-1794	
-7234	-960	8217	2030	-235	-1810	
-7298	-850	8173	2017	-207	-1825	
-7361	-740	8127	2005	-182	-1841	
-7423	-631	8079	1994	-155	-1856	
-7484	-521	8031	1982	-128	-1872	
-7544	-411	7981	1970	-103	-1887	
-7603	-302	7930	1956	-76	-1901	
-7660	-192	7877	1943	-52	-1916	
-7716	-81	7823	1931	-27	-1930	
-7771	29	7768	1917	1	-1944	
-7826	138	7713	1902	25	-1957	
-7879	248	7656	1888	53	-1969	
-7930	359	7598	1874	85	-1981	
-7981	468	7539	1858	118	-1994	
-8030	579	7478	1843	154	-2007	
-8078	689	7416	1828	187	-2018	
-8126	798	7353	1813	214	-2030	
-8171	907	7289	1797	237	-2042	
-8215	1016	7224	1780	260	-2053	
-8259	1126	7159	1763	284	-2063	
-8300	1235	7092	1748	314	-2072	
-8342	1344	7023	1731	344	-2083	
-8382	1453	6953	1713	372	-2094	
-8419	1561	6884	1696	399	-2102	
-8458	1669	6813	1679	424	-2110	
-8492	1777	6741	1659	451	-2119	
-8527	1885	6668	1641	478	-2129	
-8561	1992	6592	1623	506	-2137	
-8592	2100	6518	1604	532	-2145	
-8623	2207	6442	1585	559	-2152	
-8651	2313	6364	1565	585	-2160	
-8680	2419	6286	1547	611	-2166	
-8707	2526	6206	1527	638	-2171	
-8732	2630	6127	1505	663	-2179	
-8756	2735	6046	1487	691	-2185	
-8779	2841	5964	1465	717	-2189	
-8800	2943	5881	1444	743	-2196	
-8820	3047	5797	1423	768	-2201	
-8840	3151	5713	1403	793	-2203	
-8857	3253	5627	1382	820	-2209	
-8871	3356	5541	1360	845	-2212	
-8887	3457	5454	1338	871	-2215	
-8901	3559	5365	1316	896	-2220	
-8913	3660	5276	1295	922	-2222	
-8924	3760	5188	1272	947	-2223	
-8934	3859	5097	1250	972	-2226	
-8941	3959	5005	1227	996	-2228	
-8947	4057	4913	1205	1021	-2230	
-8954	4154	4821	1182	1045	-2232	
-8958	4252	4729	1157	1068	-2232	
-8960	4348	4634	1135	1094	-2232	
-8962	4444	4539	1112	1116	-2233	
-8962	4540	4444	1088	1140	-2232	
-8961	4634	4348	1063	1164	-2231	
-8957	4729	4252	1040	1187	-2231	
-8953	4823	4154	1015	1211	-2230	
-8948	4914	4056	990	1233	-2229	
-8939	5006	3957	966	1257	-2226	
-8933	5097	3859	942	1280	-2223	
-8924	5187	3757	916	1302	-2221	
-8913	5276	3659	892	1325	-2218	
-8901	5365	3558	868	1347	-2215	
-8887	5453	3455	842	1369	-2211	
-8872	5540	3354	816	1388	-2208	
-8855	5626	3252	792	1410	-2204	
-8838	5711	3149	766	1432	-2199	
-8820	5796	3045	741	1451	-2194	
-8799	5880	2941	715	1473	-2189	
-8779	5962	2837	689	1494	-2183	
-8756	6043	2732	664	1514	-2178	
-8732	6124	2627	638	1536	-2171	
-8707	6206	2523	611	1554	-2164	
-8681	6284	2417	584	1573	-2159	
-8651	6362	2309	559	1594	-2150	
-8621	6439	2203	531	1612	-2143	
-8591	6515	2096	505	1631	-2137	
-8559	6591	1987	480	1649	-2127	
-8527	6665	1879	452	1669	-2118	
-8493	6738	1772	426	1686	-2110	
-8456	6810	1664	401	1704	-2101	
-8419	6881	1555	374	1722	-2092	
-8380	6952	1446	346	1739	-2082	
-8341	7020	1338	320	1757	-2072	
-8299	7088	1228	293	1772	-2062	
-8259	7156	1119	268	1791	-2050	
-8217	7222	1010	241	1807	-2039	
-8170	7287	900	213	1823	-2030	
-8126	7350	791	188	1839	-2017	
-8078	7412	681	162	1853	-2004	
-8028	7474	571	135	1869	-1993	
-7979	7534	461	109	1883	-1980	
-7929	7593	351	84	1899	-1968	
-7879	7651	241	59	1913	-1954	
-7825	7708	130	33	1927	-1941	
-7771	7764	21	5	1941	-1928	
-7717	7819	-89	-26	1954	-1913	
-7659	7872	-199	-60	1967	-1900	
-7601	7925	-310	-95	1979	-1885	
-7542	7977	-420	-126	1992	-1871	
-7483	8025	-529	-151	2005	-1855	
-7420	8073	-639	-176	2018	-1838	
-7359	8122	-749	-200	2028	-1823	
-7296	8167	-858	-226	2040	-1806	
-7232	8212	-967	-254	2052	-1790	
-7167	8257	-1078	-283	2062	-1774	
-7100	8300	-1187	-310	2073	-1758	
-7032	8342	-1296	-337	2083	-1741	
-6962	8381	-1405	-363	2093	-1723	
-6894	8420	-1513	-390	2102	-1706	
-6823	8456	-1622	-417	2110	-1688	
-6752	8493	-1730	-444	2118	-1671	
-6680	8528	-1837	-470	2128	-1651	
-6604	8561	-1945	-497	2137	-1633	
-6530	8593	-2052	-526	2142	-1616	
-6455	8625	-2159	-551	2151	-1597	
-6378	8655	-2267	-576	2159	-1577	
-6300	8683	-2373	-605	2165	-1557	
-6221	8710	-2480	-630	2172	-1537	
-6142	8736	-2586	-656	2179	-1517	
-6062	8760	-2690	-683	2185	-1497	
-5981	8783	-2795	-708	2191	-1477	
-5899	8805	-2900	-734	2195	-1456	
-5815	8826	-3004	-760	2200	-1435	
-5731	8845	-3108	-785	2206	-1413	
-5646	8863	-3211	-811	2210	-1393	
-5561	8880	-3314	-835	2214	-1371	
-5474	8895	-3416	-860	2217	-1348	
-5388	8909	-3517	-886	2220	-1328	
-5299	8921	-3618	-912	2222	-1306	
-5210	8932	-3719	-936	2225	-1284	
-5122	8943	-3819	-961	2228	-1261	
-5030	8952	-3918	-986	2230	-1238	
-4939	8958	-4017	-1010	2231	-1215	
-4846	8964	-4116	-1035	2232	-1193	
-4753	8968	-4213	-1059	2234	-1169	
-4660	8971	-4309	-1083	2233	-1146	
-4565	8974	-4407	-1106	2234	-1122	
-4471	8974	-4501	-1129	2235	-1097	
-4374	8973	-4596	-1152	2235	-1074	
-4277	8971	-4692	-1176	2234	-1050	
-4182	8967	-4784	-1200	2232	-1025	
-4084	8962	-4877	-1222	2230	-1001	
-3987	8956	-4969	-1244	2228	-976	
-3887	8949	-5060	-1267	2228	-951	
-3788	8939	-5152	-1290	2224	-927	
-3687	8929	-5241	-1312	2221	-902	
-3586	8917	-5330	-1334	2219	-876	
-3486	8904	-5419	-1356	2215	-851	
-3384	8890	-5506	-1378	2210	-827	
-3283	8873	-5593	-1399	2207	-801	
-3181	8858	-5678	-1419	2203	-775	
-3076	8840	-5763	-1442	2198	-750	
-2974	8819	-5848	-1462	2193	-724	
-2870	8798	-5929	-1481	2186	-697	
-2764	8776	-6012	-1502	2181	-672	
-2660	8752	-6094	-1522	2175	-646	
-2554	8727	-6174	-1541	2168	-619	
-2450	8701	-6253	-1562	2162	-593	
-2345	8673	-6331	-1580	2155	-566	
-2237	8644	-6409	-1599	2148	-539	
-2132	8613	-6486	-1618	2139	-513	
-2025	8583	-6562	-1635	2132	-485	
-1917	8551	-6637	-1656	2124	-460	
-1811	8516	-6710	-1674	2115	-433	
-1704	8480	-6782	-1690	2107	-406	
-1596	8444	-6855	-1709	2097	-380	
-1488	8406	-6925	-1727	2087	-352	
-1380	8366	-6995	-1744	2077	-326	
-1271	8327	-7063	-1760	2066	-300	
-1161	8286	-7130	-1777	2055	-273	
-1052	8241	-7196	-1794	2045	-246	
-943	8197	-7263	-1810	2033	-218	
-833	8152	-7327	-1825	2022	-191	
-723	8106	-7390	-1840	2010	-165	
-614	8058	-7452	-1856	1998	-139	
-505	8009	-7512	-1871	1987	-114	
-394	7958	-7572	-1885	1974	-88	
-283	7907	-7630	-1899	1959	-63	
-175	7855	-7689	-1914	1946	-38	
-65	7800	-7745	-1928	1933	-13	
45	7745	-7800	-1942	1919	12	
155	7690	-7853	-1954	1904	37	
263	7632	-7906	-1966	1890	65	
372	7574	-7957	-1980	1876	101	
483	7514	-8007	-1992	1861	140	
593	7454	-8058	-2003	1845	178	
701	7392	-8105	-2015	1830	207	
811	7328	-8151	-2026	1814	228	
922	7265	-8197	-2037	1798	249	
1030	7200	-8242	-2049	1781	272	
1139	7133	-8285	-2061	1764	299	
1248	7066	-8327	-2070	1747	332	
1358	6997	-8367	-2080	1730	359	
1467	6928	-8405	-2090	1713	386	
1575	6858	-8444	-2099	1695	412	
1684	6786	-8481	-2108	1677	438	
1791	6713	-8517	-2115	1658	466	
1899	6640	-8551	-2123	1641	493	
2005	6564	-8583	-2132	1622	519	
2112	6489	-8615	-2139	1602	547	
2220	6414	-8645	-2146	1584	574	
2324	6336	-8674	-2154	1564	599	
2430	6258	-8702	-2160	1545	627	
2536	6178	-8727	-2164	1525	653	
2640	6097	-8753	-2172	1503	678	
2745	6017	-8776	-2179	1483	705	
2849	5935	-8800	-2184	1463	731	
2953	5852	-8821	-2188	1441	757	
3055	5769	-8838	-2193	1421	783	
3159	5683	-8858	-2197	1399	808	
3262	5597	-8876	-2202	1377	833	
3363	5512	-8891	-2206	1357	859	
3466	5424	-8906	-2210	1334	884	
3566	5336	-8918	-2213	1312	909	
3666	5247	-8931	-2215	1291	934	
3766	5157	-8941	-2217	1268	959	
3866	5067	-8949	-2220	1245	984	
3965	4977	-8957	-2221	1221	1009	
4062	4885	-8964	-2222	1198	1034	
4160	4792	-8968	-2224	1175	1058	
4258	4698	-8972	-2224	1151	1082	
4354	4603	-8975	-2224	1128	1106	
4449	4509	-8975	-2223	1105	1129	
4544	4414	-8974	-2224	1081	1153	
4640	4317	-8973	-2224	1056	1177	
4731	4221	-8970	-2222	1032	1200	
4824	4123	-8966	-2221	1008	1224	
4917	4025	-8959	-2219	985	1246	
5007	3927	-8952	-2217	958	1267	
5099	3827	-8944	-2216	933	1291	
5188	3727	-8933	-2213	909	1314	
5277	3627	-8922	-2209	883	1336	
5365	3526	-8910	-2206	859	1358	
5452	3425	-8896	-2203	834	1380	
5538	3323	-8880	-2198	807	1400	
5624	3221	-8864	-2194	783	1422	
5709	3118	-8846	-2190	756	1443	
5794	3014	-8827	-2184	731	1464	
5878	2911	-8806	-2178	705	1485	
5959	2805	-8784	-2173	679	1504	
6040	2700	-8761	-2168	653	1524	
6121	2596	-8736	-2160	627	1546	
6201	2490	-8711	-2155	599	1565	
6279	2385	-8683	-2149	574	1584	
6356	2278	-8655	-2140	548	1604	
6434	2171	-8624	-2133	521	1624	
6509	2064	-8593	-2126	495	1642	
6584	1958	-8561	-2117	467	1661	
6659	1850	-8527	-2109	440	1678	
6731	1742	-8493	-2100	414	1696	
6803	1634	-8456	-2090	386	1714	
6872	1526	-8420	-2082	359	1731	
6942	1417	-8380	-2070	335	1749	
7011	1308	-8340	-2061	307	1766	
7077	1200	-8298	-2052	278	1782	
7145	1090	-8255	-2040	252	1800	
7212	981	-8212	-2030	226	1816	
7276	871	-8167	-2017	199	1832	
7338	761	-8120	-2005	173	1847	
7400	652	-8073	-1993	147	1863	
7460	542	-8025	-1983	122	1879	
7522	432	-7975	-1969	96	1893	
7580	322	-7923	-1957	70	1907	
7636	212	-7871	-1943	45	1922	
7695	103	-7817	-1929	18	1935	
7750	-8	-7763	-1916	-8	1948	
7802	-118	-7706	-1900	-40	1962	
7856	-228	-7649	-1887	-76	1974	
7909	-337	-7592	-1873	-114	1987	
7957	-447	-7532	-1858	-147	2000	
8008	-557	-7472	-1844	-170	2013	
8057	-667	-7411	-1827	-192	2024	
8103	-777	-7347	-1811	-215	2036	
8149	-885	-7283	-1796	-242	2047	
8194	-995	-7219	-1780	-271	2058	
8238	-1105	-7153	-1763	-301	2068	
8280	-1213	-7085	-1746	-328	2079	
8318	-1322	-7018	-1730	-354	2089	
8358	-1432	-6948	-1712	-380	2098	
8397	-1540	-6877	-1693	-407	2109	
8434	-1648	-6806	-1676	-435	2118	
8470	-1756	-6735	-1660	-464	2125	
8505	-1863	-6661	-1642	-490	2134	
8538	-1970	-6587	-1621	-517	2141	
8569	-2077	-6512	-1603	-543	2150	
8599	-2185	-6435	-1585	-570	2159	
8629	-2291	-6358	-1565	-597	2165	
8656	-2396	-6280	-1545	-622	2172	
8683	-2502	-6202	-1526	-649	2177	
8708	-2608	-6122	-1507	-677	2183	
8732	-2714	-6039	-1485	-701	2190	
8756	-2818	-5958	-1464	-727	2195	
8778	-2923	-5875	-1445	-755	2199	
8797	-3026	-5791	-1423	-780	2205	
8815	-3129	-5706	-1402	-806	2211	
8832	-3231	-5621	-1382	-832	2214	
8849	-3333	-5535	-1361	-857	2218	
8865	-3435	-5448	-1338	-882	2222	
8879	-3537	-5360	-1316	-908	2224	
8890	-3638	-5271	-1294	-933	2227	
8901	-3738	-5182	-1272	-957	2230	
8910	-3837	-5091	-1249	-982	2232	
8917	-3936	-5000	-1225	-1006	2235	
8924	-4035	-4909	-1204	-1031	2235	
8929	-4133	-4815	-1181	-1054	2236	
8934	-4230	-4723	-1157	-1080	2237	
8937	-4328	-4628	-1134	-1104	2238	
8939	-4423	-4533	-1112	-1128	2238	
8939	-4518	-4438	-1088	-1152	2237	
8937	-4613	-4343	-1064	-1175	2237	
8933	-4706	-4246	-1041	-1198	2236	
8928	-4800	-4148	-1014	-1221	2235	
8924	-4892	-4050	-990	-1245	2234	
8917	-4984	-3951	-966	-1268	2232	
8909	-5075	-3852	-941	-1290	2231	
8900	-5165	-3751	-916	-1312	2227	
8887	-5254	-3651	-892	-1334	2222	
8877	-5343	-3551	-866	-1356	2221	
8864	-5431	-3449	-840	-1379	2218	
8848	-5518	-3347	-817	-1402	2213	
8833	-5604	-3244	-790	-1421	2210	
8815	-5689	-3141	-764	-1442	2205	
8796	-5774	-3038	-739	-1464	2199	
8776	-5857	-2935	-714	-1484	2195	
8755	-5940	-2830	-688	-1505	2189	
8732	-6023	-2726	-661	-1525	2183	
8708	-6102	-2621	-636	-1546	2176	
8683	-6183	-2515	-610	-1566	2170	
8655	-6263	-2409	-583	-1584	2163	
8628	-6340	-2302	-557	-1603	2156	
8600	-6418	-2195	-532	-1624	2148	
8567	-6493	-2087	-505	-1643	2141	
8536	-6569	-1980	-477	-1661	2134	
8504	-6643	-1873	-451	-1679	2125	
8469	-6717	-1766	-425	-1698	2115	
8433	-6788	-1658	-398	-1715	2107	
8394	-6859	-1548	-371	-1734	2097	
8356	-6930	-1439	-344	-1751	2087	
8318	-6999	-1331	-317	-1767	2078	
8275	-7067	-1222	-292	-1784	2067	
8235	-7134	-1114	-264	-1801	2056	
8194	-7200	-1004	-237	-1817	2045	
8146	-7265	-894	-211	-1832	2034	
8101	-7328	-784	-183	-1847	2023	
8055	-7391	-675	-156	-1864	2011	
8005	-7452	-564	-131	-1880	1999	
7956	-7513	-453	-105	-1895	1987	
7906	-7571	-344	-79	-1910	1973	
7854	-7630	-233	-53	-1924	1959	
7802	-7687	-124	-27	-1937	1946	
7748	-7743	-14	-2	-1951	1933	
7692	-7798	96	24	-1964	1918	
7635	-7850	207	51	-1977	1904	
7578	-7903	317	79	-1991	1890	
7520	-7955	425	111	-2003	1874	
7459	-8004	536	146	-2015	1860	
7398	-8053	646	177	-2028	1845	
7335	-8101	756	205	-2040	1829	
7273	-8146	865	231	-2052	1813	
7209	-8191	974	255	-2062	1797	
7142	-8236	1085	280	-2073	1779	
7076	-8278	1193	308	-2083	1763	
7008	-8319	1303	336	-2093	1747	
6940	-8359	1412	364	-2103	1730	
6870	-8398	1520	390	-2113	1713	
6800	-8436	1628	416	-2122	1694	
6728	-8472	1737	444	-2130	1674	
6654	-8507	1845	470	-2138	1657	
6582	-8540	1953	497	-2146	1640	
6507	-8572	2060	524	-2156	1620	
6432	-8603	2168	551	-2163	1602	
6355	-8633	2276	576	-2170	1583	
6276	-8662	2381	603	-2178	1562	
6199	-8689	2486	629	-2183	1542	
6120	-8714	2593	656	-2190	1523	
6040	-8739	2699	682	-2195	1504	
5958	-8763	2803	708	-2200	1482	
5874	-8785	2906	734	-2207	1461	
5792	-8805	3011	759	-2211	1442	
5708	-8825	3115	786	-2215	1421	
5623	-8842	3218	810	-2220	1399	
5537	-8859	3322	837	-2223	1378	
5450	-8874	3424	864	-2227	1357	
5363	-8888	3524	886	-2232	1333	
5275	-8901	3626	911	-2234	1310	
5187	-8912	3727	937	-2236	1290	
5095	-8921	3826	961	-2238	1267	
5005	-8931	3926	986	-2240	1243	
4915	-8938	4025	1011	-2242	1221	
4821	-8943	4122	1033	-2243	1198	
4729	-8948	4220	1059	-2244	1175	
4636	-8951	4318	1082	-2245	1151	
4542	-8953	4412	1105	-2246	1126	
4446	-8953	4509	1131	-2243	1103	
4349	-8953	4604	1151	-2244	1079	
4255	-8951	4698	1174	-2245	1054	
4158	-8947	4792	1200	-2242	1031	
4061	-8942	4885	1222	-2241	1007	
3964	-8935	4977	1244	-2240	981	
3865	-8928	5067	1267	-2237	958	
3765	-8919	5158	1290	-2235	932	
3665	-8908	5248	1312	-2232	907	
3564	-8897	5336	1334	-2228	884	
3463	-8884	5426	1355	-2227	858	
3362	-8869	5513	1377	-2222	833	
3259	-8853	5599	1398	-2217	807	
3157	-8836	5685	1419	-2213	781	
3055	-8818	5771	1441	-2208	755	
2950	-8799	5855	1461	-2204	729	
2846	-8777	5936	1480	-2200	702	
2742	-8756	6020	1501	-2193	676	
2637	-8732	6102	1523	-2186	653	
2533	-8706	6181	1542	-2179	625	
2428	-8680	6261	1560	-2173	599	
2322	-8652	6339	1581	-2166	572	
2215	-8623	6416	1599	-2159	545	
2108	-8593	6493	1618	-2151	519	
2001	-8562	6569	1638	-2143	492	
1895	-8529	6643	1656	-2134	466	
1788	-8495	6718	1675	-2125	440	
1681	-8460	6790	1693	-2116	413	
1572	-8423	6861	1707	-2108	386	
1462	-8385	6932	1726	-2098	359	
1354	-8346	7002	1744	-2088	333	
1245	-8305	7070	1759	-2078	306	
1136	-8264	7137	1777	-2065	279	
1028	-8221	7203	1793	-2055	252	
917	-8176	7270	1809	-2045	225	
808	-8131	7334	1826	-2033	199	
698	-8084	7397	1840	-2021	173	
589	-8036	7458	1854	-2010	147	
481	-7987	7520	1871	-1995	122	
371	-7938	7580	1885	-1983	95	
261	-7886	7637	1899	-1973	70	
151	-7833	7694	1914	-1957	46	
40	-7780	7750	1927	-1943	22	
-69	-7725	7806	1941	-1930	-3	
-179	-7668	7860	1954	-1915	-35	
-289	-7610	7913	1966	-1901	-73	
-399	-7553	7965	1980	-1886	-118	
-507	-7493	8015	1991	-1870	-155	
-617	-7433	8064	2003	-1856	-177	
-727	-7370	8111	2017	-1840	-194	
-836	-7307	8158	2028	-1823	-213	
-947	-7243	8204	2039	-1807	-240	
-1056	-7178	8248	2050	-1790	-271	
-1164	-7112	8291	2060	-1773	-300	
-1273	-7044	8332	2070	-1758	-327	
-1383	-6976	8373	2079	-1741	-354	
-1491	-6907	8413	2089	-1723	-381	
-1598	-6836	8450	2098	-1705	-408	
-1707	-6765	8486	2107	-1687	-435	
-1813	-6693	8522	2116	-1669	-461	
-1920	-6619	8557	2124	-1651	-487	
-2028	-6545	8589	2132	-1632	-514	
-2133	-6469	8621	2138	-1614	-541	
-2240	-6393	8651	2146	-1594	-569	
-2346	-6315	8680	2154	-1573	-595	
-2450	-6236	8708	2161	-1554	-620	
-2556	-6158	8734	2167	-1535	-647	
-2663	-6078	8759	2172	-1514	-674	
-2767	-5996	8782	2178	-1493	-700	
-2872	-5914	8806	2183	-1473	-726	
-2977	-5831	8826	2189	-1452	-752	
-3080	-5747	8845	2194	-1431	-777	
-3183	-5662	8865	2197	-1410	-803	
-3285	-5577	8882	2202	-1388	-829	
-3387	-5490	8897	2205	-1367	-855	
-3488	-5402	8911	2208	-1345	-880	
-3588	-5315	8924	2212	-1323	-905	
-3689	-5226	8937	2216	-1300	-930	
-3789	-5137	8946	2217	-1279	-956	
-3888	-5047	8955	2219	-1256	-979	
-3987	-4955	8963	2221	-1232	-1003	
-4084	-4863	8969	2221	-1210	-1030	
-4182	-4771	8974	2224	-1186	-1052	
-4279	-4678	8978	2224	-1162	-1076	
-4375	-4584	8980	2224	-1139	-1101	
-4471	-4489	8981	2224	-1115	-1123	
-4566	-4394	8980	2224	-1091	-1148	
-4660	-4298	8979	2224	-1067	-1171	
-4752	-4200	8975	2224	-1042	-1194	
-4846	-4102	8971	2222	-1017	-1218	
-4939	-4004	8965	2220	-993	-1241	
-5030	-3905	8958	2218	-968	-1263	
-5122	-3805	8950	2215	-944	-1286	
-5211	-3705	8939	2212	-920	-1308	
-5300	-3606	8928	2209	-894	-1330	
-5389	-3505	8916	2206	-869	-1351	
-5475	-3403	8901	2202	-845	-1374	
-5563	-3300	8886	2199	-817	-1396	
-5648	-3197	8869	2194	-792	-1417	
-5732	-3095	8851	2191	-766	-1438	
-5816	-2992	8832	2185	-740	-1459	
-5900	-2887	8811	2178	-716	-1480	
-5982	-2784	8790	2174	-687	-1500	
-6063	-2679	8767	2168	-661	-1520	
-6144	-2573	8741	2161	-637	-1540	
-6223	-2468	8716	2154	-609	-1559	
-6301	-2362	8689	2148	-583	-1579	
-6379	-2255	8660	2141	-557	-1598	
-6455	-2150	8630	2133	-530	-1618	
-6531	-2043	8600	2126	-504	-1636	
-6607	-1935	8567	2118	-477	-1655	
-6681	-1828	8533	2109	-450	-1674	
-6753	-1720	8498	2100	-423	-1690	
-6824	-1612	8462	2091	-396	-1709	
-6895	-1503	8424	2082	-369	-1726	
-6964	-1395	8385	2073	-341	-1744	
-7034	-1286	8345	2062	-315	-1761	
-7102	-1177	8305	2051	-288	-1777	
-7168	-1068	8261	2041	-261	-1793	
-7233	-959	8218	2029	-235	-1810	
-7297	-850	8173	2018	-208	-1826	
-7361	-741	8126	2006	-181	-1841	
-7423	-631	8079	1994	-155	-1857	
-7484	-521	8030	1982	-128	-1872	
-7543	-411	7981	1970	-102	-1887	
-7603	-301	7929	1957	-76	-1902	
-7660	-191	7877	1944	-51	-1915	
-7716	-81	7824	1931	-24	-1928	
-7772	29	7769	1916	1	-1943	
-7826	139	7712	1904	27	-1957	
-7878	248	7656	1890	54	-1970	
-7930	359	7597	1873	83	-1983	
-7982	470	7538	1859	118	-1995	
-8030	579	7478	1843	154	-2006	
-8079	688	7416	1828	186	-2018	
-8126	798	7353	1813	214	-2030	
-8171	907	7288	1797	236	-2042	
-8216	1018	7224	1780	260	-2053	
-8258	1127	7159	1763	286	-2062	
-8301	1235	7091	1746	314	-2074	
-8343	1344	7024	1730	343	-2084	
-8381	1453	6954	1713	372	-2093	
-8420	1562	6884	1695	398	-2103	
-8457	1670	6812	1677	423	-2112	
-8492	1778	6740	1658	451	-2120	
-8527	1886	6667	1641	478	-2129	
-8561	1993	6593	1621	505	-2137	
-8593	2100	6517	1604	532	-2144	
-8623	2207	6441	1585	557	-2153	
-8653	2313	6365	1565	584	-2159	
-8679	2419	6285	1546	612	-2165	
-8707	2526	6207	1526	638	-2173	
-8733	2631	6126	1507	664	-2177	
-8755	2736	6045	1487	691	-2185	
-8778	2841	5963	1465	717	-2191	
-8801	2944	5880	1446	742	-2194	
-8821	3049	5796	1425	769	-2199	
-8839	3152	5711	1403	795	-2205	
-8856	3253	5627	1381	819	-2209	
-8872	3356	5540	1360	846	-2211	
-8887	3458	5453	1339	872	-2215	
-8901	3558	5365	1317	896	-2219	
-8913	3660	5277	1293	921	-2221	
-8924	3760	5187	1272	945	-2225	
-8933	3859	5096	1250	970	-2226	
-8941	3958	5005	1228	996	-2227	
-8949	4057	4913	1204	1021	-2230	
-8954	4155	4821	1181	1045	-2231	
-8956	4252	4728	1159	1069	-2231	
-8961	4349	4634	1134	1093	-2233	
-8963	4446	4540	1111	1116	-2232	
-8961	4540	4444	1088	1139	-2231	
-8961	4635	4348	1064	1163	-2232	
-8956	4729	4251	1040	1188	-2231	
-8953	4823	4154	1015	1211	-2229	
-8949	4914	4055	991	1233	-2228	
-8940	5006	3957	967	1257	-2227	
-8933	5097	3858	941	1280	-2224	
-8923	5187	3758	916	1301	-2222	
-8913	5277	3658	894	1325	-2219	
-8900	5365	3557	867	1345	-2215	
-8886	5453	3455	840	1366	-2212	
-8873	5540	3353	818	1390	-2208	
-8855	5627	3251	792	1410	-2204	
-8838	5712	3148	765	1431	-2199	
-8819	5797	3044	740	1453	-2193	
-8799	5880	2940	715	1473	-2189	
-8779	5963	2837	689	1494	-2184	
-8756	6044	2733	663	1515	-2177	
-8732	6124	2627	637	1535	-2172	
-8705	6204	2522	611	1555	-2164	
-8678	6284	2416	585	1575	-2158	
-8651	6362	2309	558	1595	-2150	
-8622	6439	2202	533	1613	-2141	
-8591	6516	2095	507	1633	-2134	
-8560	6591	1987	479	1650	-2126	
-8527	6665	1880	452	1668	-2119	
-8492	6738	1772	426	1687	-2109	
-8457	6810	1663	399	1705	-2100	
-8419	6880	1555	374	1723	-2091	
-8381	6951	1447	346	1739	-2081	
-8341	7020	1338	318	1757	-2072	
-8300	7088	1228	294	1774	-2061	
-8259	7156	1119	267	1790	-2050	
-8215	7222	1009	240	1807	-2040	
-8170	7287	899	214	1823	-2028	
-8124	7350	791	188	1839	-2016	
-8078	7412	682	161	1853	-2004	
-8031	7474	571	135	1868	-1992	
-7980	7536	461	109	1885	-1980	
-7929	7594	351	83	1898	-1968	
-7877	7651	240	57	1913	-1953	
-7824	7708	130	32	1927	-1941	
-7770	7764	20	6	1940	-1927	
-7715	7819	-89	-26	1954	-1913	
-7659	7873	-200	-60	1967	-1899	
-7601	7925	-310	-95	1980	-1885	
-7544	7976	-420	-127	1994	-1871	
-7483	8026	-529	-152	2006	-1855	
-7420	8075	-639	-177	2016	-1839	
-7359	8122	-750	-200	2028	-1823	
-7296	8167	-859	-225	2040	-1807	
-7230	8213	-969	-255	2051	-1792	
-7166	8257	-1079	-281	2062	-1774	
-7100	8300	-1187	-309	2071	-1758	
-7033	8341	-1296	-337	2083	-1741	
-6963	8381	-1405	-363	2093	-1723	
-6894	8420	-1514	-390	2102	-1706	
-6823	8457	-1623	-417	2111	-1688	
-6750	8492	-1730	-442	2120	-1669	
-6678	8528	-1838	-471	2130	-1653	
-6605	8562	-1945	-498	2136	-1634	
-6530	8593	-2053	-523	2145	-1614	
-6454	8625	-2161	-551	2152	-1596	
-6378	8655	-2267	-578	2157	-1576	
-6301	8683	-2373	-603	2166	-1557	
-6221	8710	-2480	-629	2173	-1537	
-6141	8736	-2586	-657	2178	-1517	
-6060	8760	-2692	-681	2185	-1498	
-5980	8783	-2797	-709	2189	-1476	
-5898	8806	-2900	-734	2195	-1455	
-5814	8826	-3005	-761	2201	-1435	
-5730	8845	-3108	-787	2204	-1414	
-5646	8862	-3211	-810	2210	-1393	
-5560	8880	-3314	-836	2213	-1372	
-5475	8895	-3416	-862	2216	-1350	
-5387	8910	-3518	-888	2219	-1329	
-5298	8922	-3619	-911	2223	-1305	
-5210	8932	-3719	-936	2226	-1283	
-5121	8943	-3819	-961	2227	-1261	
-5029	8951	-3918	-985	2230	-1239	
-4937	8958	-4017	-1011	2231	-1216	
-4846	8964	-4116	-1034	2233	-1192	
-4754	8969	-4213	-1058	2234	-1169	
-4660	8972	-4309	-1083	2234	-1145	
-4565	8974	-4406	-1106	2234	-1122	
-4469	8974	-4502	-1129	2235	-1098	
-4376	8973	-4596	-1153	2233	-1074	
-4278	8971	-4690	-1176	2232	-1050	
-4180	8966	-4785	-1199	2233	-1025	
-4085	8962	-4877	-1222	2230	-1001	
-3987	8956	-4970	-1244	2229	-976	
-3887	8948	-5061	-1267	2227	-952	
-3786	8940	-5152	-1291	2224	-927	
-3687	8928	-5242	-1311	2222	-902	
-3586	8917	-5331	-1333	2219	-876	
-3485	8904	-5419	-1356	2215	-851	
-3383	8889	-5506	-1376	2211	-826	
-3282	8874	-5593	-1397	2207	-800	
-3180	8857	-5679	-1420	2203	-774	
-3076	8839	-5763	-1439	2199	-748	
-2973	8819	-5848	-1461	2193	-723	
-2869	8798	-5931	-1483	2186	-698	
-2764	8776	-6012	-1502	2180	-671	
-2659	8752	-6093	-1523	2175	-644	
-2555	8727	-6175	-1542	2169	-618	
-2449	8701	-6255	-1561	2162	-592	
-2344	8672	-6333	-1582	2155	-567	
-2238	8645	-6410	-1600	2148	-540	
-2131	8615	-6487	-1619	2141	-512	
-2025	8582	-6562	-1639	2131	-488	
-1918	8550	-6637	-1656	2123	-460	
-1811	8516	-6711	-1674	2116	-433	
-1705	8480	-6783	-1693	2105	-407	
-1595	8444	-6855	-1710	2096	-379	
-1488	8406	-6926	-1727	2086	-351	
-1381	8367	-6995	-1744	2076	-326	
-1270	8328	-7064	-1761	2066	-300	
-1160	8285	-7131	-1777	2055	-272	
-1051	8241	-7197	-1794	2045	-245	
-942	8198	-7263	-1810	2034	-219	
-833	8152	-7327	-1825	2022	-192	
-722	8106	-7390	-1840	2010	-165	
-614	8058	-7452	-1855	1997	-139	
-504	8009	-7512	-1870	1986	-112	
-393	7958	-7572	-1885	1974	-87	
-285	7907	-7630	-1899	1959	-63	
-174	7854	-7688	-1913	1947	-37	
-64	7800	-7744	-1928	1933	-13	
45	7745	-7799	-1941	1918	12	
153	7689	-7854	-1954	1905	37	
264	7632	-7906	-1968	1890	66	
374	7573	-7958	-1979	1876	102	
484	7514	-8008	-1991	1860	141	
594	7453	-8057	-2004	1845	179	
702	7391	-8105	-2015	1830	209	
813	7328	-8152	-2026	1814	230	
922	7264	-8198	-2039	1799	248	
1030	7199	-8241	-2047	1782	272	
1141	7133	-8285	-2058	1765	301	
1250	7066	-8326	-2071	1747	330	
1358	6997	-8367	-2079	1728	360	
1467	6928	-8406	-2089	1713	387	
1576	6857	-8445	-2099	1694	412	
1684	6786	-8482	-2108	1676	439	
1791	6713	-8517	-2116	1658	466	
1899	6639	-8551	-2124	1639	494	
2006	6565	-8584	-2133	1621	521	
2113	6489	-8615	-2140	1601	547	
2218	6414	-8645	-2147	1582	573	
2324	6337	-8674	-2153	1564	600	
2430	6257	-8702	-2161	1544	625	
2535	6179	-8727	-2167	1523	652	
2641	6097	-8753	-2173	1503	680	
2746	6016	-8777	-2180	1482	706	
2850	5934	-8799	-2185	1462	730	
2952	5851	-8820	-2188	1441	756	
3057	5768	-8840	-2194	1420	783	
3160	5683	-8859	-2199	1399	808	
3262	5598	-8876	-2202	1378	834	
3364	5511	-8892	-2206	1356	859	
3465	5424	-8905	-2207	1335	885	
3567	5336	-8919	-2211	1313	911	
3669	5246	-8931	-2214	1290	934	
3767	5157	-8940	-2216	1268	960	
3867	5067	-8950	-2219	1244	984	
3965	4976	-8958	-2221	1222	1009	
4063	4884	-8964	-2223	1198	1035	
4161	4791	-8969	-2224	1174	1058	
4258	4698	-8972	-2224	1152	1082	
4355	4603	-8973	-2224	1128	1106	
4450	4508	-8975	-2224	1104	1130	
4544	4413	-8975	-2224	1081	1154	
4640	4317	-8974	-2222	1056	1177	
4733	4220	-8970	-2222	1033	1200	
4825	4123	-8965	-2221	1008	1223	
4916	4025	-8959	-2219	983	1246	
5007	3926	-8952	-2217	959	1268	
5099	3827	-8944	-2217	934	1291	
5189	3727	-8934	-2214	908	1314	
5278	3626	-8923	-2208	883	1336	
5366	3526	-8909	-2206	858	1358	
5452	3425	-8895	-2203	834	1380	
5539	3322	-8881	-2198	809	1401	
5625	3220	-8864	-2194	782	1422	
5709	3118	-8846	-2189	757	1443	
5793	3014	-8827	-2184	731	1464	
5877	2910	-8805	-2182	703	1484	
5959	2805	-8783	-2174	679	1505	
6041	2701	-8761	-2168	653	1524	
6122	2596	-8736	-2163	625	1544	
6201	2490	-8710	-2154	599	1565	
6278	2384	-8683	-2149	574	1585	
6356	2278	-8654	-2140	547	1604	
6434	2172	-8625	-2132	521	1623	
6510	2064	-8593	-2125	495	1642	
6585	1957	-8562	-2117	467	1660	
6659	1849	-8528	-2108	441	1679	
6732	1741	-8492	-2100	414	1696	
6802	1633	-8456	-2090	387	1715	
6872	1524	-8418	-2079	360	1733	
6943	1416	-8380	-2070	333	1748	
7012	1309	-8340	-2060	307	1766	
7080	1198	-8299	-2049	280	1783	
7146	1089	-8255	-2040	252	1799	
7211	980	-8212	-2029	225	1815	
7276	870	-8168	-2018	199	1831	
7338	761	-8121	-2007	173	1847	
7400	651	-8073	-1994	147	1862	
7461	541	-8024	-1982	122	1878	
7521	431	-7975	-1968	95	1893	
7579	322	-7923	-1956	70	1908	
7637	212	-7871	-1943	44	1921	
7695	101	-7817	-1930	17	1934	
7749	-9	-7762	-1916	-10	1948	
7803	-118	-7707	-1901	-41	1962	
7858	-228	-7650	-1887	-76	1974	
7908	-338	-7592	-1873	-114	1987	
7958	-448	-7532	-1858	-146	2001	
8007	-559	-7471	-1843	-171	2012	
8056	-668	-7410	-1828	-192	2025	
8104	-776	-7347	-1812	-215	2036	
8150	-886	-7283	-1796	-243	2047	
8195	-997	-7219	-1779	-273	2057	
8238	-1106	-7153	-1763	-301	2068	
8279	-1215	-7085	-1748	-329	2079	
8318	-1323	-7017	-1730	-354	2088	
8359	-1432	-6948	-1712	-380	2098	
8398	-1540	-6877	-1697	-410	2107	
8434	-1648	-6806	-1678	-437	2117	
8470	-1756	-6735	-1658	-462	2126	
8506	-1863	-6662	-1640	-490	2133	
8538	-1970	-6587	-1621	-517	2142	
8570	-2078	-6512	-1602	-543	2151	
8599	-2184	-6435	-1584	-570	2157	
8628	-2292	-6358	-1565	-596	2164	
8656	-2398	-6280	-1546	-623	2170	
8683	-2502	-6200	-1527	-650	2178	
8710	-2608	-6121	-1505	-675	2186	
8733	-2714	-6039	-1485	-702	2190	
8756	-2818	-5957	-1465	-728	2195	
8778	-2923	-5874	-1443	-753	2202	
8797	-3026	-5791	-1423	-780	2206	
8815	-3130	-5706	-1403	-806	2209	
8833	-3232	-5621	-1382	-832	2214	
8849	-3335	-5535	-1360	-857	2218	
8864	-3436	-5447	-1339	-882	2220	
8878	-3537	-5360	-1317	-908	2224	
8891	-3638	-5271	-1295	-933	2227	
8902	-3739	-5182	-1272	-957	2230	
8910	-3838	-5091	-1249	-983	2232	
8919	-3937	-5000	-1227	-1008	2233	
8925	-4036	-4908	-1203	-1030	2235	
8930	-4133	-4815	-1180	-1054	2236	
8933	-4230	-4722	-1159	-1081	2237	
8936	-4328	-4627	-1135	-1106	2237	
8938	-4423	-4533	-1111	-1128	2238	
8939	-4518	-4438	-1086	-1151	2239	
8937	-4613	-4342	-1063	-1175	2238	
8933	-4707	-4246	-1038	-1199	2237	
8929	-4800	-4147	-1014	-1222	2235	
8923	-4892	-4049	-991	-1245	2234	
8916	-4985	-3952	-966	-1268	2232	
8908	-5075	-3851	-942	-1290	2229	
8899	-5166	-3751	-917	-1312	2227	
8889	-5255	-3652	-891	-1334	2224	
8877	-5343	-3551	-867	-1357	2220	
8863	-5431	-3449	-842	-1378	2217	
8848	-5518	-3347	-816	-1400	2213	
8831	-5605	-3245	-790	-1422	2209	
8814	-5690	-3141	-764	-1442	2205	
8795	-5774	-3038	-739	-1463	2200	
8776	-5858	-2934	-715	-1485	2194	
8756	-5941	-2830	-687	-1505	2189	
8732	-6022	-2725	-661	-1525	2184	
8708	-6103	-2620	-636	-1546	2176	
8683	-6183	-2515	-609	-1565	2171	
8657	-6263	-2409	-582	-1584	2164	
8627	-6340	-2301	-558	-1605	2156	
8598	-6417	-2194	-530	-1623	2150	
8567	-6494	-2087	-503	-1642	2142	
8537	-6569	-1979	-478	-1660	2133	
8503	-6643	-1872	-451	-1679	2125	
8469	-6717	-1766	-425	-1697	2116	
8433	-6790	-1658	-398	-1716	2106	
8394	-6861	-1548	-370	-1732	2098	
8357	-6930	-1439	-346	-1751	2087	
8317	-7000	-1331	-319	-1768	2077	
8275	-7067	-1222	-291	-1784	2068	
8234	-7133	-1112	-266	-1803	2056	
8193	-7200	-1003	-238	-1817	2044	
8148	-7265	-894	-209	-1831	2034	
8100	-7329	-783	-185	-1849	2022	
8054	-7390	-674	-160	-1866	2009	
8005	-7452	-564	-132	-1880	1998	
7956	-7513	-453	-104	-1894	1987	
7905	-7572	-344	-79	-1909	1972	
7853	-7630	-234	-53	-1924	1960	
7802	-7688	-124	-27	-1939	1946	
7747	-7743	-13	-1	-1951	1933	
7692	-7797	98	24	-1965	1919	
7636	-7851	207	50	-1979	1904	
7576	-7903	316	81	-1991	1891	
7519	-7955	426	112	-2003	1875	
7459	-8005	537	145	-2015	1860	
7398	-8054	647	177	-2028	1844	
7335	-8101	755	205	-2039	1830	
7273	-8147	866	230	-2050	1814	
7208	-8192	975	255	-2063	1796	
7143	-8235	1084	281	-2073	1781	
7077	-8278	1194	308	-2084	1763	
7008	-8320	1303	336	-2093	1746	
6940	-8360	1413	363	-2103	1729	
6870	-8398	1521	391	-2113	1711	
6799	-8436	1630	417	-2121	1694	
6727	-8472	1738	444	-2130	1677	
6655	-8506	1845	471	-2138	1659	
6583	-8540	1954	498	-2146	1639	
6507	-8572	2061	526	-2154	1621	
6431	-8604	2168	551	-2162	1602	
6354	-8634	2275	577	-2170	1583	
6276	-8662	2382	603	-2177	1563	
6199	-8689	2489	629	-2184	1543	
6119	-8715	2594	656	-2190	1523	
6039	-8740	2699	683	-2195	1502	
5956	-8763	2803	708	-2201	1482	
5875	-8785	2908	734	-2206	1462	
5792	-8805	3012	760	-2212	1440	
5708	-8825	3115	784	-2217	1419	
5623	-8841	3219	811	-2219	1398	
5537	-8859	3321	836	-2224	1376	
5451	-8874	3423	860	-2229	1353	
5362	-8888	3525	886	-2231	1333	
5274	-8901	3626	912	-2234	1312	
5186	-8911	3726	936	-2236	1289	
5095	-8922	3827	960	-2239	1266	
5004	-8931	3926	984	-2241	1244	
4914	-8937	4025	1009	-2242	1221	
4822	-8943	4123	1034	-2244	1198	
4729	-8948	4221	1057	-2245	1174	
4636	-8951	4317	1083	-2244	1152	
4541	-8953	4414	1107	-2244	1127	
4445	-8953	4510	1129	-2245	1102	
4351	-8953	4604	1154	-2244	1080	
4255	-8951	4698	1177	-2243	1055	
4158	-8947	4792	1200	-2242	1030	
4061	-8941	4884	1222	-2242	1006	
3963	-8935	4977	1244	-2241	982	
3864	-8928	5069	1268	-2238	957	
3764	-8918	5160	1291	-2235	932	
3664	-8909	5249	1312	-2233	907	
3563	-8897	5337	1334	-2230	882	
3463	-8883	5425	1356	-2226	857	
3362	-8870	5513	1376	-2222	831	
3258	-8853	5600	1399	-2218	806	
3156	-8836	5685	1419	-2212	781	
3055	-8818	5771	1441	-2207	755	
2950	-8799	5855	1462	-2204	729	
2846	-8777	5938	1481	-2199	703	
2741	-8755	6021	1503	-2193	678	
2636	-8732	6101	1522	-2186	651	
2532	-8706	6182	1542	-2180	624	
2427	-8679	6261	1562	-2173	599	
2321	-8652	6340	1581	-2166	572	
2215	-8623	6418	1600	-2158	546	
2109	-8593	6493	1618	-2150	519	
2002	-8562	6569	1637	-2143	493	
1895	-8529	6644	1656	-2134	466	
1788	-8495	6717	1675	-2124	439	
1678	-8459	6789	1691	-2117	412	
1571	-8423	6861	1710	-2106	385	
1463	-8385	6933	1727	-2097	359	
1354	-8346	7002	1742	-2089	332	
1246	-8305	7070	1759	-2078	305	
1136	-8264	7138	1775	-2067	277	
1026	-8221	7204	1792	-2055	251	
917	-8177	7270	1810	-2044	227	
807	-8131	7334	1825	-2033	200	
698	-8084	7396	1841	-2021	174	
590	-8036	7459	1857	-2008	149	
479	-7988	7519	1870	-1996	120	
369	-7937	7578	1886	-1982	96	
261	-7886	7638	1901	-1969	73	
151	-7833	7695	1914	-1958	46	
41	-7779	7751	1927	-1944	22	
-70	-7724	7806	1941	-1930	-4	
-180	-7668	7860	1955	-1916	-35	
-289	-7611	7913	1967	-1901	-73	
-399	-7552	7965	1979	-1886	-117	
-508	-7493	8016	1992	-1870	-154	
-619	-7432	8065	2004	-1856	-177	
-728	-7370	8111	2016	-1841	-192	
-838	-7307	8158	2027	-1824	-213	
-947	-7243	8204	2039	-1807	-240	
-1056	-7177	8249	2049	-1790	-272	
-1167	-7112	8292	2059	-1775	-301	
-1275	-7045	8334	2069	-1759	-327	
-1383	-6976	8374	2079	-1741	-354	
-1491	-6907	8412	2088	-1722	-380	
-1598	-6836	8451	2098	-1705	-407	
-1706	-6765	8487	2108	-1687	-436	
-1813	-6693	8523	2115	-1670	-463	
-1920	-6619	8557	2123	-1651	-488	
-2027	-6544	8590	2132	-1631	-515	
-2135	-6469	8621	2140	-1613	-541	
-2240	-6393	8651	2147	-1594	-568	
-2345	-6314	8681	2155	-1572	-596	
-2453	-6237	8709	2160	-1553	-622	
-2558	-6157	8735	2166	-1534	-647	
-2663	-6077	8759	2173	-1513	-673	
-2767	-5996	8782	2177	-1494	-700	
-2872	-5914	8806	2184	-1474	-726	
