-2505	-6195	8721	2164	-1545	-636	
-2611	-6115	8747	2169	-1525	-661	
-2716	-6035	8772	2176	-1504	-687	
-2821	-5953	8795	2183	-1482	-714	
-2927	-5871	8816	2187	-1462	-740	
-3031	-5787	8835	2192	-1441	-766	
-3131	-5703	8855	2196	-1420	-790	
-3235	-5618	8873	2200	-1400	-816	
-3338	-5532	8890	2204	-1377	-842	
-3439	-5446	8904	2207	-1356	-868	
-3542	-5357	8918	2211	-1334	-892	
-3642	-5269	8930	2214	-1310	-917	
-3743	-5180	8941	2216	-1289	-943	
-3841	-5089	8951	2219	-1266	-967	
-3939	-5000	8959	2222	-1242	-992	
-4039	-4907	8966	2222	-1219	-1017	
-4136	-4815	8972	2224	-1196	-1041	
-4233	-4723	8977	2225	-1172	-1064	
-4331	-4629	8980	2224	-1149	-1088	
-4427	-4534	8981	2225	-1127	-1113	
-4521	-4438	8980	2224	-1102	-1136	
-4616	-4344	8979	2223	-1077	-1161	
-4710	-4246	8977	2223	-1054	-1185	
-4803	-4149	8972	2222	-1029	-1207	
-4895	-4052	8968	2221	-1005	-1230	
-4986	-3952	8961	2219	-981	-1251	
-5079	-3853	8954	2216	-956	-1274	
-5168	-3754	8944	2214	-931	-1298	
-5256	-3653	8934	2212	-904	-1320	
-5346	-3553	8922	2208	-879	-1341	
-5433	-3452	8908	2205	-855	-1363	
-5521	-3350	8893	2201	-830	-1384	
-5607	-3247	8877	2196	-804	-1406	
-5692	-3144	8861	2193	-779	-1427	
-5777	-3041	8842	2188	-753	-1448	
-5860	-2938	8822	2183	-726	-1469	
-5943	-2834	8801	2177	-701	-1490	
-6024	-2729	8777	2170	-675	-1510	
-6104	-2625	8753	2165	-648	-1529	
-6186	-2518	8729	2158	-623	-1550	
-6264	-2413	8701	2151	-597	-1571	
-6342	-2306	8674	2145	-568	-1588	
-6421	-2200	8645	2136	-543	-1609	
-6496	-2093	8614	2128	-517	-1628	
-6571	-1986	8584	2121	-490	-1645	
-6646	-1879	8551	2113	-463	-1664	
-6719	-1772	8516	2103	-436	-1682	
-6790	-1663	8479	2094	-409	-1701	
-6862	-1556	8442	2086	-382	-1719	
-6932	-1447	8404	2076	-355	-1735	
-7000	-1338	8364	2065	-329	-1752	
-7069	-1230	8324	2056	-302	-1770	
-7136	-1121	8282	2046	-275	-1786	
-7203	-1011	8239	2035	-248	-1801	
-7267	-902	8194	2024	-219	-1818	
-7331	-792	8148	2013	-193	-1834	
-7394	-682	8101	1999	-167	-1850	
-7453	-573	8052	1988	-141	-1865	
-7514	-463	8004	1975	-116	-1880	
-7574	-354	7954	1962	-89	-1894	
-7633	-243	7901	1950	-62	-1908	
-7691	-133	7848	1937	-37	-1924	
-7745	-24	7793	1923	-12	-1936	
-7801	87	7739	1908	14	-1950	
-7855	197	7683	1895	40	-1963	
-7905	307	7625	1881	70	-1974	
-7958	416	7567	1868	103	-1988	
-8008	526	7507	1851	138	-2001	
-8055	635	7444	1836	173	-2012	
-8103	746	7382	1821	203	-2023	
-8149	856	7320	1803	226	-2035	
-8194	965	7256	1787	247	-2047	
-8237	1074	7189	1771	273	-2057	
-8282	1183	7123	1754	301	-2068	
-8324	1293	7056	1738	330	-2078	
-8363	1401	6987	1720	358	-2089	
-8402	1510	6917	1702	385	-2099	
-8440	1619	6846	1687	412	-2107	
-8476	1726	6774	1668	438	-2116	
-8511	1834	6703	1650	465	-2124	
-8545	1942	6628	1633	493	-2133	
-8576	2049	6552	1612	520	-2141	
-8609	2156	6477	1592	546	-2148	
-8639	2262	6401	1574	572	-2156	
-8667	2368	6323	1555	598	-2163	
-8695	2475	6245	1534	626	-2169	
-8720	2580	6165	1515	652	-2176	
-8746	2686	6084	1494	677	-2182	
-8768	2790	6003	1475	703	-2187	
-8789	2895	5920	1458	732	-2191	
-8810	3000	5838	1435	758	-2197	
-8831	3102	5753	1412	781	-2203	
-8849	3205	5667	1393	808	-2206	
-8865	3308	5582	1371	834	-2210	
-8881	3410	5495	1347	858	-2214	
-8894	3512	5408	1328	884	-2216	
-8908	3613	5319	1306	909	-2220	
-8919	3712	5230	1283	934	-2223	
-8928	3813	5140	1260	959	-2225	
-8937	3912	5049	1238	984	-2227	
-8944	4011	4958	1215	1008	-2229	
-8950	4109	4865	1192	1033	-2230	
-8954	4206	4772	1169	1058	-2231	
-8958	4303	4679	1147	1081	-2231	
-8961	4400	4585	1124	1106	-2231	
-8961	4496	4489	1099	1131	-2232	
-8961	4590	4394	1075	1154	-2231	
-8959	4684	4298	1052	1178	-2230	
-8954	4779	4200	1027	1200	-2230	
-8950	4871	4103	1002	1222	-2228	
-8943	4962	4005	978	1247	-2226	
-8936	5054	3905	953	1269	-2225	
-8929	5145	3805	929	1291	-2221	
-8918	5234	3706	905	1313	-2218	
-8907	5322	3605	880	1335	-2217	
-8894	5411	3503	854	1357	-2213	
-8879	5500	3402	830	1378	-2209	
-8863	5585	3300	804	1400	-2206	
-8847	5671	3197	778	1422	-2200	
-8829	5756	3094	754	1444	-2196	
-8810	5840	2990	727	1464	-2191	
-8788	5923	2884	700	1484	-2186	
-8765	6005	2781	675	1504	-2179	
-8743	6086	2677	649	1525	-2173	
-8718	6167	2573	622	1545	-2168	
-8693	6247	2467	597	1565	-2161	
-8665	6325	2360	571	1584	-2154	
-8637	6403	2253	544	1603	-2147	
-8607	6480	2146	518	1623	-2138	
-8574	6555	2038	491	1641	-2132	
-8542	6630	1931	465	1659	-2123	
-8509	6703	1822	439	1679	-2113	
-8473	6776	1713	411	1696	-2105	
-8436	6848	1606	384	1713	-2097	
-8398	6918	1498	359	1731	-2086	
-8361	6988	1389	332	1749	-2077	
-8321	7057	1280	305	1766	-2066	
-8279	7124	1170	279	1782	-2054	
-8237	7190	1062	252	1799	-2045	
-8192	7256	952	226	1815	-2033	
-8147	7320	842	199	1830	-2022	
-8101	7384	733	173	1846	-2010	
-8053	7445	623	146	1861	-1998	
-8003	7505	512	122	1877	-1987	
-7953	7566	403	97	1892	-1973	
-7902	7625	294	69	1905	-1961	
-7849	7682	183	44	1920	-1947	
-7797	7738	72	17	1934	-1933	
-7742	7793	-37	-11	1947	-1919	
-7686	7848	-147	-43	1960	-1905	
-7629	7901	-258	-79	1974	-1892	
-7570	7952	-368	-113	1985	-1878	
-7510	8003	-478	-141	1998	-1862	
-7449	8051	-588	-165	2011	-1846	
-7388	8098	-697	-187	2022	-1830	
-7326	8146	-807	-211	2035	-1815	
-7263	8192	-917	-241	2046	-1800	
-7197	8237	-1026	-270	2057	-1783	
-7132	8280	-1135	-297	2068	-1765	
-7064	8321	-1245	-324	2078	-1749	
-6996	8362	-1353	-351	2088	-1733	
-6926	8401	-1462	-378	2097	-1714	
-6855	8439	-1571	-404	2106	-1696	
-6785	8476	-1679	-432	2115	-1679	
-6713	8511	-1788	-458	2124	-1660	
-6640	8546	-1895	-485	2132	-1643	
-6565	8579	-2002	-511	2141	-1624	
-6490	8610	-2109	-537	2148	-1604	
-6413	8641	-2216	-565	2156	-1585	
-6337	8670	-2323	-590	2163	-1566	
-6259	8697	-2429	-617	2170	-1546	
-6179	8724	-2535	-643	2176	-1526	
-6100	8749	-2641	-669	2181	-1506	
-6018	8772	-2746	-697	2187	-1486	
-5936	8795	-2851	-722	2193	-1466	
-5854	8816	-2955	-748	2198	-1445	
-5771	8836	-3059	-774	2203	-1424	
-5686	8855	-3162	-798	2207	-1402	
-5602	8873	-3265	-824	2211	-1382	
-5515	8889	-3367	-849	2215	-1360	
-5428	8903	-3468	-875	2218	-1338	
-5341	8915	-3570	-900	2222	-1316	
-5252	8928	-3671	-925	2225	-1293	
-5162	8938	-3771	-950	2226	-1272	
-5072	8948	-3870	-974	2228	-1250	
-4981	8956	-3971	-999	2230	-1226	
-4889	8961	-4070	-1023	2231	-1202	
-4797	8967	-4166	-1047	2232	-1178	
-4704	8970	-4264	-1071	2234	-1155	
-4610	8973	-4361	-1095	2235	-1132	
-4515	8975	-4457	-1119	2235	-1109	
-4421	8974	-4552	-1141	2235	-1085	
-4325	8973	-4647	-1166	2233	-1060	
-4228	8969	-4741	-1189	2231	-1037	
-4131	8965	-4834	-1211	2232	-1012	
-4032	8959	-4926	-1234	2231	-989	
-3934	8952	-5018	-1257	2226	-965	
-3835	8943	-5108	-1280	2225	-939	
-3735	8934	-5198	-1301	2223	-913	
-3635	8923	-5288	-1324	2218	-889	
-3534	8910	-5377	-1346	2216	-863	
-3433	8897	-5464	-1367	2214	-838	
-3331	8883	-5552	-1389	2208	-813	
-3228	8866	-5638	-1410	2205	-786	
-3126	8847	-5723	-1431	2199	-760	
-3023	8829	-5807	-1451	2195	-735	
-2918	8809	-5892	-1471	2191	-709	
-2813	8787	-5974	-1492	2185	-684	
-2710	8764	-6055	-1513	2179	-658	
-2604	8741	-6137	-1531	2172	-630	
-2498	8714	-6217	-1550	2165	-605	
-2394	8686	-6295	-1572	2159	-578	
-2288	8659	-6374	-1592	2150	-552	
-2182	8629	-6450	-1610	2143	-525	
-2075	8598	-6527	-1629	2135	-498	
-1967	8565	-6602	-1647	2127	-473	
-1861	8532	-6675	-1667	2118	-447	
-1754	8498	-6748	-1683	2108	-419	
-1647	8462	-6821	-1701	2100	-392	
-1539	8424	-6892	-1718	2091	-366	
-1431	8385	-6961	-1734	2083	-339	
-1321	8346	-7031	-1752	2072	-312	
-1212	8305	-7099	-1767	2061	-285	
-1103	8263	-7166	-1786	2050	-259	
-995	8219	-7231	-1802	2038	-231	
-884	8174	-7296	-1817	2027	-204	
-774	8127	-7360	-1833	2015	-178	
-666	8080	-7423	-1849	2003	-152	
-555	8032	-7484	-1864	1991	-125	
-446	7981	-7543	-1878	1978	-100	
-336	7931	-7603	-1893	1967	-74	
-225	7879	-7661	-1908	1953	-49	
-117	7826	-7718	-1923	1938	-25	
-7	7772	-7774	-1934	1927	0	
103	7715	-7828	-1948	1911	24	
212	7659	-7882	-1963	1896	50	
322	7601	-7933	-1974	1883	84	
432	7543	-7984	-1987	1868	122	
542	7482	-8035	-1999	1852	162	
652	7420	-8083	-2010	1837	195	
760	7358	-8131	-2022	1822	218	
868	7295	-8176	-2033	1805	239	
978	7229	-8220	-2044	1787	261	
1088	7164	-8265	-2055	1772	287	
1197	7098	-8307	-2065	1756	317	
1307	7029	-8347	-2074	1738	346	
1416	6961	-8388	-2084	1722	373	
1523	6891	-8426	-2094	1704	399	
1631	6820	-8464	-2103	1685	427	
1740	6748	-8500	-2111	1668	453	
1847	6675	-8534	-2120	1648	481	
1954	6600	-8568	-2128	1630	508	
2061	6525	-8600	-2135	1611	534	
2168	6450	-8630	-2143	1592	560	
2274	6372	-8660	-2150	1574	586	
2380	6295	-8689	-2157	1553	613	
2485	6216	-8716	-2164	1533	639	
2592	6136	-8742	-2169	1514	667	
2696	6055	-8766	-2176	1494	692	
2800	5973	-8789	-2181	1473	717	
2905	5891	-8811	-2185	1452	746	
3008	5807	-8830	-2191	1430	771	
3112	5723	-8850	-2196	1408	796	
3213	5638	-8867	-2200	1389	822	
3316	5552	-8884	-2204	1366	847	
3417	5464	-8899	-2208	1344	872	
3519	5378	-8913	-2211	1322	898	
3620	5290	-8925	-2215	1300	923	
3720	5200	-8935	-2217	1278	947	
3819	5110	-8946	-2218	1255	973	
3919	5018	-8953	-2221	1232	997	
4019	4927	-8961	-2222	1209	1021	
4114	4835	-8966	-2223	1187	1046	
4212	4741	-8971	-2223	1163	1070	
4309	4648	-8974	-2224	1138	1094	
4404	4554	-8974	-2225	1116	1117	
4500	4459	-8975	-2224	1092	1141	
4594	4363	-8973	-2224	1067	1164	
4689	4266	-8972	-2224	1043	1187	
4782	4169	-8969	-2222	1019	1211	
4873	4071	-8962	-2220	995	1235	
4965	3973	-8955	-2219	970	1258	
5057	3874	-8948	-2216	945	1280	
5145	3774	-8939	-2215	919	1302	
5234	3674	-8928	-2211	896	1325	
5325	3574	-8916	-2207	871	1346	
5412	3472	-8902	-2205	845	1368	
5498	3371	-8888	-2201	819	1390	
5587	3268	-8873	-2197	794	1411	
5671	3166	-8855	-2192	768	1432	
5755	3063	-8836	-2186	743	1454	
5839	2959	-8815	-2183	717	1475	
5922	2854	-8795	-2178	690	1495	
6003	2749	-8772	-2171	665	1516	
6083	2645	-8748	-2165	639	1534	
6164	2540	-8723	-2158	612	1555	
6243	2435	-8696	-2150	587	1576	
6320	2328	-8668	-2145	560	1594	
6399	2222	-8639	-2137	533	1614	
6473	2115	-8608	-2127	507	1634	
6548	2008	-8576	-2121	480	1652	
6623	1900	-8544	-2112	452	1670	
6697	1793	-8509	-2104	427	1689	
6769	1685	-8473	-2095	400	1706	
6839	1576	-8436	-2086	372	1723	
6909	1468	-8398	-2076	346	1741	
6979	1359	-8358	-2066	320	1759	
7046	1250	-8317	-2055	292	1775	
7115	1141	-8277	-2044	266	1791	
7181	1032	-8233	-2033	240	1808	
7245	923	-8188	-2023	213	1823	
7309	813	-8143	-2010	188	1841	
7371	703	-8095	-1999	160	1856	
7433	594	-8047	-1988	133	1870	
7493	483	-7998	-1975	108	1885	
7552	373	-7947	-1962	82	1900	
7610	264	-7895	-1950	56	1914	
7668	154	-7843	-1936	31	1928	
7723	44	-7789	-1922	4	1942	
7778	-66	-7733	-1908	-26	1955	
7832	-176	-7677	-1894	-60	1969	
7884	-286	-7619	-1881	-98	1982	
7935	-395	-7560	-1865	-132	1993	
7984	-506	-7501	-1849	-158	2006	
8032	-616	-7439	-1835	-181	2018	
8080	-725	-7377	-1820	-204	2031	
8128	-834	-7314	-1803	-230	2042	
8172	-944	-7249	-1787	-259	2052	
8216	-1054	-7183	-1771	-288	2064	
8261	-1163	-7117	-1755	-316	2075	
8302	-1272	-7050	-1738	-342	2085	
8341	-1381	-6981	-1720	-368	2092	
8381	-1489	-6911	-1703	-396	2103	
8418	-1596	-6840	-1685	-422	2114	
8454	-1704	-6768	-1667	-450	2122	
8490	-1812	-6696	-1649	-477	2131	
8522	-1920	-6622	-1630	-503	2138	
8553	-2028	-6547	-1613	-531	2146	
8586	-2134	-6470	-1593	-557	2155	
8617	-2240	-6394	-1573	-583	2162	
8645	-2347	-6317	-1555	-611	2169	
8672	-2452	-6238	-1535	-636	2174	
8698	-2558	-6158	-1515	-663	2181	
8722	-2664	-6078	-1495	-690	2187	
8746	-2769	-5996	-1475	-715	2193	
8768	-2873	-5914	-1455	-741	2198	
8788	-2977	-5832	-1433	-768	2203	
8807	-3081	-5747	-1411	-793	2209	
8825	-3183	-5661	-1391	-819	2211	
8844	-3286	-5576	-1370	-845	2215	
8858	-3389	-5489	-1348	-870	2221	
8871	-3490	-5401	-1327	-896	2223	
8885	-3591	-5313	-1305	-921	2225	
8895	-3692	-5224	-1282	-946	2228	
8905	-3791	-5134	-1260	-972	2230	
8914	-3890	-5044	-1238	-996	2231	
8921	-3990	-4952	-1215	-1020	2234	
8926	-4088	-4859	-1192	-1044	2235	
8932	-4186	-4767	-1169	-1068	2235	
8935	-4283	-4673	-1144	-1093	2237	
8937	-4378	-4579	-1121	-1117	2237	
8938	-4474	-4483	-1099	-1140	2237	
8937	-4568	-4388	-1074	-1164	2237	
8936	-4663	-4292	-1051	-1186	2236	
8931	-4756	-4194	-1027	-1210	2234	
8926	-4849	-4097	-1002	-1234	2233	
8920	-4942	-3998	-977	-1257	2232	
8912	-5033	-3898	-954	-1280	2229	
8905	-5124	-3799	-928	-1302	2228	
8895	-5213	-3698	-904	-1325	2225	
8884	-5302	-3598	-879	-1347	2222	
8870	-5390	-3497	-853	-1368	2220	
8855	-5477	-3395	-829	-1391	2215	
8840	-5565	-3293	-803	-1413	2211	
8823	-5650	-3190	-776	-1432	2206	
8805	-5734	-3087	-751	-1454	2201	
8785	-5819	-2983	-725	-1476	2196	
8765	-5901	-2879	-700	-1496	2191	
8742	-5984	-2774	-674	-1517	2185	
8719	-6066	-2668	-649	-1538	2180	
8695	-6146	-2565	-623	-1556	2174	
8669	-6226	-2458	-596	-1576	2166	
8642	-6305	-2351	-571	-1596	2160	
8612	-6382	-2245	-543	-1615	2153	
8582	-6458	-2138	-516	-1634	2145	
8550	-6534	-2031	-489	-1653	2138	
8518	-6609	-1922	-462	-1670	2128	
8485	-6682	-1816	-437	-1689	2120	
8449	-6755	-1709	-410	-1707	2111	
8413	-6827	-1600	-383	-1726	2101	
8376	-6898	-1491	-357	-1744	2093	
8336	-6967	-1382	-330	-1760	2082	
8297	-7036	-1273	-304	-1777	2072	
8256	-7103	-1165	-276	-1793	2062	
8212	-7169	-1055	-250	-1809	2050	
8169	-7235	-945	-222	-1827	2040	
8123	-7299	-836	-196	-1842	2028	
8077	-7362	-726	-171	-1857	2016	
8031	-7424	-616	-143	-1873	2005	
7980	-7484	-506	-116	-1887	1992	
7929	-7545	-396	-90	-1902	1979	
7879	-7603	-286	-63	-1915	1966	
7826	-7661	-176	-40	-1930	1953	
7773	-7717	-65	-14	-1946	1940	
7719	-7772	45	13	-1959	1925	
7662	-7827	155	38	-1971	1911	
7605	-7879	265	65	-1985	1897	
7546	-7931	375	96	-1997	1882	
7487	-7981	485	129	-2010	1867	
7426	-8030	595	163	-2022	1853	
7364	-8079	705	193	-2034	1837	
7302	-8125	815	219	-2046	1820	
7238	-8172	923	244	-2056	1804	
7174	-8216	1033	269	-2068	1787	
7108	-8259	1142	294	-2078	1772	
7040	-8300	1251	322	-2088	1754	
6972	-8341	1361	351	-2098	1737	
6902	-8380	1470	378	-2108	1721	
6833	-8419	1578	404	-2118	1703	
6762	-8455	1687	431	-2126	1685	
6690	-8490	1795	458	-2135	1666	
6617	-8524	1903	485	-2143	1648	
6541	-8557	2010	511	-2152	1629	
6466	-8590	2118	538	-2160	1611	
6391	-8620	2225	565	-2167	1591	
6314	-8649	2332	592	-2172	1570	
6235	-8677	2438	617	-2180	1552	
6157	-8703	2544	643	-2188	1532	
6076	-8728	2649	670	-2193	1513	
5995	-8752	2754	695	-2199	1491	
5914	-8775	2859	722	-2204	1470	
5830	-8796	2962	748	-2209	1450	
5747	-8816	3066	773	-2215	1429	
5664	-8834	3169	798	-2218	1408	
5578	-8852	3272	824	-2222	1387	
5492	-8868	3375	849	-2227	1365	
5405	-8882	3477	875	-2229	1345	
5315	-8896	3578	901	-2232	1323	
5228	-8907	3679	924	-2234	1298	
5138	-8916	3780	951	-2237	1277	
5048	-8926	3879	975	-2240	1255	
4959	-8935	3978	998	-2241	1231	
4866	-8942	4078	1023	-2243	1209	
4774	-8946	4174	1046	-2244	1186	
4680	-8951	4272	1070	-2246	1162	
4585	-8953	4369	1095	-2246	1138	
4489	-8953	4464	1118	-2244	1116	
4395	-8953	4560	1141	-2245	1091	
4300	-8951	4655	1165	-2245	1067	
4203	-8949	4749	1189	-2243	1043	
4107	-8945	4842	1211	-2241	1018	
4008	-8938	4933	1235	-2239	994	
3911	-8931	5025	1258	-2237	971	
3811	-8923	5117	1280	-2237	943	
3711	-8914	5206	1302	-2235	918	
3611	-8903	5296	1323	-2231	895	
3510	-8890	5384	1346	-2227	868	
3408	-8876	5472	1367	-2223	843	
3306	-8862	5560	1388	-2219	818	
3206	-8845	5645	1411	-2214	793	
3103	-8828	5731	1431	-2211	768	
2999	-8808	5814	1452	-2206	741	
2894	-8787	5898	1472	-2201	715	
2790	-8766	5981	1493	-2195	689	
2687	-8742	6062	1513	-2188	663	
2582	-8719	6144	1532	-2183	636	
2477	-8693	6223	1552	-2177	611	
2371	-8666	6302	1572	-2170	584	
2264	-8637	6380	1591	-2162	558	
2159	-8607	6458	1610	-2154	532	
2052	-8577	6534	1629	-2146	504	
1945	-8545	6609	1647	-2138	479	
1838	-8511	6682	1666	-2130	452	
1731	-8476	6756	1684	-2121	425	
1622	-8440	6829	1701	-2112	400	
1512	-8403	6899	1720	-2102	372	
1405	-8364	6969	1737	-2091	344	
1295	-8325	7038	1753	-2080	319	
1186	-8283	7105	1770	-2071	293	
1080	-8242	7173	1788	-2060	265	
969	-8198	7240	1802	-2050	238	
859	-8152	7304	1818	-2038	211	
751	-8107	7367	1834	-2026	186	
642	-8059	7429	1849	-2015	159	
531	-8011	7491	1863	-2003	133	
421	-7961	7552	1878	-1990	108	
312	-7909	7610	1894	-1976	83	
204	-7858	7668	1908	-1963	58	
94	-7805	7725	1922	-1949	35	
-17	-7750	7781	1936	-1935	9	
-128	-7694	7835	1950	-1921	-19	
-237	-7638	7888	1963	-1906	-52	
-347	-7580	7941	1973	-1892	-96	
-456	-7521	7991	1986	-1878	-139	
-565	-7461	8041	1999	-1863	-168	
-676	-7399	8090	2011	-1847	-186	
-786	-7337	8137	2023	-1831	-202	
-895	-7275	8183	2034	-1816	-226	
-1005	-7209	8228	2044	-1800	-257	
-1115	-7144	8272	2055	-1782	-287	
-1222	-7077	8313	2064	-1766	-315	
-1333	-7008	8355	2073	-1749	-343	
-1440	-6940	8394	2086	-1730	-368	
-1547	-6869	8432	2094	-1713	-395	
-1658	-6798	8470	2102	-1696	-423	
-1764	-6726	8505	2112	-1678	-450	
-1870	-6654	8540	2120	-1659	-475	
-1977	-6580	8574	2129	-1640	-503	
-2085	-6504	8606	2136	-1621	-529	
-2191	-6429	8638	2144	-1602	-556	
-2296	-6351	8668	2151	-1583	-582	
-2403	-6273	8694	2157	-1563	-608	
-2508	-6194	8722	2164	-1543	-636	
-2613	-6114	8748	2169	-1524	-662	
-2718	-6034	8771	2175	-1504	-688	
-2823	-5952	8795	2182	-1482	-714	
-2926	-5870	8817	2185	-1462	-740	
-3030	-5786	8836	2191	-1441	-766	
-3136	-5702	8856	2197	-1419	-792	
-3238	-5616	8874	2200	-1399	-817	
-3339	-5530	8889	2203	-1377	-843	
-3440	-5444	8905	2207	-1355	-867	
-3541	-5357	8918	2211	-1333	-892	
-3641	-5268	8931	2214	-1310	-917	
-3741	-5178	8942	2217	-1288	-942	
-3842	-5089	8952	2219	-1265	-968	
-3941	-4998	8961	2221	-1241	-991	
-4039	-4906	8967	2223	-1219	-1016	
-4137	-4814	8972	2224	-1196	-1041	
-4234	-4721	8977	2225	-1173	-1064	
-4329	-4628	8979	2225	-1150	-1089	
-4427	-4533	8981	2224	-1126	-1112	
-4523	-4437	8981	2224	-1102	-1137	
-4615	-4342	8980	2224	-1078	-1160	
-4710	-4245	8977	2223	-1055	-1183	
-4804	-4149	8973	2222	-1029	-1206	
-4896	-4052	8967	2219	-1005	-1230	
-4987	-3952	8962	2218	-981	-1253	
-5079	-3853	8953	2218	-955	-1275	
-5170	-3753	8944	2214	-929	-1297	
-5258	-3652	8934	2211	-905	-1320	
-5347	-3552	8921	2209	-880	-1341	
-5434	-3451	8908	2206	-854	-1363	
-5521	-3349	8893	2200	-830	-1386	
-5607	-3246	8877	2197	-805	-1407	
-5694	-3143	8860	2192	-779	-1427	
-5778	-3041	8841	2186	-753	-1449	
-5861	-2937	8822	2182	-726	-1469	
-5944	-2832	8800	2177	-700	-1489	
-6025	-2728	8777	2171	-675	-1511	
-6108	-2623	8754	2166	-648	-1530	
-6187	-2517	8729	2158	-623	-1550	
-6265	-2412	8701	2150	-597	-1570	
-6343	-2305	8673	2145	-568	-1589	
-6421	-2199	8644	2137	-542	-1609	
-6498	-2093	8614	2129	-516	-1628	
-6572	-1984	8582	2121	-490	-1645	
-6645	-1878	8548	2114	-461	-1663	
-6719	-1770	8514	2105	-436	-1681	
-6793	-1662	8479	2096	-408	-1700	
-6863	-1554	8441	2087	-381	-1718	
-6933	-1446	8404	2076	-355	-1735	
-7003	-1337	8365	2066	-327	-1752	
-7070	-1228	8323	2056	-301	-1769	
-7137	-1119	8281	2046	-274	-1785	
-7203	-1010	8239	2035	-247	-1802	
-7268	-900	8194	2024	-219	-1818	
-7331	-791	8147	2010	-195	-1835	
-7394	-682	8101	1999	-167	-1849	
-7457	-572	8054	1990	-140	-1864	
-7517	-462	8004	1975	-115	-1879	
-7576	-352	7953	1963	-88	-1894	
-7633	-242	7902	1951	-62	-1909	
-7690	-131	7848	1936	-37	-1923	
-7746	-21	7794	1923	-11	-1937	
-7800	87	7738	1909	15	-1950	
-7855	198	7682	1896	41	-1964	
-7906	309	7624	1882	71	-1976	
-7956	418	7565	1867	104	-1987	
-8009	528	7506	1851	138	-2002	
-8057	637	7444	1836	173	-2013	
-8103	747	7382	1821	202	-2024	
-8149	857	7320	1803	226	-2037	
-8197	967	7255	1788	249	-2047	
-8240	1076	7189	1771	274	-2058	
-8282	1184	7122	1754	300	-2069	
-8323	1294	7055	1738	329	-2079	
-8362	1403	6986	1721	358	-2089	
-8402	1510	6916	1703	385	-2098	
-8440	1620	6845	1686	412	-2107	
-8477	1728	6774	1668	438	-2117	
-8513	1835	6701	1650	466	-2125	
-8545	1943	6627	1631	493	-2133	
-8577	2050	6553	1612	520	-2141	
-8609	2157	6476	1593	546	-2149	
-8640	2264	6399	1574	573	-2156	
-8667	2370	6322	1555	600	-2162	
-8694	2476	6243	1535	626	-2170	
-8720	2582	6163	1516	652	-2176	
-8746	2687	6082	1496	678	-2182	
-8769	2791	6002	1476	705	-2187	
-8791	2896	5920	1454	731	-2191	
-8811	2999	5836	1433	756	-2197	
-8831	3103	5752	1412	780	-2203	
-8848	3206	5667	1392	809	-2207	
-8865	3308	5580	1371	835	-2211	
-8881	3412	5493	1347	858	-2216	
-8896	3513	5407	1326	884	-2217	
-8908	3613	5318	1306	910	-2219	
-8919	3714	5229	1286	936	-2222	
-8930	3814	5139	1261	961	-2225	
-8939	3914	5049	1237	984	-2227	
-8945	4012	4956	1216	1009	-2230	
-8953	4110	4864	1192	1035	-2230	
-8957	4208	4772	1168	1059	-2230	
-8959	4305	4678	1145	1082	-2231	
-8961	4401	4584	1122	1106	-2231	
-8960	4496	4488	1099	1130	-2232	
-8961	4591	4393	1075	1153	-2231	
-8959	4686	4297	1051	1177	-2230	
-8956	4779	4199	1027	1200	-2229	
-8951	4872	4102	1003	1223	-2228	
-8943	4964	4003	978	1247	-2226	
-8937	5056	3904	953	1269	-2224	
-8928	5146	3805	928	1291	-2221	
-8918	5235	3705	904	1314	-2219	
-8907	5324	3603	879	1336	-2217	
-8895	5413	3502	853	1358	-2213	
-8879	5500	3400	830	1381	-2209	
-8864	5586	3298	805	1402	-2205	
-8847	5673	3196	778	1423	-2202	
-8829	5757	3093	754	1445	-2196	
-8810	5841	2989	728	1464	-2191	
-8788	5924	2885	701	1484	-2186	
-8766	6006	2781	675	1504	-2180	
-8743	6088	2676	649	1526	-2175	
-8718	6168	2571	623	1546	-2167	
-8691	6248	2465	596	1565	-2161	
-8662	6326	2357	571	1584	-2154	
-8634	6403	2251	544	1603	-2147	
-8605	6480	2145	518	1623	-2140	
-8574	6556	2037	492	1641	-2131	
-8541	6631	1930	464	1659	-2122	
-8508	6705	1822	438	1679	-2114	
-8472	6777	1714	412	1696	-2104	
-8436	6849	1605	384	1713	-2096	
-8398	6919	1496	358	1731	-2087	
-8358	6987	1387	332	1749	-2076	
-8318	7057	1278	305	1766	-2067	
-8277	7125	1169	278	1781	-2055	
-8236	7191	1059	252	1799	-2045	
-8192	7257	951	226	1816	-2033	
-8146	7321	841	199	1831	-2022	
-8099	7383	731	173	1846	-2011	
-8051	7445	622	146	1861	-1999	
-8003	7506	512	121	1877	-1986	
-7953	7566	402	96	1893	-1973	
-7901	7625	291	69	1905	-1961	
-7850	7683	182	44	1920	-1947	
-7796	7740	72	18	1934	-1933	
-7741	7794	-39	-13	1947	-1921	
-7685	7848	-148	-45	1961	-1906	
-7628	7901	-259	-79	1973	-1892	
-7571	7952	-369	-113	1986	-1878	
-7512	8002	-479	-141	2000	-1862	
-7450	8051	-589	-165	2012	-1846	
-7388	8100	-699	-188	2024	-1831	
-7327	8147	-809	-212	2035	-1814	
-7262	8192	-918	-241	2046	-1799	
-7195	8236	-1028	-269	2059	-1782	
-7131	8279	-1136	-297	2067	-1765	
-7064	8322	-1245	-324	2076	-1748	
-6995	8362	-1355	-350	2088	-1732	
-6927	8402	-1464	-378	2097	-1715	
-6857	8439	-1572	-405	2106	-1696	
-6786	8476	-1679	-432	2115	-1680	
-6713	8512	-1788	-460	2123	-1661	
-6639	8546	-1896	-485	2132	-1641	
-6565	8579	-2002	-512	2140	-1623	
-6491	8610	-2110	-538	2148	-1604	
-6413	8641	-2217	-563	2157	-1585	
-6336	8670	-2323	-591	2163	-1566	
-6259	8698	-2430	-617	2170	-1545	
-6178	8725	-2537	-643	2176	-1526	
-6099	8750	-2642	-670	2181	-1505	
-6019	8773	-2747	-696	2188	-1486	
-5936	8796	-2852	-723	2193	-1465	
-5853	8817	-2956	-748	2197	-1444	
-5769	8837	-3060	-773	2203	-1424	
-5684	8856	-3164	-799	2207	-1403	
-5599	8872	-3266	-824	2211	-1381	
-5513	8888	-3368	-849	2215	-1359	
-5426	8903	-3471	-876	2217	-1338	
-5340	8915	-3572	-899	2222	-1316	
-5250	8928	-3672	-924	2226	-1293	
-5161	8938	-3773	-951	2226	-1272	
-5072	8947	-3872	-975	2227	-1249	
-4980	8955	-3971	-1000	2230	-1226	
-4888	8962	-4070	-1022	2231	-1202	
-4796	8967	-4168	-1047	2231	-1179	
-4702	8970	-4265	-1072	2234	-1155	
-4608	8974	-4363	-1095	2234	-1133	
-4514	8974	-4458	-1119	2234	-1109	
-4419	8972	-4553	-1142	2234	-1085	
-4323	8972	-4648	-1167	2232	-1061	
-4226	8969	-4742	-1190	2232	-1037	
-4128	8964	-4835	-1211	2233	-1013	
-4031	8958	-4926	-1234	2231	-987	
-3932	8952	-5019	-1258	2227	-965	
-3833	8943	-5110	-1280	2224	-939	
-3733	8934	-5200	-1301	2223	-913	
-3632	8923	-5290	-1324	2219	-888	
-3533	8910	-5378	-1346	2215	-863	
-3431	8897	-5466	-1368	2213	-838	
-3330	8882	-5553	-1390	2209	-812	
-3228	8866	-5639	-1409	2205	-786	
-3124	8847	-5724	-1430	2200	-761	
-3021	8828	-5809	-1452	2195	-735	
-2918	8808	-5892	-1472	2190	-708	
-2812	8785	-5975	-1492	2185	-683	
-2708	8763	-6057	-1513	2179	-657	
-2603	8739	-6138	-1532	2173	-630	
-2497	8713	-6217	-1552	2165	-604	
-2392	8686	-6296	-1572	2158	-578	
-2285	8658	-6374	-1591	2151	-551	
-2179	8628	-6452	-1610	2144	-525	
-2074	8598	-6527	-1629	2136	-499	
-1968	8565	-6602	-1647	2126	-472	
-1861	8531	-6676	-1666	2119	-445	
-1754	8498	-6750	-1684	2111	-418	
-1647	8461	-6822	-1701	2101	-392	
-1539	8423	-6894	-1719	2092	-365	
-1430	8385	-6963	-1736	2081	-340	
-1319	8346	-7032	-1752	2072	-312	
-1211	8305	-7099	-1768	2062	-283	
-1103	8261	-7166	-1786	2049	-258	
-994	8218	-7233	-1802	2039	-231	
-884	8173	-7297	-1818	2028	-204	
-774	8127	-7360	-1834	2015	-178	
-665	8080	-7423	-1850	2003	-151	
-555	8031	-7484	-1864	1991	-125	
-445	7982	-7545	-1879	1978	-100	
-336	7931	-7604	-1894	1966	-74	
-226	7879	-7662	-1908	1952	-49	
-115	7826	-7719	-1923	1938	-24	
-5	7771	-7774	-1934	1926	1	
104	7716	-7828	-1949	1911	25	
213	7659	-7882	-1963	1896	51	
324	7601	-7934	-1974	1881	84	
433	7542	-7985	-1985	1867	123	
542	7482	-8034	-1998	1852	161	
652	7421	-8083	-2011	1836	195	
762	7358	-8130	-2023	1821	219	
871	7294	-8177	-2034	1804	239	
980	7230	-8222	-2044	1789	261	
1090	7164	-8265	-2055	1771	285	
1198	7096	-8307	-2066	1754	317	
1307	7028	-8348	-2076	1739	347	
1416	6960	-8388	-2084	1722	374	
1523	6891	-8427	-2093	1703	401	
1632	6819	-8464	-2104	1684	427	
1742	6748	-8500	-2112	1667	454	
1849	6675	-8535	-2120	1648	481	
1957	6600	-8569	-2128	1629	508	
2064	6525	-8601	-2135	1611	535	
2169	6448	-8632	-2143	1592	560	
2276	6371	-8662	-2150	1573	588	
2382	6293	-8689	-2157	1552	614	
2487	6215	-8717	-2165	1533	640	
2594	6135	-8742	-2170	1513	668	
2697	6054	-8766	-2175	1493	694	
2801	5973	-8790	-2181	1472	718	
2906	5890	-8811	-2185	1452	746	
3010	5806	-8831	-2190	1431	772	
3113	5722	-8851	-2196	1409	796	
3216	5637	-8868	-2200	1388	822	
3319	5551	-8885	-2204	1367	847	
3419	5464	-8899	-2208	1344	873	
3520	5377	-8913	-2210	1322	899	
3621	5288	-8926	-2213	1300	923	
3720	5199	-8936	-2216	1279	948	
3820	5108	-8946	-2219	1256	973	
3920	5017	-8954	-2220	1231	997	
4018	4926	-8960	-2222	1209	1022	
4117	4834	-8966	-2223	1187	1047	
4214	4741	-8971	-2222	1164	1070	
4309	4647	-8974	-2225	1139	1094	
4405	4552	-8975	-2224	1115	1119	
4500	4458	-8975	-2224	1092	1141	
4594	4362	-8974	-2225	1068	1166	
4688	4265	-8971	-2223	1044	1189	
4781	4167	-8967	-2222	1019	1212	
4875	4070	-8962	-2220	994	1235	
4965	3972	-8955	-2218	970	1258	
5056	3872	-8948	-2217	944	1281	
5145	3773	-8938	-2215	919	1303	
5234	3673	-8928	-2211	896	1325	
5325	3572	-8915	-2208	871	1347	
5413	3471	-8901	-2206	844	1368	
5499	3369	-8887	-2201	818	1389	
5585	3267	-8872	-2196	794	1413	
5671	3164	-8854	-2192	770	1434	
5755	3061	-8835	-2188	742	1454	
5839	2958	-8816	-2182	716	1476	
5922	2854	-8794	-2175	690	1496	
6003	2750	-8771	-2170	665	1516	
6084	2644	-8747	-2165	639	1536	
6164	2538	-8723	-2159	612	1556	
6243	2433	-8696	-2152	586	1577	
6323	2327	-8668	-2144	560	1594	
6398	2220	-8639	-2136	534	1614	
6475	2113	-8607	-2129	506	1633	
6552	2006	-8576	-2120	479	1652	
6624	1899	-8544	-2113	453	1670	
6696	1791	-8509	-2103	426	1688	
6770	1684	-8473	-2095	400	1706	
6842	1575	-8436	-2086	373	1723	
6912	1466	-8398	-2075	345	1740	
6981	1358	-8358	-2066	319	1758	
7048	1249	-8317	-2055	292	1775	
7115	1140	-8275	-2044	265	1793	
7182	1031	-8233	-2034	239	1808	
7246	921	-8188	-2023	212	1822	
7308	811	-8142	-2009	187	1841	
7371	701	-8095	-1998	160	1856	
7434	592	-8047	-1988	132	1870	
7494	482	-7998	-1975	107	1885	
7555	372	-7947	-1962	82	1899	
7613	262	-7896	-1949	55	1914	
7667	153	-7841	-1936	31	1929	
7723	42	-7787	-1923	4	1943	
7778	-68	-7732	-1908	-26	1955	
7832	-177	-7676	-1893	-59	1969	
7886	-288	-7619	-1880	-99	1981	
7936	-397	-7559	-1865	-132	1993	
7986	-507	-7499	-1850	-158	2006	
8034	-618	-7439	-1834	-182	2019	
8081	-727	-7376	-1820	-204	2030	
8128	-837	-7313	-1805	-229	2041	
8175	-946	-7249	-1787	-258	2053	
8217	-1055	-7182	-1771	-288	2064	
8258	-1165	-7117	-1754	-315	2075	
8300	-1273	-7049	-1737	-342	2084	
8340	-1382	-6979	-1720	-369	2094	
8379	-1491	-6910	-1702	-396	2104	
8416	-1597	-6839	-1685	-424	2113	
8453	-1705	-6768	-1667	-450	2122	
8490	-1813	-6695	-1648	-476	2130	
8523	-1921	-6621	-1629	-503	2138	
8556	-2028	-6546	-1613	-531	2146	
8586	-2136	-6470	-1593	-557	2154	
8615	-2242	-6393	-1572	-583	2163	
8644	-2348	-6315	-1554	-610	2168	
8672	-2454	-6236	-1536	-638	2174	
8698	-2559	-6156	-1515	-663	2181	
8722	-2664	-6076	-1494	-690	2186	
8745	-2769	-5995	-1474	-716	2193	
8768	-2875	-5914	-1455	-742	2197	
8787	-2978	-5830	-1433	-769	2202	
8806	-3082	-5745	-1411	-793	2208	
8825	-3185	-5660	-1391	-819	2211	
8843	-3287	-5574	-1369	-845	2215	
8858	-3389	-5488	-1347	-870	2220	
8871	-3490	-5400	-1326	-897	2223	
8883	-3591	-5312	-1305	-922	2225	
8896	-3691	-5223	-1283	-947	2228	
8906	-3792	-5133	-1260	-971	2230	
8915	-3892	-5042	-1238	-996	2232	
8922	-3990	-4951	-1215	-1020	2234	
8928	-4088	-4859	-1192	-1044	2236	
8933	-4186	-4765	-1168	-1069	2237	
8935	-4282	-4671	-1145	-1093	2237	
8937	-4380	-4577	-1121	-1117	2238	
8939	-4475	-4481	-1097	-1140	2236	
8937	-4570	-4387	-1073	-1164	2236	
8935	-4665	-4290	-1049	-1187	2237	
8931	-4758	-4193	-1027	-1212	2234	
8926	-4850	-4095	-1003	-1235	2232	
8922	-4943	-3997	-978	-1257	2232	
8915	-5034	-3898	-953	-1281	2229	
8904	-5125	-3798	-928	-1302	2227	
8894	-5214	-3697	-904	-1325	2226	
8882	-5303	-3596	-879	-1347	2222	
8870	-5391	-3495	-852	-1368	2219	
8855	-5479	-3393	-827	-1391	2215	
8839	-5566	-3291	-803	-1412	2212	
8824	-5650	-3189	-777	-1432	2207	
8805	-5735	-3086	-752	-1454	2201	
8785	-5820	-2982	-727	-1475	2197	
8765	-5903	-2877	-699	-1496	2192	
8743	-5985	-2773	-673	-1517	2187	
8719	-6066	-2667	-647	-1536	2180	
8693	-6147	-2562	-621	-1556	2174	
8667	-6227	-2457	-596	-1576	2168	
8640	-6305	-2350	-570	-1595	2160	
8611	-6382	-2244	-543	-1615	2152	
8582	-6459	-2136	-517	-1634	2144	
8550	-6534	-2028	-489	-1652	2137	
8518	-6609	-1922	-463	-1671	2128	
8484	-6682	-1814	-436	-1688	2120	
8448	-6756	-1706	-411	-1708	2111	
8411	-6827	-1598	-383	-1725	2102	
8374	-6897	-1490	-355	-1743	2094	
8336	-6967	-1381	-330	-1761	2082	
8296	-7036	-1272	-303	-1776	2072	
8254	-7103	-1163	-276	-1794	2061	
8212	-7169	-1053	-250	-1810	2050	
8169	-7235	-944	-223	-1825	2039	
8123	-7300	-834	-196	-1842	2027	
8076	-7363	-724	-170	-1858	2016	
8029	-7424	-615	-142	-1872	2004	
7980	-7485	-505	-117	-1888	1992	
7930	-7545	-395	-90	-1902	1980	
7878	-7604	-285	-64	-1916	1967	
7826	-7661	-175	-40	-1932	1953	
7773	-7718	-64	-15	-1947	1939	
7717	-7772	46	11	-1959	1926	
7662	-7826	156	38	-1972	1912	
7605	-7880	265	66	-1986	1897	
7547	-7932	376	98	-1997	1883	
7488	-7982	486	130	-2010	1868	
7426	-8031	596	163	-2022	1853	
7365	-8079	706	193	-2034	1836	
7301	-8124	815	219	-2046	1819	
7237	-8171	925	244	-2057	1804	
7173	-8216	1034	269	-2068	1787	
7107	-8259	1144	295	-2078	1771	
7040	-8301	1253	322	-2090	1755	
6972	-8342	1361	351	-2100	1737	
6903	-8381	1471	378	-2108	1720	
6833	-8419	1579	405	-2117	1702	
6761	-8456	1687	432	-2126	1685	
6689	-8490	1796	458	-2136	1666	
6616	-8524	1903	485	-2143	1648	
6542	-8558	2011	512	-2151	1629	
6467	-8590	2119	538	-2160	1609	
6391	-8620	2226	564	-2168	1590	
6312	-8648	2333	592	-2173	1571	
6235	-8677	2440	616	-2179	1551	
6156	-8704	2546	642	-2188	1530	
6075	-8728	2650	671	-2192	1513	
5995	-8752	2755	696	-2198	1492	
5913	-8775	2860	721	-2205	1470	
5829	-8796	2964	748	-2209	1450	
5745	-8816	3068	774	-2214	1429	
5661	-8834	3171	798	-2219	1408	
5575	-8852	3274	825	-2223	1387	
5489	-8868	3376	850	-2226	1365	
5402	-8883	3478	874	-2230	1343	
5314	-8896	3579	901	-2232	1321	
5228	-8907	3680	925	-2234	1299	
5137	-8918	3781	950	-2237	1276	
5047	-8927	3881	975	-2239	1254	
4956	-8935	3980	999	-2242	1231	
4863	-8942	4078	1023	-2244	1208	
4771	-8946	4175	1047	-2244	1185	
4678	-8950	4273	1071	-2245	1161	
4585	-8952	4370	1095	-2245	1137	
4491	-8953	4465	1119	-2245	1115	
4396	-8953	4560	1143	-2244	1091	
4299	-8952	4656	1166	-2244	1066	
4201	-8949	4749	1190	-2243	1043	
4106	-8944	4843	1212	-2240	1018	
4006	-8938	4935	1235	-2239	992	
3908	-8932	5026	1260	-2237	969	
3810	-8924	5117	1280	-2235	945	
3710	-8913	5208	1301	-2233	919	
3610	-8901	5297	1324	-2231	895	
3510	-8890	5386	1346	-2228	868	
3409	-8876	5473	1367	-2224	843	
3307	-8861	5559	1388	-2220	819	
3204	-8845	5645	1410	-2216	792	
3101	-8827	5731	1431	-2210	767	
2999	-8807	5815	1451	-2205	741	
2894	-8786	5899	1471	-2201	714	
2788	-8765	5982	1492	-2195	690	
2686	-8743	6064	1514	-2188	663	
2580	-8718	6146	1532	-2183	637	
2474	-8692	6225	1551	-2177	610	
2371	-8665	6303	1572	-2169	585	
2264	-8637	6381	1591	-2162	559	
2157	-8607	6459	1610	-2155	532	
2050	-8577	6535	1628	-2146	505	
1944	-8545	6610	1647	-2138	478	
1837	-8511	6684	1666	-2129	452	
1728	-8476	6756	1683	-2121	425	
1620	-8440	6829	1701	-2111	398	
1513	-8402	6900	1719	-2101	371	
1404	-8364	6970	1737	-2090	345	
1294	-8324	7040	1753	-2082	318	
1186	-8283	7106	1768	-2072	291	
1076	-8240	7174	1787	-2060	266	
967	-8197	7240	1803	-2049	239	
857	-8153	7304	1818	-2038	212	
747	-8106	7368	1834	-2027	186	
639	-8059	7430	1848	-2014	159	
529	-8010	7492	1864	-2002	133	
420	-7960	7553	1879	-1991	108	
311	-7910	7611	1893	-1976	82	
202	-7858	7669	1908	-1963	58	
92	-7805	7726	1923	-1949	34	
-18	-7750	7781	1935	-1936	8	
-128	-7694	7835	1949	-1921	-19	
-238	-7637	7888	1962	-1906	-53	
-348	-7580	7942	1973	-1893	-97	
-458	-7520	7993	1986	-1878	-138	
-568	-7460	8042	1999	-1862	-168	
-677	-7399	8091	2011	-1846	-186	
-786	-7336	8137	2023	-1831	-202	
-896	-7273	8183	2033	-1816	-226	
-1005	-7208	8228	2044	-1799	-257	
-1115	-7142	8272	2055	-1782	-287	
-1225	-7075	8314	2065	-1766	-315	
-1334	-7007	8354	2075	-1748	-342	
-1443	-6939	8395	2085	-1730	-368	
-1548	-6869	8433	2094	-1713	-395	
-1656	-6799	8470	2102	-1695	-422	
-1764	-6726	8506	2111	-1678	-448	
-1871	-6652	8541	2120	-1659	-476	
-1978	-6579	8574	2127	-1640	-502	
-2085	-6503	8606	2136	-1622	-529	
-2190	-6427	8637	2144	-1602	-556	
-2296	-6350	8667	2151	-1583	-582	
-2403	-6273	8695	2158	-1563	-609	
