-3405	-5475	8900	2206	-1362	-860	
-3505	-5387	8914	2209	-1341	-885	
-3606	-5299	8927	2214	-1318	-908	
-3707	-5211	8938	2215	-1296	-934	
-3807	-5121	8949	2219	-1273	-958	
-3906	-5030	8958	2221	-1251	-983	
-4003	-4939	8963	2223	-1229	-1009	
-4101	-4847	8970	2224	-1205	-1032	
-4198	-4754	8976	2223	-1181	-1056	
-4295	-4661	8978	2224	-1158	-1081	
-4392	-4567	8981	2226	-1133	-1104	
-4487	-4472	8981	2225	-1109	-1129	
-4583	-4377	8979	2224	-1086	-1153	
-4678	-4281	8978	2225	-1062	-1176	
-4771	-4183	8975	2222	-1038	-1199	
-4863	-4086	8970	2220	-1014	-1222	
-4955	-3987	8964	2219	-989	-1245	
-5047	-3888	8956	2217	-965	-1267	
-5138	-3788	8948	2215	-940	-1290	
-5227	-3688	8937	2212	-914	-1313	
-5315	-3588	8926	2209	-890	-1335	
-5403	-3487	8913	2206	-864	-1356	
-5491	-3386	8898	2202	-838	-1377	
-5577	-3284	8883	2196	-814	-1400	
-5663	-3180	8866	2194	-787	-1422	
-5748	-3077	8848	2190	-762	-1442	
-5832	-2974	8829	2183	-736	-1463	
-5914	-2871	8807	2178	-711	-1484	
-5996	-2766	8785	2172	-684	-1504	
-6077	-2661	8762	2166	-658	-1525	
-6157	-2556	8737	2160	-631	-1545	
-6237	-2450	8710	2154	-605	-1564	
-6316	-2344	8684	2146	-579	-1583	
-6395	-2237	8655	2139	-552	-1602	
-6471	-2131	8624	2131	-526	-1623	
-6545	-2023	8594	2123	-499	-1641	
-6620	-1915	8561	2116	-472	-1658	
-6693	-1808	8527	2107	-445	-1677	
-6765	-1701	8492	2099	-417	-1693	
-6838	-1593	8454	2089	-391	-1710	
-6908	-1485	8417	2080	-364	-1730	
-6978	-1376	8378	2069	-338	-1747	
-7046	-1268	8337	2059	-310	-1764	
-7112	-1159	8297	2049	-284	-1781	
-7179	-1050	8253	2038	-257	-1796	
-7244	-940	8209	2027	-230	-1812	
-7308	-830	8164	2015	-205	-1830	
-7372	-721	8117	2004	-176	-1844	
-7432	-611	8070	1991	-150	-1860	
-7495	-501	8022	1979	-124	-1875	
-7554	-391	7971	1968	-97	-1889	
-7613	-282	7919	1954	-72	-1904	
-7671	-171	7867	1940	-45	-1919	
-7726	-61	7814	1927	-21	-1933	
-7782	48	7758	1914	5	-1945	
-7836	159	7703	1900	30	-1960	
-7888	269	7646	1886	59	-1972	
-7939	380	7587	1871	89	-1984	
-7989	489	7528	1856	123	-1997	
-8039	598	7466	1841	160	-2008	
-8086	707	7405	1825	192	-2020	
-8134	817	7342	1810	218	-2033	
-8181	927	7278	1794	241	-2043	
-8224	1037	7213	1777	266	-2054	
-8267	1146	7146	1762	290	-2065	
-8309	1255	7080	1744	320	-2074	
-8350	1364	7011	1726	350	-2084	
-8389	1472	6942	1708	375	-2095	
-8427	1580	6871	1692	402	-2104	
-8464	1688	6800	1674	429	-2113	
-8499	1797	6728	1656	457	-2122	
-8533	1904	6653	1638	483	-2131	
-8566	2012	6578	1619	510	-2138	
-8598	2119	6504	1601	538	-2146	
-8629	2225	6428	1582	564	-2153	
-8658	2332	6350	1562	591	-2160	
-8684	2437	6271	1543	617	-2167	
-8710	2544	6192	1522	644	-2174	
-8735	2649	6112	1502	668	-2180	
-8760	2754	6031	1481	694	-2186	
-8782	2859	5948	1462	722	-2191	
-8803	2962	5866	1441	747	-2196	
-8824	3066	5782	1420	774	-2201	
-8842	3170	5697	1399	799	-2205	
-8860	3273	5612	1378	825	-2209	
-8876	3374	5525	1356	851	-2212	
-8890	3476	5438	1333	875	-2217	
-8903	3577	5350	1311	899	-2221	
-8915	3677	5260	1292	926	-2222	
-8925	3778	5172	1269	951	-2225	
-8935	3877	5081	1245	976	-2228	
-8943	3977	4989	1224	1001	-2228	
-8950	4075	4897	1200	1024	-2230	
-8955	4172	4804	1177	1049	-2231	
-8957	4270	4711	1155	1073	-2232	
-8960	4366	4617	1130	1097	-2233	
-8961	4461	4522	1107	1121	-2233	
-8961	4557	4427	1085	1144	-2232	
-8960	4652	4331	1059	1169	-2230	
-8956	4745	4233	1035	1192	-2230	
-8951	4839	4136	1012	1216	-2228	
-8946	4931	4038	987	1238	-2227	
-8940	5022	3940	963	1261	-2226	
-8931	5113	3841	939	1284	-2223	
-8921	5203	3740	912	1306	-2222	
-8912	5293	3640	889	1328	-2217	
-8899	5382	3539	863	1349	-2214	
-8884	5468	3437	837	1371	-2212	
-8868	5555	3335	812	1393	-2207	
-8853	5641	3233	786	1414	-2203	
-8835	5727	3129	761	1436	-2198	
-8815	5811	3026	737	1457	-2193	
-8797	5895	2921	709	1477	-2188	
-8776	5977	2817	683	1497	-2183	
-8751	6058	2713	659	1519	-2176	
-8726	6139	2608	632	1538	-2171	
-8701	6219	2503	605	1557	-2165	
-8675	6297	2397	581	1578	-2156	
-8646	6376	2289	553	1597	-2150	
-8616	6452	2183	527	1615	-2143	
-8587	6529	2076	503	1635	-2134	
-8554	6604	1968	474	1654	-2126	
-8520	6678	1860	447	1672	-2117	
-8484	6751	1752	423	1690	-2109	
-8449	6823	1644	394	1707	-2100	
-8412	6894	1536	369	1726	-2089	
-8372	6964	1426	342	1744	-2079	
-8334	7033	1318	315	1760	-2070	
-8293	7100	1208	290	1778	-2059	
-8251	7167	1100	263	1794	-2048	
-8207	7233	991	235	1809	-2038	
-8162	7297	880	209	1824	-2026	
-8115	7361	771	183	1841	-2014	
-8069	7423	661	157	1856	-2002	
-8022	7484	551	130	1871	-1991	
-7971	7544	441	105	1887	-1978	
-7920	7604	331	79	1902	-1965	
-7869	7662	221	54	1916	-1952	
-7815	7719	111	26	1928	-1939	
-7761	7774	1	-2	1943	-1925	
-7704	7828	-110	-31	1957	-1911	
-7648	7882	-220	-68	1967	-1898	
-7591	7935	-329	-102	1982	-1883	
-7532	7986	-440	-132	1994	-1867	
-7471	8035	-550	-157	2006	-1852	
-7410	8083	-660	-180	2019	-1835	
-7348	8129	-770	-205	2030	-1820	
-7284	8176	-879	-230	2041	-1805	
-7220	8221	-988	-259	2053	-1787	
-7155	8265	-1097	-288	2065	-1772	
-7088	8307	-1206	-314	2074	-1755	
-7020	8348	-1316	-340	2085	-1737	
-6950	8388	-1425	-367	2094	-1721	
-6881	8426	-1533	-395	2104	-1704	
-6810	8463	-1642	-421	2113	-1685	
-6739	8498	-1749	-449	2120	-1666	
-6666	8534	-1856	-477	2129	-1649	
-6592	8568	-1964	-502	2138	-1630	
-6517	8599	-2072	-530	2145	-1611	
-6439	8631	-2179	-557	2153	-1592	
-6364	8661	-2285	-582	2160	-1574	
-6286	8687	-2393	-608	2166	-1555	
-6207	8714	-2499	-634	2174	-1533	
-6127	8740	-2605	-661	2179	-1513	
-6045	8765	-2710	-688	2184	-1494	
-5965	8788	-2814	-712	2192	-1472	
-5884	8809	-2919	-738	2196	-1452	
-5800	8830	-3022	-765	2200	-1432	
-5716	8848	-3126	-789	2205	-1409	
-5632	8867	-3229	-816	2210	-1388	
-5545	8883	-3331	-841	2214	-1367	
-5458	8899	-3434	-866	2218	-1346	
-5370	8912	-3535	-891	2221	-1323	
-5282	8923	-3636	-916	2223	-1300	
-5193	8935	-3737	-940	2227	-1280	
-5102	8945	-3837	-964	2227	-1256	
-5013	8954	-3937	-990	2230	-1233	
-4921	8960	-4035	-1014	2232	-1210	
-4828	8964	-4132	-1038	2233	-1187	
-4736	8969	-4230	-1062	2235	-1163	
-4643	8972	-4327	-1084	2235	-1140	
-4548	8973	-4423	-1110	2234	-1116	
-4453	8973	-4519	-1135	2234	-1093	
-4359	8973	-4614	-1156	2234	-1069	
-4263	8971	-4709	-1181	2233	-1045	
-4165	8967	-4801	-1204	2231	-1021	
-4067	8962	-4893	-1225	2230	-996	
-3967	8955	-4985	-1249	2227	-971	
-3870	8947	-5077	-1271	2226	-946	
-3770	8937	-5168	-1294	2223	-922	
-3668	8927	-5258	-1317	2221	-898	
-3569	8916	-5347	-1338	2219	-872	
-3468	8902	-5434	-1360	2214	-847	
-3367	8887	-5521	-1380	2210	-822	
-3265	8871	-5608	-1402	2206	-796	
-3161	8854	-5694	-1423	2202	-770	
-3058	8836	-5779	-1444	2196	-745	
-2954	8816	-5862	-1465	2192	-717	
-2850	8794	-5945	-1485	2186	-692	
-2746	8772	-6027	-1506	2180	-667	
-2641	8749	-6108	-1525	2174	-640	
-2537	8722	-6188	-1545	2168	-614	
-2431	8696	-6268	-1565	2161	-588	
-2323	8668	-6346	-1584	2154	-562	
-2217	8639	-6423	-1603	2148	-536	
-2112	8610	-6500	-1621	2139	-508	
-2005	8577	-6575	-1641	2130	-481	
-1898	8544	-6650	-1659	2122	-455	
-1791	8509	-6723	-1677	2113	-428	
-1684	8473	-6796	-1695	2104	-401	
-1576	8438	-6868	-1713	2095	-374	
-1468	8399	-6939	-1730	2085	-347	
-1359	8360	-7008	-1747	2073	-322	
-1251	8319	-7075	-1764	2063	-294	
-1143	8276	-7142	-1779	2054	-267	
-1032	8234	-7209	-1795	2044	-240	
-922	8190	-7275	-1813	2033	-215	
-814	8144	-7338	-1827	2021	-187	
-702	8097	-7401	-1841	2009	-159	
-594	8049	-7463	-1859	1995	-134	
-485	8000	-7523	-1873	1983	-109	
-375	7949	-7582	-1888	1971	-82	
-264	7897	-7641	-1902	1957	-57	
-154	7845	-7699	-1916	1943	-32	
-45	7791	-7755	-1931	1930	-8	
66	7735	-7809	-1944	1918	16	
175	7679	-7863	-1956	1903	42	
285	7622	-7916	-1970	1886	72	
393	7562	-7966	-1982	1872	107	
503	7503	-8017	-1993	1859	148	
612	7441	-8066	-2006	1843	184	
721	7379	-8113	-2018	1827	210	
832	7317	-8161	-2028	1812	232	
941	7253	-8206	-2040	1794	253	
1050	7186	-8250	-2051	1778	277	
1159	7121	-8292	-2061	1762	307	
1268	7054	-8334	-2072	1744	337	
1378	6985	-8375	-2082	1726	364	
1487	6915	-8413	-2092	1709	391	
1593	6844	-8451	-2100	1691	419	
1701	6774	-8488	-2107	1674	444	
1810	6700	-8523	-2117	1656	470	
1918	6625	-8556	-2125	1637	498	
2024	6551	-8589	-2131	1620	525	
2132	6476	-8621	-2139	1600	552	
2238	6400	-8651	-2149	1578	578	
2343	6322	-8680	-2155	1560	604	
2450	6243	-8707	-2161	1541	631	
2555	6163	-8733	-2168	1520	657	
2658	6083	-8757	-2174	1500	683	
2763	6002	-8781	-2179	1480	710	
2867	5920	-8803	-2184	1459	735	
2971	5836	-8823	-2189	1439	762	
3074	5752	-8843	-2195	1416	787	
3177	5667	-8862	-2200	1394	812	
3281	5582	-8878	-2202	1374	838	
3384	5495	-8894	-2208	1351	862	
3483	5407	-8909	-2211	1329	888	
3584	5320	-8921	-2212	1308	914	
3686	5231	-8932	-2217	1285	939	
3784	5141	-8942	-2218	1262	964	
3885	5050	-8952	-2219	1241	989	
3983	4959	-8959	-2221	1217	1013	
4081	4867	-8965	-2222	1194	1038	
4177	4773	-8969	-2224	1171	1062	
4275	4680	-8972	-2225	1148	1087	
4373	4587	-8975	-2223	1125	1111	
4466	4491	-8975	-2223	1101	1134	
4562	4396	-8974	-2224	1077	1158	
4656	4300	-8972	-2222	1053	1182	
4749	4202	-8969	-2222	1028	1204	
4841	4105	-8965	-2221	1003	1227	
4932	4008	-8959	-2220	979	1251	
5025	3909	-8951	-2217	954	1273	
5116	3809	-8942	-2214	929	1296	
5206	3710	-8932	-2212	904	1318	
5294	3609	-8919	-2209	879	1338	
5381	3508	-8908	-2205	855	1362	
5469	3406	-8894	-2202	828	1384	
5555	3304	-8877	-2200	802	1405	
5640	3201	-8860	-2192	778	1427	
5726	3099	-8842	-2188	752	1447	
5811	2996	-8823	-2185	724	1467	
5893	2891	-8802	-2178	699	1489	
5973	2787	-8780	-2172	674	1510	
6055	2682	-8756	-2166	647	1530	
6136	2577	-8731	-2160	621	1548	
6216	2471	-8705	-2155	595	1569	
6294	2365	-8678	-2146	568	1588	
6372	2259	-8649	-2139	542	1607	
6449	2151	-8618	-2132	516	1628	
6524	2045	-8587	-2123	488	1645	
6598	1938	-8555	-2115	464	1664	
6670	1829	-8521	-2106	436	1682	
6744	1722	-8486	-2097	409	1700	
6816	1614	-8449	-2088	383	1718	
6885	1504	-8411	-2079	355	1735	
6956	1397	-8372	-2070	329	1752	
7022	1287	-8332	-2059	301	1769	
7090	1178	-8291	-2048	275	1786	
7157	1071	-8248	-2039	248	1802	
7222	960	-8204	-2027	221	1818	
7287	851	-8158	-2015	195	1834	
7349	741	-8111	-2004	168	1850	
7411	632	-8065	-1993	141	1865	
7471	522	-8015	-1981	116	1880	
7531	412	-7965	-1966	92	1896	
7590	302	-7913	-1954	65	1909	
7648	192	-7860	-1942	39	1923	
7705	83	-7807	-1927	13	1938	
7760	-27	-7752	-1913	-16	1951	
7814	-139	-7697	-1899	-48	1965	
7867	-249	-7639	-1885	-84	1977	
7917	-359	-7581	-1870	-121	1989	
7968	-468	-7521	-1856	-151	2002	
8017	-577	-7460	-1840	-175	2015	
8064	-688	-7399	-1825	-196	2026	
8111	-797	-7335	-1808	-220	2038	
8156	-907	-7272	-1792	-248	2050	
8200	-1015	-7206	-1777	-277	2060	
8245	-1124	-7140	-1759	-305	2071	
8288	-1234	-7073	-1743	-332	2081	
8327	-1342	-7005	-1727	-358	2090	
8366	-1451	-6935	-1710	-386	2100	
8405	-1559	-6865	-1691	-414	2110	
8441	-1666	-6793	-1674	-441	2119	
8476	-1775	-6721	-1656	-468	2124	
8510	-1884	-6648	-1639	-497	2133	
8541	-1991	-6574	-1620	-523	2144	
8575	-2097	-6497	-1599	-547	2153	
8606	-2204	-6421	-1581	-576	2159	
8634	-2310	-6343	-1561	-601	2166	
8662	-2417	-6264	-1541	-626	2173	
8688	-2522	-6186	-1522	-655	2179	
8712	-2627	-6106	-1502	-681	2185	
8737	-2732	-6024	-1482	-707	2190	
8759	-2837	-5942	-1461	-733	2197	
8781	-2941	-5858	-1441	-759	2202	
8801	-3045	-5776	-1420	-785	2206	
8820	-3148	-5691	-1398	-810	2210	
8837	-3251	-5606	-1377	-835	2214	
8853	-3353	-5519	-1355	-862	2219	
8867	-3454	-5431	-1335	-888	2222	
8879	-3555	-5343	-1312	-912	2226	
8891	-3657	-5255	-1290	-936	2228	
8903	-3757	-5165	-1267	-962	2230	
8911	-3856	-5075	-1245	-987	2233	
8919	-3955	-4984	-1222	-1012	2235	
8925	-4053	-4891	-1199	-1037	2235	
8930	-4151	-4798	-1176	-1061	2237	
8934	-4248	-4704	-1152	-1084	2238	
8937	-4344	-4610	-1130	-1109	2237	
8939	-4440	-4516	-1107	-1132	2238	
8939	-4536	-4420	-1083	-1156	2237	
8936	-4631	-4323	-1058	-1181	2236	
8932	-4724	-4228	-1035	-1203	2237	
8928	-4817	-4130	-1010	-1226	2234	
8923	-4909	-4031	-985	-1249	2233	
8918	-5001	-3933	-961	-1270	2232	
8908	-5092	-3833	-936	-1294	2228	
8898	-5182	-3734	-912	-1317	2227	
8888	-5271	-3633	-887	-1340	2224	
8876	-5360	-3532	-863	-1362	2220	
8861	-5448	-3430	-837	-1383	2217	
8844	-5534	-3328	-811	-1405	2213	
8829	-5619	-3226	-787	-1426	2209	
8811	-5704	-3122	-760	-1446	2204	
8792	-5789	-3019	-734	-1467	2198	
8773	-5873	-2915	-709	-1489	2195	
8751	-5956	-2810	-683	-1509	2188	
8728	-6037	-2705	-656	-1527	2182	
8703	-6118	-2600	-630	-1549	2176	
8677	-6198	-2495	-605	-1570	2169	
8652	-6277	-2388	-579	-1589	2164	
8624	-6354	-2282	-554	-1608	2155	
8593	-6431	-2175	-526	-1627	2147	
8562	-6508	-2067	-499	-1647	2139	
8531	-6583	-1960	-473	-1666	2131	
8496	-6656	-1852	-447	-1683	2124	
8461	-6730	-1745	-418	-1700	2114	
8426	-6802	-1637	-393	-1719	2105	
8389	-6873	-1528	-366	-1735	2096	
8350	-6944	-1420	-339	-1752	2086	
8310	-7012	-1311	-314	-1771	2076	
8269	-7078	-1201	-285	-1786	2065	
8228	-7146	-1093	-259	-1804	2055	
8183	-7212	-983	-234	-1821	2044	
8138	-7277	-873	-206	-1836	2032	
8094	-7340	-763	-180	-1852	2020	
8047	-7402	-654	-153	-1867	2009	
7998	-7464	-545	-127	-1882	1996	
7947	-7523	-434	-101	-1897	1983	
7897	-7583	-323	-75	-1913	1970	
7845	-7642	-214	-48	-1927	1957	
7791	-7698	-104	-24	-1941	1943	
7737	-7753	6	2	-1954	1930	
7682	-7807	116	30	-1967	1917	
7625	-7860	226	55	-1981	1902	
7567	-7912	337	86	-1993	1888	
7508	-7964	448	118	-2006	1873	
7447	-8014	557	151	-2018	1858	
7386	-8061	666	182	-2029	1843	
7324	-8109	776	210	-2042	1827	
7261	-8155	886	236	-2053	1811	
7197	-8199	995	259	-2065	1794	
7132	-8244	1104	284	-2075	1777	
7065	-8285	1213	313	-2085	1761	
6997	-8326	1322	342	-2094	1745	
6928	-8367	1432	369	-2104	1726	
6858	-8404	1541	397	-2114	1708	
6787	-8442	1649	424	-2122	1692	
6714	-8478	1757	449	-2132	1674	
6642	-8513	1866	475	-2142	1654	
6567	-8547	1973	502	-2149	1636	
6492	-8578	2081	529	-2156	1617	
6417	-8609	2188	556	-2164	1598	
6340	-8639	2295	580	-2171	1578	
6263	-8667	2401	607	-2178	1558	
6185	-8694	2507	634	-2185	1539	
6104	-8720	2614	660	-2192	1520	
6024	-8744	2718	686	-2197	1498	
5942	-8766	2822	713	-2201	1479	
5860	-8788	2926	738	-2207	1457	
5777	-8809	3030	764	-2214	1435	
5691	-8828	3134	790	-2217	1415	
5609	-8845	3237	815	-2220	1394	
5521	-8862	3339	841	-2226	1372	
5433	-8878	3442	866	-2229	1350	
5346	-8891	3543	891	-2232	1329	
5257	-8903	3644	915	-2234	1307	
5169	-8914	3746	942	-2236	1284	
5078	-8924	3845	965	-2240	1261	
4988	-8932	3944	990	-2240	1240	
4898	-8940	4042	1016	-2241	1217	
4805	-8944	4141	1037	-2244	1193	
4711	-8948	4238	1063	-2243	1171	
4618	-8952	4335	1088	-2244	1147	
4526	-8954	4432	1108	-2246	1122	
4429	-8954	4526	1133	-2245	1099	
4334	-8953	4621	1157	-2244	1076	
4236	-8950	4716	1180	-2244	1050	
4139	-8945	4809	1205	-2242	1026	
4042	-8941	4901	1226	-2241	1002	
3944	-8935	4994	1248	-2240	978	
3844	-8926	5085	1271	-2237	953	
3745	-8917	5175	1293	-2236	927	
3646	-8906	5265	1316	-2232	902	
3545	-8894	5354	1338	-2228	878	
3444	-8881	5442	1359	-2226	852	
3342	-8867	5530	1380	-2222	826	
3241	-8850	5616	1402	-2217	803	
3139	-8833	5701	1423	-2213	776	
3035	-8815	5786	1444	-2209	750	
2932	-8795	5869	1465	-2203	724	
2827	-8773	5952	1485	-2197	698	
2722	-8751	6035	1505	-2191	674	
2618	-8727	6116	1526	-2185	646	
2513	-8701	6196	1545	-2180	618	
2409	-8676	6275	1565	-2171	595	
2302	-8647	6354	1585	-2164	567	
2196	-8617	6432	1603	-2156	541	
2090	-8587	6508	1625	-2147	516	
1982	-8555	6583	1641	-2141	488	
1874	-8523	6657	1658	-2134	460	
1767	-8489	6730	1678	-2124	434	
1659	-8453	6804	1693	-2114	408	
1553	-8415	6875	1711	-2106	380	
1444	-8377	6945	1730	-2096	353	
1334	-8338	7014	1745	-2086	327	
1227	-8297	7083	1763	-2074	301	
1117	-8256	7150	1781	-2064	274	
1008	-8212	7216	1795	-2054	246	
899	-8168	7281	1812	-2041	219	
788	-8123	7345	1829	-2030	194	
677	-8076	7408	1842	-2019	167	
570	-8027	7469	1858	-2007	141	
458	-7978	7531	1874	-1994	117	
347	-7928	7590	1889	-1980	92	
240	-7877	7648	1903	-1968	67	
130	-7824	7706	1917	-1954	42	
21	-7770	7762	1931	-1941	16	
-88	-7715	7816	1944	-1927	-9	
-198	-7657	7870	1957	-1913	-41	
-307	-7600	7922	1969	-1898	-80	
-418	-7542	7974	1983	-1882	-123	
-528	-7482	8024	1995	-1867	-160	
-636	-7421	8072	2008	-1851	-179	
-746	-7359	8120	2020	-1836	-194	
-858	-7295	8167	2030	-1821	-217	
-967	-7230	8213	2040	-1806	-245	
-1076	-7166	8256	2051	-1789	-277	
-1186	-7100	8299	2061	-1771	-306	
-1295	-7031	8341	2071	-1755	-333	
-1402	-6964	8381	2082	-1737	-359	
-1510	-6894	8420	2090	-1720	-388	
-1619	-6823	8458	2100	-1702	-413	
-1726	-6751	8494	2108	-1683	-440	
-1833	-6679	8528	2116	-1666	-468	
-1940	-6605	8563	2126	-1647	-493	
-2047	-6529	8596	2132	-1628	-520	
-2154	-6454	8627	2140	-1610	-547	
-2259	-6378	8657	2148	-1591	-574	
-2363	-6301	8686	2155	-1571	-600	
-2471	-6222	8713	2162	-1550	-626	
-2578	-6143	8739	2168	-1530	-653	
-2682	-6061	8764	2174	-1510	-679	
-2787	-5980	8788	2180	-1489	-704	
-2892	-5898	8809	2185	-1469	-731	
-2996	-5815	8831	2190	-1448	-757	
-3098	-5732	8850	2195	-1426	-782	
-3201	-5647	8867	2200	-1404	-807	
-3303	-5560	8884	2203	-1383	-834	
-3405	-5473	8900	2208	-1361	-858	
-3507	-5386	8914	2211	-1339	-883	
-3607	-5298	8927	2213	-1318	-909	
-3708	-5209	8939	2215	-1296	-934	
-3807	-5119	8948	2218	-1274	-958	
-3906	-5029	8957	2220	-1251	-984	
-4006	-4938	8965	2222	-1227	-1007	
-4103	-4845	8971	2222	-1205	-1032	
-4201	-4752	8975	2224	-1180	-1056	
-4298	-4660	8977	2225	-1157	-1080	
-4393	-4566	8981	2224	-1135	-1106	
-4488	-4471	8981	2224	-1110	-1129	
-4584	-4375	8980	2224	-1086	-1153	
-4678	-4279	8978	2223	-1061	-1177	
-4771	-4182	8974	2221	-1038	-1199	
-4864	-4085	8970	2221	-1014	-1223	
-4957	-3986	8964	2219	-989	-1246	
-5047	-3887	8956	2216	-965	-1269	
-5137	-3788	8946	2214	-939	-1290	
-5227	-3687	8936	2212	-915	-1312	
-5316	-3587	8925	2209	-889	-1335	
-5405	-3487	8912	2205	-864	-1357	
-5492	-3384	8898	2201	-838	-1379	
-5578	-3282	8882	2197	-812	-1400	
-5662	-3179	8865	2194	-786	-1422	
-5748	-3076	8847	2190	-760	-1443	
-5833	-2973	8828	2183	-735	-1463	
-5915	-2869	8807	2179	-709	-1483	
-5998	-2763	8785	2172	-684	-1504	
-6079	-2660	8762	2166	-658	-1525	
-6160	-2554	8737	2160	-631	-1544	
-6238	-2448	8711	2153	-604	-1565	
-6315	-2343	8683	2147	-577	-1584	
-6393	-2235	8653	2138	-552	-1603	
-6469	-2130	8624	2132	-524	-1621	
-6546	-2023	8593	2124	-498	-1640	
-6620	-1914	8561	2116	-472	-1659	
-6694	-1807	8527	2107	-443	-1677	
-6766	-1700	8491	2098	-417	-1695	
-6838	-1592	8455	2089	-391	-1712	
-6910	-1483	8417	2078	-364	-1731	
-6978	-1375	8378	2070	-337	-1748	
-7046	-1266	8338	2060	-310	-1764	
-7113	-1157	8296	2049	-284	-1781	
-7180	-1049	8254	2038	-257	-1797	
-7245	-938	8208	2026	-229	-1813	
-7309	-828	8162	2016	-204	-1829	
-7372	-719	8117	2004	-176	-1845	
-7434	-610	8070	1991	-150	-1860	
-7495	-500	8020	1979	-124	-1875	
-7554	-390	7970	1969	-96	-1890	
-7614	-281	7919	1955	-71	-1905	
-7672	-170	7867	1941	-46	-1918	
-7727	-61	7812	1928	-20	-1932	
-7782	50	7757	1913	5	-1946	
-7836	160	7702	1900	31	-1959	
-7889	269	7645	1885	59	-1972	
-7940	380	7586	1870	90	-1985	
-7992	489	7526	1856	125	-1996	
-8040	600	7467	1840	160	-2009	
-8087	710	7404	1825	193	-2021	
-8135	819	7341	1811	219	-2032	
-8179	928	7277	1794	242	-2044	
-8223	1038	7212	1777	265	-2056	
-8267	1147	7146	1761	293	-2065	
-8308	1255	7079	1745	320	-2075	
-8350	1364	7010	1726	348	-2086	
-8389	1474	6941	1709	376	-2095	
-8426	1582	6870	1692	401	-2105	
-8463	1691	6799	1674	429	-2113	
-8499	1799	6727	1656	457	-2121	
-8534	1906	6653	1637	483	-2130	
-8567	2013	6578	1619	510	-2138	
-8599	2119	6503	1600	537	-2146	
-8629	2227	6427	1579	563	-2154	
-8656	2334	6350	1562	590	-2162	
-8685	2439	6271	1543	618	-2168	
-8711	2545	6192	1522	643	-2174	
-8736	2650	6111	1503	669	-2180	
-8761	2755	6030	1482	695	-2185	
-8784	2860	5948	1461	722	-2190	
-8804	2964	5864	1440	748	-2196	
-8824	3067	5781	1420	774	-2200	
-8843	3171	5697	1398	800	-2205	
-8860	3273	5610	1377	825	-2210	
-8876	3375	5524	1356	851	-2213	
-8889	3477	5437	1334	876	-2216	
-8902	3578	5348	1313	902	-2219	
-8915	3679	5259	1290	927	-2223	
-8926	3779	5170	1268	952	-2225	
-8935	3879	5079	1246	978	-2225	
-8943	3978	4989	1223	1000	-2229	
-8950	4075	4897	1200	1025	-2230	
-8955	4173	4803	1177	1050	-2231	
-8958	4270	4710	1154	1074	-2232	
-8961	4367	4616	1130	1097	-2233	
-8961	4463	4521	1107	1121	-2233	
-8961	4558	4426	1082	1145	-2232	
-8959	4653	4330	1059	1169	-2231	
-8957	4747	4233	1035	1192	-2231	
-8953	4839	4136	1009	1215	-2230	
-8946	4931	4037	988	1239	-2227	
-8940	5023	3938	962	1261	-2225	
-8931	5114	3838	935	1282	-2224	
-8921	5204	3738	912	1307	-2221	
-8911	5294	3639	887	1328	-2219	
-8898	5382	3537	862	1349	-2214	
-8885	5469	3437	838	1372	-2210	
-8869	5557	3334	812	1395	-2207	
-8853	5643	3231	786	1415	-2203	
-8835	5727	3129	761	1435	-2198	
-8815	5812	3025	735	1456	-2193	
-8795	5895	2921	710	1478	-2188	
-8774	5978	2817	686	1500	-2182	
-8751	6059	2712	659	1520	-2177	
-8727	6140	2606	633	1540	-2169	
-8700	6220	2501	607	1559	-2162	
-8673	6299	2396	579	1577	-2156	
-8645	6376	2288	553	1597	-2149	
-8616	6453	2181	527	1616	-2142	
-8586	6530	2075	500	1634	-2134	
-8554	6605	1967	475	1653	-2126	
-8519	6678	1858	447	1672	-2117	
-8485	6751	1751	420	1690	-2108	
-8450	6824	1642	395	1708	-2099	
-8412	6896	1534	366	1725	-2090	
-8372	6965	1425	340	1744	-2080	
-8334	7034	1317	316	1762	-2070	
-8294	7101	1208	288	1776	-2060	
-8250	7168	1098	260	1793	-2050	
-8206	7234	989	235	1810	-2037	
-8161	7299	879	209	1826	-2025	
-8115	7362	769	182	1841	-2015	
-8068	7425	659	156	1857	-2001	
-8020	7485	549	129	1872	-1990	
-7972	7545	440	105	1887	-1977	
-7920	7605	329	79	1902	-1965	
-7868	7663	220	53	1915	-1952	
-7815	7719	109	27	1930	-1937	
-7761	7774	-1	-1	1942	-1925	
-7705	7830	-110	-33	1957	-1910	
-7646	7882	-221	-66	1971	-1896	
-7590	7935	-331	-100	1983	-1882	
-7532	7986	-440	-133	1995	-1867	
-7472	8035	-551	-158	2007	-1852	
-7410	8085	-660	-179	2020	-1834	
-7346	8131	-770	-204	2031	-1820	
-7284	8177	-881	-231	2043	-1804	
-7218	8221	-990	-260	2054	-1787	
-7153	8264	-1099	-288	2064	-1772	
-7087	8308	-1208	-315	2074	-1755	
-7018	8348	-1318	-343	2084	-1738	
-6951	8388	-1426	-369	2096	-1720	
-6882	8427	-1534	-396	2103	-1703	
-6810	8464	-1643	-423	2111	-1687	
-6737	8499	-1751	-449	2120	-1667	
-6665	8534	-1859	-476	2129	-1648	
-6592	8568	-1966	-502	2138	-1629	
-6516	8600	-2073	-529	2146	-1612	
-6440	8631	-2180	-555	2154	-1592	
-6363	8661	-2286	-583	2160	-1573	
-6284	8688	-2394	-609	2167	-1554	
-6205	8715	-2501	-635	2174	-1533	
-6126	8741	-2606	-660	2180	-1513	
-6047	8767	-2711	-686	2186	-1492	
-5964	8789	-2816	-713	2192	-1472	
-5882	8810	-2921	-738	2197	-1452	
-5799	8830	-3024	-764	2202	-1430	
-5715	8848	-3128	-789	2206	-1408	
-5630	8867	-3231	-816	2210	-1389	
-5544	8883	-3333	-840	2215	-1368	
-5458	8898	-3436	-865	2218	-1345	
-5370	8912	-3537	-891	2221	-1323	
-5282	8924	-3637	-915	2224	-1300	
-5191	8935	-3737	-941	2226	-1278	
-5102	8944	-3837	-965	2229	-1256	
-5012	8953	-3938	-990	2230	-1233	
-4919	8960	-4036	-1015	2231	-1212	
-4828	8965	-4134	-1037	2234	-1188	
-4736	8970	-4232	-1062	2235	-1164	
-4641	8972	-4328	-1087	2234	-1141	
-4547	8973	-4425	-1110	2234	-1117	
-4451	8974	-4520	-1133	2234	-1092	
-4355	8973	-4615	-1158	2234	-1068	
-4260	8971	-4708	-1181	2233	-1044	
-4163	8967	-4802	-1203	2231	-1020	
-4065	8962	-4895	-1227	2230	-997	
-3968	8955	-4987	-1249	2229	-972	
-3868	8947	-5078	-1272	2226	-947	
-3768	8937	-5170	-1294	2223	-921	
-3669	8928	-5259	-1316	2221	-896	
-3568	8915	-5347	-1338	2219	-872	
-3468	8901	-5435	-1360	2214	-846	
-3365	8887	-5521	-1381	2210	-822	
-3262	8871	-5609	-1402	2207	-796	
-3160	8855	-5695	-1425	2202	-770	
-3056	8836	-5779	-1444	2196	-743	
-2953	8815	-5863	-1465	2191	-717	
-2850	8794	-5947	-1486	2187	-693	
-2745	8771	-6029	-1506	2180	-666	
-2640	8748	-6109	-1526	2174	-640	
-2535	8723	-6190	-1546	2168	-614	
-2430	8695	-6269	-1565	2161	-587	
-2324	8668	-6347	-1584	2154	-560	
-2218	8640	-6425	-1603	2147	-535	
-2109	8609	-6501	-1622	2139	-508	
-2002	8576	-6578	-1641	2129	-482	
-1899	8544	-6652	-1659	2121	-454	
-1792	8509	-6724	-1677	2112	-427	
-1682	8473	-6797	-1696	2104	-402	
-1574	8436	-6868	-1712	2095	-375	
-1466	8398	-6939	-1730	2084	-348	
-1358	8360	-7008	-1747	2075	-320	
-1249	8318	-7077	-1763	2065	-293	
-1140	8277	-7144	-1781	2054	-268	
-1031	8233	-7210	-1797	2041	-240	
-922	8189	-7275	-1812	2032	-214	
-812	8143	-7339	-1828	2021	-187	
-703	8096	-7402	-1843	2007	-160	
-593	8048	-7464	-1858	1996	-133	
-483	7999	-7523	-1874	1983	-108	
-374	7949	-7583	-1888	1970	-82	
-265	7897	-7642	-1902	1957	-56	
-153	7844	-7699	-1917	1943	-33	
-42	7790	-7755	-1930	1930	-9	
67	7734	-7810	-1944	1916	17	
177	7679	-7864	-1958	1901	42	
287	7622	-7917	-1970	1887	73	
395	7562	-7968	-1981	1874	110	
504	7502	-8017	-1994	1857	149	
615	7441	-8067	-2005	1842	184	
724	7379	-8114	-2016	1829	212	
832	7315	-8160	-2029	1811	233	
943	7252	-8206	-2041	1793	253	
1053	7186	-8251	-2051	1777	277	
1162	7120	-8293	-2061	1761	306	
1269	7053	-8334	-2071	1744	337	
1378	6984	-8374	-2081	1728	364	
1487	6914	-8414	-2090	1709	392	
1594	6844	-8451	-2099	1691	418	
1703	6772	-8487	-2109	1672	444	
1811	6699	-8523	-2118	1654	471	
1918	6625	-8557	-2124	1638	499	
2027	6550	-8590	-2134	1618	525	
2135	6475	-8621	-2143	1596	551	
2239	6398	-8651	-2147	1579	579	
2345	6321	-8680	-2155	1560	606	
2451	6243	-8707	-2163	1539	631	
2556	6162	-8734	-2168	1520	658	
2661	6082	-8758	-2174	1500	684	
2764	6001	-8781	-2180	1479	710	
2868	5918	-8803	-2185	1458	737	
2972	5835	-8824	-2190	1438	761	
3078	5751	-8844	-2193	1417	789	
3181	5667	-8862	-2198	1395	814	
3281	5581	-8880	-2204	1374	837	
3384	5494	-8895	-2205	1353	865	
3485	5407	-8908	-2208	1330	890	
3585	5319	-8921	-2214	1307	914	
3686	5230	-8933	-2216	1284	940	
3785	5140	-8943	-2217	1263	964	
3886	5049	-8951	-2220	1240	989	
3985	4959	-8958	-2221	1217	1014	
4083	4866	-8965	-2223	1195	1039	
4179	4773	-8970	-2224	1172	1063	
4277	4679	-8973	-2224	1148	1086	
4373	4585	-8975	-2226	1123	1110	
4467	4491	-8976	-2225	1100	1134	
4563	4395	-8974	-2223	1077	1159	
4656	4299	-8972	-2224	1051	1180	
4750	4202	-8969	-2222	1028	1204	
4842	4104	-8964	-2220	1004	1228	
4933	4007	-8958	-2219	979	1251	
5025	3908	-8951	-2217	954	1274	
5115	3808	-8942	-2214	929	1295	
5206	3708	-8931	-2212	903	1319	
5295	3608	-8920	-2208	878	1341	
5384	3507	-8907	-2205	854	1362	
5471	3405	-8892	-2202	828	1384	
5556	3303	-8877	-2197	803	1406	
5641	3200	-8861	-2193	779	1427	
5727	3098	-8842	-2188	753	1448	
5811	2994	-8822	-2182	726	1470	
5893	2890	-8802	-2177	700	1490	
5976	2786	-8780	-2173	673	1509	
6058	2681	-8756	-2166	646	1529	
6136	2576	-8730	-2159	621	1550	
6216	2470	-8705	-2153	594	1570	
6294	2364	-8678	-2146	568	1589	
6371	2258	-8648	-2140	542	1608	
6447	2151	-8619	-2131	516	1627	
6523	2045	-8587	-2124	488	1645	
6599	1936	-8555	-2116	460	1664	
6672	1828	-8521	-2106	436	1682	
6745	1721	-8485	-2099	410	1700	
6816	1613	-8448	-2089	382	1718	
6887	1505	-8411	-2079	354	1735	
6956	1396	-8372	-2070	327	1752	
7025	1287	-8331	-2059	301	1769	
7092	1178	-8291	-2049	275	1786	
7158	1068	-8247	-2037	249	1801	
7223	959	-8203	-2026	222	1818	
7287	849	-8158	-2015	195	1834	
7349	740	-8111	-2004	168	1850	
7411	631	-8063	-1991	141	1866	
7474	520	-8014	-1979	117	1881	
7534	410	-7965	-1966	91	1895	
7591	301	-7913	-1954	65	1910	
7648	192	-7860	-1940	40	1925	
7705	81	-7807	-1927	13	1939	
7759	-30	-7752	-1915	-17	1951	
7813	-139	-7696	-1899	-48	1965	
7867	-249	-7639	-1885	-85	1977	
7919	-359	-7581	-1870	-121	1990	
7969	-470	-7521	-1856	-152	2002	
8018	-579	-7460	-1840	-175	2015	
8066	-689	-7399	-1824	-195	2028	
8113	-799	-7335	-1810	-221	2038	
8158	-907	-7270	-1793	-248	2049	
8202	-1017	-7205	-1777	-277	2060	
8246	-1127	-7140	-1759	-306	2070	
8287	-1235	-7073	-1743	-333	2081	
8326	-1344	-7004	-1727	-360	2091	
8366	-1452	-6934	-1708	-387	2102	
8404	-1560	-6863	-1692	-415	2109	
8442	-1669	-6792	-1674	-441	2118	
8478	-1777	-6721	-1655	-469	2128	
8512	-1884	-6647	-1637	-495	2136	
8544	-1992	-6572	-1617	-521	2144	
8576	-2099	-6497	-1599	-549	2152	
8606	-2205	-6420	-1581	-576	2159	
8636	-2311	-6343	-1560	-602	2167	
8663	-2418	-6265	-1540	-627	2172	
8688	-2523	-6184	-1522	-655	2178	
8714	-2628	-6104	-1502	-681	2185	
8738	-2733	-6023	-1481	-707	2191	
8760	-2839	-5942	-1462	-734	2196	
8780	-2943	-5858	-1440	-759	2201	
8800	-3045	-5774	-1420	-785	2206	
8820	-3150	-5689	-1399	-809	2210	
8837	-3252	-5603	-1378	-836	2214	
8854	-3354	-5518	-1356	-862	2218	
8866	-3455	-5431	-1333	-886	2222	
8881	-3557	-5342	-1311	-911	2226	
8893	-3657	-5253	-1290	-936	2228	
8902	-3757	-5163	-1267	-961	2230	
8913	-3857	-5073	-1244	-986	2232	
8919	-3956	-4982	-1222	-1011	2235	
8926	-4054	-4890	-1199	-1036	2236	
8932	-4152	-4797	-1176	-1060	2237	
8934	-4249	-4704	-1153	-1085	2238	
8936	-4346	-4610	-1129	-1109	2238	
8937	-4443	-4515	-1105	-1132	2238	
8937	-4538	-4419	-1084	-1157	2238	
8935	-4631	-4323	-1059	-1180	2238	
8932	-4725	-4226	-1035	-1203	2235	
8929	-4818	-4129	-1011	-1227	2233	
8924	-4909	-4031	-985	-1248	2233	
8916	-5002	-3932	-961	-1272	2230	
8906	-5093	-3832	-937	-1296	2229	
8898	-5183	-3732	-912	-1316	2227	
8888	-5271	-3631	-887	-1339	2224	
8875	-5360	-3531	-862	-1362	2221	
8862	-5448	-3430	-837	-1383	2217	
8845	-5536	-3327	-811	-1406	2213	
8828	-5621	-3224	-787	-1426	2209	
8810	-5706	-3122	-760	-1447	2204	
8791	-5790	-3017	-734	-1469	2199	
8772	-5873	-2914	-708	-1488	2195	
8751	-5957	-2809	-682	-1508	2188	
8728	-6038	-2703	-656	-1529	2182	
8702	-6118	-2600	-628	-1548	2176	
8678	-6199	-2494	-603	-1569	2169	
8651	-6278	-2387	-580	-1592	2160	
8621	-6355	-2281	-553	-1609	2154	
8593	-6432	-2174	-525	-1627	2149	
8563	-6509	-2067	-499	-1647	2139	
8531	-6583	-1958	-473	-1666	2131	
8495	-6657	-1851	-446	-1683	2123	
8462	-6731	-1744	-419	-1701	2114	
8426	-6803	-1636	-392	-1720	2105	
8388	-6873	-1528	-366	-1738	2095	
8351	-6944	-1418	-340	-1754	2085	
8310	-7012	-1309	-312	-1769	2077	
8268	-7079	-1200	-287	-1788	2064	
8227	-7147	-1092	-260	-1804	2053	
8183	-7212	-982	-231	-1820	2044	
8137	-7278	-872	-206	-1837	2032	
8091	-7341	-762	-179	-1851	2020	
8045	-7403	-652	-153	-1867	2008	
7998	-7464	-542	-127	-1883	1996	
7948	-7524	-432	-100	-1897	1983	
7897	-7584	-324	-74	-1912	1970	
7844	-7642	-213	-49	-1926	1957	
7791	-7698	-102	-21	-1940	1945	
7737	-7753	7	5	-1952	1930	
7681	-7808	118	29	-1967	1915	
7624	-7861	227	58	-1980	1902	
7566	-7913	337	86	-1992	1887	
7509	-7965	448	117	-2007	1872	
7447	-8014	558	151	-2019	1859	
7385	-8061	668	183	-2030	1843	
7323	-8109	777	211	-2042	1826	
7260	-8155	887	236	-2053	1810	
7196	-8199	996	260	-2064	1794	
7131	-8244	1105	285	-2075	1777	
7063	-8286	1215	313	-2086	1760	
6995	-8327	1325	341	-2096	1742	
6928	-8367	1433	369	-2104	1725	
6857	-8405	1541	396	-2114	1708	
6787	-8443	1649	421	-2124	1690	
6715	-8478	1758	448	-2132	1673	
6641	-8513	1866	475	-2140	1655	
6567	-8547	1974	502	-2149	1636	
6491	-8579	2082	529	-2156	1617	
6415	-8610	2189	555	-2163	1597	
6338	-8639	2296	581	-2171	1580	
6261	-8667	2403	608	-2178	1559	
6183	-8695	2509	635	-2185	1538	
6102	-8720	2614	661	-2191	1520	
6023	-8744	2719	687	-2195	1499	
5941	-8767	2824	713	-2202	1478	
5858	-8789	2928	739	-2206	1458	
5775	-8809	3031	766	-2211	1437	
5691	-8828	3134	789	-2217	1416	
5606	-8845	3239	815	-2221	1393	
5520	-8862	3341	841	-2225	1373	
5433	-8878	3442	866	-2228	1351	
5345	-8891	3544	891	-2231	1329	
5257	-8904	3646	916	-2234	1307	
5167	-8914	3746	942	-2238	1283	
5077	-8923	3846	966	-2238	1261	
4988	-8932	3945	989	-2243	1239	
4897	-8939	4044	1014	-2244	1215	
4804	-8945	4141	1039	-2242	1193	
4710	-8949	4239	1062	-2245	1169	
4617	-8952	4337	1085	-2246	1145	
4523	-8953	4432	1110	-2246	1123	
4428	-8953	4527	1133	-2246	1098	
4333	-8952	4623	1157	-2245	1074	
4236	-8950	4716	1181	-2244	1051	
4139	-8946	4809	1203	-2242	1026	
4041	-8940	4902	1227	-2240	1001	
3943	-8934	4994	1250	-2239	977	
3844	-8926	5086	1271	-2238	953	
3744	-8917	5176	1294	-2233	928	
3645	-8907	5266	1316	-2230	903	
3545	-8893	5355	1338	-2228	877	
3444	-8881	5443	1361	-2224	852	
3341	-8866	5530	1382	-2221	827	
3238	-8850	5616	1402	-2217	802	
3136	-8833	5702	1423	-2213	776	
3033	-8815	5787	1445	-2208	750	
2930	-8795	5871	1466	-2203	723	
2827	-8773	5954	1486	-2198	698	
2722	-8750	6035	1505	-2190	672	
2617	-8727	6116	1525	-2184	646	
2512	-8701	6198	1546	-2178	620	
2408	-8674	6277	1564	-2172	593	
2301	-8647	6355	1584	-2163	567	
2194	-8618	6432	1603	-2155	541	
2088	-8587	6508	1622	-2149	513	
1981	-8555	6584	1641	-2142	487	
1874	-8522	6658	1658	-2133	461	
1766	-8489	6732	1678	-2123	435	
1658	-8453	6805	1695	-2114	408	
1550	-8415	6875	1713	-2105	381	
1442	-8378	6945	1730	-2095	353	
1333	-8337	7016	1746	-2085	327	
1224	-8296	7083	1763	-2075	301	
1116	-8255	7151	1780	-2065	274	
1005	-8213	7218	1797	-2053	248	
896	-8168	7282	1812	-2041	220	
787	-8122	7346	1829	-2030	194	
677	-8075	7408	1844	-2019	168	
568	-8028	7470	1859	-2006	142	
459	-7978	7531	1874	-1994	116	
349	-7928	7591	1888	-1981	90	
239	-7877	7650	1902	-1967	67	
129	-7824	7706	1917	-1954	43	
19	-7769	7762	1931	-1941	17	
-90	-7713	7816	1944	-1926	-10	
-200	-7657	7870	1958	-1912	-41	
-313	-7600	7923	1969	-1898	-81	
-421	-7541	7975	1982	-1883	-125	
-529	-7481	8024	1995	-1866	-160	
-640	-7421	8072	2007	-1851	-180	
-748	-7358	8122	2019	-1837	-196	
-858	-7295	8168	2028	-1822	-217	
-968	-7230	8213	2040	-1804	-245	
-1077	-7165	8257	2051	-1788	-278	
-1187	-7100	8299	2061	-1771	-307	
-1296	-7032	8340	2073	-1753	-333	
-1406	-6963	8381	2082	-1736	-359	
-1514	-6893	8421	2091	-1720	-386	
-1621	-6822	8458	2099	-1702	-413	
-1728	-6751	8495	2109	-1683	-439	
-1835	-6678	8529	2118	-1666	-467	
-1942	-6604	8563	2125	-1646	-494	
-2049	-6530	8596	2134	-1626	-520	
-2155	-6454	8627	2140	-1609	-547	
-2260	-6377	8657	2148	-1590	-573	
-2366	-6299	8686	2155	-1571	-600	
-2470	-6221	8714	2161	-1550	-627	
-2576	-6141	8739	2168	-1530	-653	
-2683	-6061	8764	2174	-1510	-678	
-2789	-5979	8788	2181	-1488	-704	
-2893	-5897	8809	2186	-1468	-731	
-2995	-5814	8830	2189	-1447	-757	
-3099	-5730	8850	2194	-1427	-783	
-3202	-5646	8868	2199	-1405	-808	
-3304	-5560	8885	2203	-1383	-834	
