-3034	-5783	8838	2192	-1440	-766	
-3136	-5699	8856	2196	-1420	-793	
-3239	-5614	8874	2201	-1398	-818	
-3342	-5527	8891	2204	-1376	-844	
-3443	-5440	8904	2207	-1355	-870	
-3545	-5353	8918	2211	-1332	-894	
-3646	-5265	8932	2215	-1309	-919	
-3746	-5176	8942	2215	-1288	-945	
-3845	-5086	8951	2218	-1266	-969	
-3944	-4995	8960	2220	-1242	-993	
-4042	-4903	8966	2221	-1220	-1017	
-4140	-4811	8971	2223	-1196	-1042	
-4238	-4717	8976	2225	-1172	-1066	
-4335	-4623	8980	2225	-1149	-1091	
-4431	-4529	8981	2225	-1125	-1113	
-4526	-4434	8981	2225	-1102	-1137	
-4621	-4339	8980	2225	-1078	-1162	
-4714	-4242	8977	2225	-1053	-1184	
-4807	-4144	8973	2223	-1029	-1208	
-4899	-4046	8968	2221	-1004	-1231	
-4990	-3948	8961	2219	-978	-1254	
-5082	-3849	8954	2217	-953	-1277	
-5173	-3750	8944	2214	-929	-1298	
-5262	-3650	8933	2211	-905	-1321	
-5351	-3548	8921	2209	-879	-1343	
-5437	-3447	8908	2204	-854	-1364	
-5524	-3344	8893	2201	-828	-1385	
-5610	-3242	8876	2197	-804	-1408	
-5695	-3140	8860	2192	-778	-1429	
-5781	-3037	8842	2186	-751	-1449	
-5865	-2933	8821	2181	-725	-1471	
-5947	-2829	8800	2177	-699	-1491	
-6028	-2724	8776	2171	-672	-1511	
-6108	-2619	8752	2164	-646	-1531	
-6189	-2513	8728	2158	-621	-1551	
-6267	-2408	8701	2151	-594	-1571	
-6345	-2302	8672	2145	-568	-1591	
-6423	-2195	8642	2137	-542	-1609	
-6500	-2089	8612	2129	-514	-1627	
-6575	-1981	8580	2120	-489	-1647	
-6649	-1873	8547	2113	-462	-1666	
-6722	-1766	8514	2105	-434	-1684	
-6795	-1657	8478	2095	-408	-1701	
-6865	-1550	8441	2084	-381	-1719	
-6935	-1442	8403	2077	-352	-1735	
-7004	-1334	8362	2066	-327	-1753	
-7072	-1225	8322	2054	-301	-1770	
-7139	-1114	8280	2046	-272	-1785	
-7205	-1005	8236	2034	-246	-1803	
-7269	-897	8193	2022	-220	-1819	
-7333	-787	8147	2011	-193	-1834	
-7395	-677	8100	1999	-166	-1851	
-7456	-568	8051	1986	-140	-1865	
-7516	-458	8002	1975	-113	-1880	
-7577	-348	7951	1962	-87	-1895	
-7635	-238	7898	1949	-61	-1908	
-7692	-129	7846	1937	-35	-1923	
-7748	-17	7792	1922	-11	-1938	
-7802	93	7736	1910	16	-1950	
-7857	202	7681	1895	42	-1963	
-7908	312	7623	1879	70	-1977	
-7960	421	7563	1865	103	-1990	
-8010	531	7504	1849	138	-2001	
-8058	641	7443	1834	173	-2014	
-8107	751	7380	1819	203	-2025	
-8153	860	7317	1803	227	-2037	
-8197	970	7252	1787	250	-2048	
-8241	1079	7187	1771	274	-2059	
-8284	1188	7121	1753	299	-2069	
-8325	1298	7052	1737	330	-2079	
-8365	1407	6984	1721	361	-2089	
-8403	1515	6914	1702	386	-2099	
-8441	1623	6844	1684	412	-2109	
-8478	1731	6771	1667	440	-2116	
-8513	1840	6699	1649	467	-2125	
-8547	1947	6625	1630	494	-2133	
-8577	2053	6550	1611	520	-2142	
-8608	2161	6474	1593	546	-2150	
-8639	2267	6397	1573	574	-2157	
-8667	2374	6320	1555	600	-2162	
-8694	2481	6241	1535	627	-2169	
-8721	2585	6161	1515	654	-2176	
-8745	2690	6080	1495	681	-2182	
-8768	2795	5999	1474	706	-2188	
-8793	2900	5917	1454	731	-2192	
-8812	3004	5833	1434	758	-2197	
-8831	3107	5749	1412	784	-2203	
-8849	3210	5663	1390	808	-2208	
-8865	3312	5578	1370	834	-2210	
-8882	3415	5491	1349	859	-2214	
-8897	3516	5403	1327	885	-2218	
-8909	3617	5316	1304	911	-2221	
-8920	3717	5226	1281	936	-2224	
-8929	3817	5135	1260	960	-2225	
-8937	3916	5044	1239	987	-2227	
-8945	4015	4954	1214	1011	-2230	
-8953	4114	4862	1192	1035	-2231	
-8955	4210	4769	1170	1060	-2231	
-8957	4307	4674	1145	1083	-2231	
-8962	4405	4580	1122	1106	-2232	
-8962	4500	4485	1098	1130	-2233	
-8960	4594	4389	1073	1154	-2232	
-8957	4689	4293	1050	1178	-2231	
-8955	4781	4196	1026	1202	-2230	
-8951	4874	4097	1002	1224	-2229	
-8944	4967	3999	977	1246	-2227	
-8938	5057	3901	952	1270	-2224	
-8928	5149	3802	926	1291	-2223	
-8917	5238	3701	903	1316	-2220	
-8905	5327	3599	878	1337	-2217	
-8892	5416	3499	851	1356	-2214	
-8879	5502	3397	828	1381	-2208	
-8863	5589	3294	803	1402	-2205	
-8846	5675	3193	777	1423	-2201	
-8829	5760	3090	752	1444	-2196	
-8808	5844	2985	726	1464	-2192	
-8787	5927	2881	700	1486	-2186	
-8765	6010	2777	674	1506	-2180	
-8741	6091	2672	648	1525	-2174	
-8717	6171	2567	623	1546	-2168	
-8691	6250	2462	598	1566	-2159	
-8663	6328	2355	571	1586	-2154	
-8635	6407	2248	546	1606	-2146	
-8603	6482	2141	518	1624	-2138	
-8572	6559	2033	490	1643	-2131	
-8541	6634	1925	464	1661	-2122	
-8507	6706	1817	438	1679	-2114	
-8471	6780	1709	411	1697	-2105	
-8434	6851	1601	385	1714	-2095	
-8397	6922	1493	358	1733	-2085	
-8358	6992	1383	331	1750	-2075	
-8317	7059	1274	305	1767	-2065	
-8276	7127	1166	277	1782	-2055	
-8234	7194	1057	251	1800	-2045	
-8189	7259	948	226	1818	-2033	
-8143	7323	838	199	1833	-2022	
-8098	7386	727	172	1847	-2010	
-8050	7447	618	146	1862	-1998	
-8002	7508	508	121	1878	-1986	
-7953	7568	397	95	1891	-1973	
-7900	7627	287	69	1905	-1960	
-7848	7684	178	42	1921	-1947	
-7794	7740	68	15	1933	-1934	
-7739	7796	-42	-13	1948	-1920	
-7684	7850	-152	-46	1961	-1906	
-7625	7902	-262	-82	1973	-1892	
-7568	7953	-373	-115	1987	-1877	
-7509	8004	-482	-142	1999	-1863	
-7448	8053	-592	-167	2010	-1847	
-7385	8100	-703	-190	2023	-1830	
-7322	8148	-812	-215	2034	-1815	
-7260	8193	-923	-243	2045	-1800	
-7194	8237	-1032	-271	2056	-1782	
-7129	8281	-1140	-299	2067	-1766	
-7063	8322	-1250	-326	2078	-1749	
-6993	8363	-1358	-353	2088	-1733	
-6926	8402	-1467	-379	2097	-1716	
-6854	8441	-1576	-405	2107	-1696	
-6781	8478	-1685	-432	2116	-1678	
-6712	8513	-1792	-459	2125	-1660	
-6637	8546	-1899	-486	2133	-1643	
-6562	8580	-2007	-512	2142	-1622	
-6486	8612	-2113	-540	2148	-1603	
-6411	8642	-2221	-566	2156	-1584	
-6333	8671	-2328	-591	2163	-1565	
-6255	8699	-2434	-619	2169	-1546	
-6177	8725	-2541	-644	2177	-1525	
-6095	8750	-2646	-670	2182	-1505	
-6014	8774	-2753	-698	2188	-1486	
-5932	8796	-2857	-723	2194	-1464	
-5849	8817	-2960	-749	2198	-1444	
-5767	8836	-3064	-775	2203	-1423	
-5682	8855	-3167	-799	2209	-1401	
-5597	8873	-3269	-825	2212	-1380	
-5513	8889	-3371	-851	2214	-1359	
-5424	8904	-3473	-875	2218	-1337	
-5335	8916	-3575	-901	2222	-1314	
-5247	8928	-3676	-926	2225	-1291	
-5158	8939	-3776	-949	2227	-1269	
-5068	8948	-3875	-975	2229	-1246	
-4978	8955	-3974	-999	2231	-1224	
-4886	8962	-4073	-1024	2232	-1201	
-4793	8967	-4171	-1049	2233	-1178	
-4700	8970	-4268	-1071	2234	-1154	
-4605	8973	-4366	-1096	2234	-1132	
-4510	8974	-4461	-1119	2235	-1108	
-4416	8974	-4556	-1142	2234	-1083	
-4319	8973	-4650	-1167	2234	-1059	
-4222	8968	-4745	-1189	2232	-1036	
-4127	8965	-4838	-1213	2230	-1011	
-4028	8959	-4930	-1236	2229	-986	
-3928	8951	-5022	-1258	2227	-962	
-3829	8943	-5113	-1281	2225	-936	
-3729	8935	-5202	-1303	2222	-912	
-3629	8923	-5292	-1325	2220	-888	
-3528	8910	-5381	-1346	2216	-862	
-3427	8896	-5469	-1368	2213	-836	
-3326	8882	-5555	-1389	2210	-811	
-3225	8865	-5642	-1410	2205	-786	
-3121	8847	-5728	-1432	2200	-759	
-3017	8827	-5811	-1453	2195	-734	
-2914	8807	-5895	-1473	2188	-709	
-2809	8786	-5978	-1494	2184	-681	
-2704	8762	-6059	-1514	2179	-655	
-2600	8738	-6141	-1533	2171	-629	
-2495	8712	-6220	-1553	2165	-603	
-2387	8685	-6298	-1571	2159	-578	
-2282	8656	-6377	-1592	2151	-551	
-2178	8626	-6454	-1611	2142	-524	
-2071	8597	-6530	-1629	2134	-498	
-1964	8564	-6605	-1648	2128	-471	
-1856	8530	-6679	-1665	2119	-445	
-1749	8495	-6752	-1685	2108	-420	
-1643	8460	-6824	-1702	2101	-390	
-1534	8422	-6896	-1719	2090	-363	
-1425	8383	-6965	-1736	2081	-337	
-1316	8344	-7034	-1753	2071	-310	
-1207	8303	-7102	-1770	2060	-283	
-1099	8260	-7169	-1786	2050	-257	
-989	8217	-7236	-1802	2038	-230	
-880	8172	-7300	-1818	2027	-203	
-770	8125	-7362	-1834	2015	-176	
-660	8078	-7425	-1849	2003	-149	
-551	8030	-7486	-1864	1991	-125	
-439	7980	-7547	-1878	1979	-99	
-331	7929	-7606	-1892	1967	-72	
-221	7877	-7664	-1907	1952	-46	
-111	7823	-7721	-1921	1938	-23	
-2	7769	-7776	-1935	1925	1	
108	7713	-7831	-1948	1911	25	
217	7657	-7884	-1961	1897	53	
326	7599	-7936	-1974	1883	87	
436	7540	-7987	-1987	1867	124	
545	7480	-8036	-1998	1851	164	
655	7419	-8085	-2011	1836	197	
766	7355	-8132	-2023	1820	219	
874	7292	-8178	-2033	1804	240	
983	7227	-8223	-2044	1788	261	
1094	7161	-8266	-2055	1771	288	
1203	7095	-8309	-2066	1755	318	
1312	7027	-8349	-2074	1738	348	
1420	6958	-8389	-2084	1720	376	
1529	6888	-8428	-2095	1702	401	
1637	6817	-8465	-2104	1685	427	
1745	6744	-8501	-2113	1667	454	
1852	6671	-8536	-2121	1648	481	
1960	6597	-8570	-2128	1629	508	
2067	6522	-8602	-2137	1609	536	
2173	6447	-8632	-2144	1591	560	
2279	6369	-8661	-2150	1573	588	
2385	6291	-8691	-2159	1552	615	
2491	6213	-8718	-2164	1533	641	
2596	6132	-8742	-2170	1513	668	
2701	6051	-8767	-2177	1491	693	
2805	5970	-8790	-2181	1471	720	
2908	5888	-8811	-2187	1450	746	
3011	5804	-8832	-2192	1430	771	
3116	5719	-8851	-2196	1409	798	
3218	5635	-8869	-2200	1387	824	
3321	5548	-8884	-2204	1366	849	
3423	5461	-8899	-2207	1344	874	
3524	5373	-8913	-2211	1322	899	
3625	5285	-8926	-2214	1299	924	
3723	5196	-8936	-2214	1277	950	
3825	5105	-8946	-2218	1255	974	
3924	5015	-8954	-2222	1230	997	
4022	4924	-8961	-2223	1207	1022	
4120	4830	-8966	-2223	1185	1047	
4216	4738	-8971	-2223	1162	1071	
4312	4644	-8974	-2225	1139	1096	
4408	4550	-8975	-2225	1114	1120	
4504	4454	-8975	-2224	1092	1144	
4599	4359	-8974	-2223	1068	1167	
4692	4263	-8971	-2224	1042	1188	
4785	4164	-8967	-2222	1019	1213	
4877	4067	-8962	-2219	994	1236	
4968	3968	-8955	-2219	968	1257	
5061	3869	-8948	-2217	943	1281	
5150	3770	-8939	-2214	919	1304	
5239	3670	-8928	-2211	894	1327	
5327	3569	-8916	-2208	868	1349	
5415	3468	-8902	-2205	845	1371	
5502	3366	-8887	-2201	818	1391	
5589	3263	-8871	-2195	793	1412	
5676	3161	-8854	-2192	768	1434	
5758	3059	-8835	-2187	742	1455	
5841	2955	-8815	-2181	716	1476	
5926	2850	-8793	-2177	690	1496	
6006	2745	-8770	-2169	664	1517	
6086	2640	-8747	-2164	637	1537	
6169	2536	-8722	-2157	612	1556	
6247	2429	-8695	-2152	585	1575	
6324	2323	-8668	-2144	558	1596	
6401	2217	-8637	-2137	531	1615	
6476	2109	-8607	-2129	505	1634	
6551	2003	-8575	-2120	480	1653	
6626	1895	-8542	-2113	452	1670	
6699	1788	-8508	-2103	426	1689	
6771	1680	-8472	-2094	398	1707	
6842	1571	-8435	-2084	372	1724	
6913	1464	-8397	-2076	345	1741	
6983	1355	-8356	-2065	318	1760	
7051	1245	-8316	-2054	292	1777	
7117	1137	-8273	-2045	264	1791	
7183	1027	-8230	-2034	237	1809	
7247	918	-8186	-2023	212	1825	
7313	808	-8140	-2012	185	1840	
7375	698	-8093	-2000	158	1855	
7436	588	-8045	-1987	132	1871	
7496	477	-7997	-1974	106	1886	
7556	368	-7946	-1962	81	1901	
7614	259	-7893	-1950	54	1915	
7668	148	-7840	-1936	29	1928	
7726	38	-7786	-1921	4	1943	
7781	-72	-7731	-1908	-28	1956	
7834	-181	-7673	-1895	-61	1968	
7887	-291	-7615	-1879	-98	1982	
7938	-401	-7558	-1863	-134	1994	
7987	-511	-7498	-1850	-161	2008	
8036	-622	-7437	-1835	-183	2020	
8083	-731	-7374	-1820	-205	2031	
8129	-840	-7310	-1803	-230	2042	
8174	-950	-7246	-1787	-259	2053	
8218	-1059	-7181	-1772	-290	2065	
8262	-1168	-7115	-1752	-316	2076	
8304	-1277	-7046	-1736	-341	2085	
8342	-1385	-6977	-1719	-370	2094	
8381	-1494	-6908	-1700	-396	2105	
8420	-1603	-6837	-1686	-424	2113	
8455	-1709	-6764	-1668	-451	2122	
8489	-1817	-6692	-1649	-478	2130	
8524	-1925	-6618	-1629	-505	2139	
8556	-2032	-6543	-1611	-532	2147	
8588	-2140	-6467	-1593	-558	2155	
8617	-2246	-6391	-1574	-586	2162	
8644	-2352	-6314	-1554	-613	2169	
8673	-2459	-6234	-1534	-639	2176	
8699	-2563	-6155	-1516	-665	2181	
8724	-2668	-6074	-1494	-690	2187	
8746	-2774	-5993	-1472	-716	2193	
8768	-2878	-5911	-1454	-744	2198	
8789	-2981	-5827	-1433	-770	2203	
8807	-3085	-5742	-1412	-795	2208	
8825	-3188	-5657	-1390	-820	2213	
8843	-3291	-5571	-1368	-845	2217	
8859	-3393	-5484	-1347	-871	2220	
8873	-3494	-5398	-1327	-897	2222	
8885	-3595	-5309	-1303	-921	2226	
8897	-3695	-5219	-1281	-947	2229	
8906	-3796	-5130	-1259	-972	2232	
8914	-3895	-5039	-1235	-996	2233	
8921	-3994	-4948	-1212	-1019	2234	
8927	-4092	-4856	-1191	-1044	2237	
8931	-4189	-4762	-1168	-1070	2237	
8937	-4286	-4669	-1144	-1094	2238	
8938	-4382	-4574	-1120	-1118	2238	
8938	-4478	-4479	-1097	-1142	2238	
8939	-4574	-4384	-1074	-1166	2237	
8935	-4667	-4286	-1049	-1188	2237	
8931	-4761	-4188	-1025	-1211	2236	
8925	-4853	-4091	-1001	-1235	2234	
8920	-4945	-3993	-975	-1258	2233	
8914	-5037	-3894	-951	-1280	2231	
8904	-5127	-3794	-926	-1302	2229	
8895	-5217	-3694	-903	-1325	2226	
8882	-5306	-3593	-876	-1346	2222	
8869	-5393	-3492	-850	-1368	2219	
8854	-5481	-3389	-826	-1392	2215	
8839	-5568	-3288	-801	-1412	2211	
8822	-5653	-3185	-776	-1434	2207	
8804	-5738	-3082	-751	-1456	2202	
8786	-5823	-2979	-725	-1476	2196	
8764	-5906	-2875	-698	-1496	2191	
8743	-5988	-2769	-672	-1517	2186	
8719	-6069	-2665	-647	-1537	2179	
8694	-6149	-2559	-622	-1558	2171	
8667	-6229	-2452	-594	-1576	2165	
8640	-6307	-2346	-567	-1594	2161	
8611	-6385	-2239	-543	-1616	2151	
8580	-6462	-2132	-516	-1636	2144	
8550	-6538	-2026	-489	-1653	2137	
8519	-6613	-1918	-463	-1672	2128	
8483	-6686	-1811	-436	-1691	2120	
8447	-6758	-1703	-410	-1708	2111	
8410	-6830	-1595	-383	-1726	2101	
8372	-6901	-1485	-356	-1743	2092	
8333	-6969	-1377	-329	-1760	2082	
8293	-7038	-1269	-303	-1778	2071	
8253	-7105	-1158	-275	-1793	2061	
8210	-7171	-1050	-249	-1810	2050	
8166	-7238	-940	-222	-1826	2039	
8122	-7302	-830	-194	-1842	2028	
8076	-7364	-721	-169	-1859	2016	
8027	-7426	-611	-143	-1874	2004	
7977	-7487	-500	-116	-1889	1991	
7928	-7547	-390	-89	-1903	1979	
7877	-7606	-281	-64	-1918	1966	
7825	-7664	-171	-39	-1931	1952	
7771	-7720	-60	-13	-1946	1938	
7716	-7774	50	13	-1959	1925	
7661	-7829	160	39	-1972	1911	
7603	-7881	270	66	-1986	1896	
7543	-7933	380	99	-1998	1882	
7485	-7983	489	131	-2010	1867	
7425	-8031	600	164	-2022	1851	
7362	-8081	710	193	-2035	1837	
7300	-8127	820	219	-2047	1821	
7237	-8173	929	246	-2058	1805	
7170	-8217	1038	270	-2069	1788	
7104	-8259	1148	296	-2079	1771	
7037	-8301	1257	324	-2090	1753	
6970	-8342	1366	352	-2099	1737	
6900	-8381	1474	380	-2108	1719	
6829	-8418	1583	406	-2119	1702	
6758	-8456	1692	432	-2127	1684	
6687	-8492	1800	460	-2133	1665	
6612	-8526	1908	486	-2143	1648	
6537	-8559	2014	512	-2153	1629	
6464	-8591	2122	539	-2159	1610	
6387	-8622	2229	565	-2167	1590	
6311	-8650	2337	592	-2175	1571	
6233	-8677	2444	618	-2181	1551	
6153	-8704	2549	644	-2187	1531	
6073	-8729	2654	671	-2193	1512	
5991	-8753	2760	697	-2198	1491	
5908	-8776	2863	723	-2204	1470	
5827	-8796	2968	748	-2209	1450	
5745	-8817	3072	775	-2213	1429	
5659	-8835	3174	800	-2219	1406	
5573	-8852	3277	826	-2221	1386	
5487	-8868	3379	852	-2224	1365	
5400	-8883	3482	875	-2230	1342	
5312	-8896	3582	900	-2234	1321	
5222	-8907	3682	925	-2235	1298	
5133	-8918	3784	949	-2238	1275	
5044	-8927	3884	974	-2240	1253	
4953	-8935	3983	1001	-2241	1230	
4862	-8941	4082	1024	-2244	1207	
4769	-8947	4179	1047	-2244	1184	
4675	-8951	4276	1071	-2246	1160	
4581	-8952	4373	1094	-2246	1136	
4487	-8952	4470	1120	-2244	1113	
4391	-8952	4564	1142	-2245	1089	
4296	-8952	4658	1164	-2245	1065	
4200	-8949	4753	1189	-2244	1041	
4103	-8943	4845	1212	-2243	1017	
4004	-8938	4937	1234	-2242	992	
3906	-8931	5030	1259	-2238	968	
3806	-8922	5121	1281	-2236	944	
3706	-8914	5211	1302	-2234	918	
3606	-8902	5300	1324	-2232	891	
3504	-8890	5388	1345	-2228	866	
3404	-8876	5476	1369	-2222	844	
3303	-8861	5563	1390	-2219	818	
3201	-8844	5649	1412	-2215	790	
3099	-8826	5735	1434	-2211	767	
2993	-8807	5819	1453	-2205	740	
2889	-8787	5902	1473	-2200	713	
2786	-8766	5985	1493	-2196	688	
2681	-8742	6067	1514	-2188	662	
2577	-8717	6148	1534	-2183	636	
2473	-8691	6228	1554	-2176	609	
2367	-8664	6306	1572	-2168	582	
2261	-8635	6383	1592	-2162	557	
2154	-8606	6462	1611	-2154	532	
2047	-8575	6537	1629	-2146	504	
1940	-8543	6612	1648	-2137	478	
1834	-8510	6687	1666	-2129	451	
1727	-8475	6760	1684	-2120	424	
1618	-8439	6832	1700	-2111	397	
1509	-8402	6903	1718	-2103	370	
1400	-8363	6973	1737	-2091	344	
1290	-8322	7041	1753	-2081	317	
1182	-8281	7109	1770	-2070	290	
1073	-8240	7176	1785	-2060	263	
963	-8196	7242	1803	-2049	236	
854	-8152	7306	1818	-2037	210	
743	-8105	7370	1834	-2026	184	
636	-8057	7432	1849	-2014	157	
527	-8009	7494	1865	-2001	132	
416	-7958	7554	1879	-1989	106	
307	-7907	7613	1892	-1977	79	
198	-7855	7671	1908	-1963	57	
87	-7802	7728	1922	-1950	33	
-23	-7748	7783	1934	-1936	7	
-131	-7692	7837	1948	-1922	-22	
-240	-7636	7891	1962	-1907	-56	
-351	-7578	7943	1974	-1892	-98	
-462	-7519	7993	1986	-1877	-140	
-571	-7459	8043	1999	-1862	-169	
-679	-7397	8091	2010	-1847	-186	
-789	-7335	8138	2024	-1830	-202	
-901	-7271	8185	2034	-1814	-227	
-1009	-7206	8230	2044	-1797	-257	
-1119	-7140	8273	2057	-1780	-288	
-1229	-7073	8316	2065	-1765	-317	
-1338	-7006	8356	2075	-1749	-342	
-1446	-6936	8396	2086	-1731	-369	
-1553	-6867	8434	2094	-1713	-396	
-1661	-6795	8472	2103	-1695	-423	
-1768	-6723	8508	2112	-1677	-450	
-1875	-6650	8543	2121	-1658	-477	
-1982	-6577	8576	2130	-1639	-503	
-2088	-6501	8608	2135	-1622	-531	
-2196	-6424	8638	2143	-1603	-558	
-2301	-6348	8668	2152	-1580	-584	
-2407	-6270	8696	2156	-1562	-612	
-2513	-6191	8723	2163	-1543	-638	
-2618	-6112	8750	2171	-1522	-663	
-2723	-6030	8773	2175	-1504	-689	
-2827	-5949	8795	2181	-1483	-716	
-2931	-5866	8817	2187	-1461	-741	
-3036	-5783	8837	2191	-1440	-767	
-3140	-5699	8856	2195	-1418	-793	
-3243	-5613	8874	2200	-1397	-818	
-3344	-5527	8890	2204	-1376	-844	
-3446	-5440	8905	2209	-1354	-868	
-3547	-5353	8918	2212	-1331	-894	
-3647	-5264	8931	2214	-1309	-919	
-3747	-5174	8943	2217	-1287	-943	
-3847	-5085	8952	2219	-1264	-968	
-3946	-4994	8960	2221	-1242	-993	
-4045	-4902	8967	2222	-1219	-1018	
-4142	-4810	8972	2223	-1196	-1042	
-4239	-4717	8976	2223	-1173	-1067	
-4335	-4623	8979	2224	-1149	-1090	
-4430	-4528	8980	2225	-1125	-1114	
-4525	-4433	8981	2224	-1101	-1138	
-4621	-4337	8980	2224	-1076	-1161	
-4715	-4241	8977	2224	-1052	-1184	
-4806	-4143	8973	2222	-1028	-1207	
-4900	-4046	8967	2221	-1003	-1231	
-4991	-3948	8961	2220	-978	-1253	
-5082	-3848	8953	2217	-954	-1276	
-5172	-3748	8943	2214	-930	-1299	
-5261	-3647	8934	2211	-905	-1321	
-5350	-3547	8920	2208	-879	-1342	
-5438	-3446	8906	2204	-853	-1364	
-5525	-3344	8893	2201	-828	-1386	
-5612	-3242	8876	2196	-803	-1408	
-5697	-3140	8859	2192	-777	-1429	
-5780	-3036	8840	2186	-752	-1449	
-5865	-2932	8821	2180	-726	-1471	
-5948	-2827	8799	2177	-699	-1491	
-6028	-2723	8776	2171	-673	-1512	
-6108	-2618	8752	2162	-648	-1532	
-6189	-2513	8727	2158	-621	-1551	
-6270	-2408	8701	2152	-594	-1570	
-6347	-2301	8672	2144	-568	-1590	
-6424	-2194	8643	2137	-542	-1609	
-6499	-2087	8613	2129	-515	-1628	
-6574	-1980	8581	2121	-488	-1647	
-6649	-1872	8547	2112	-461	-1665	
-6721	-1765	8513	2104	-435	-1683	
-6794	-1658	8477	2095	-407	-1700	
-6866	-1549	8440	2086	-379	-1719	
-6935	-1441	8402	2076	-352	-1737	
-7004	-1332	8361	2066	-326	-1753	
-7073	-1223	8322	2056	-300	-1770	
-7139	-1114	8279	2045	-273	-1787	
-7205	-1005	8236	2034	-246	-1804	
-7269	-896	8192	2023	-220	-1819	
-7334	-786	8146	2010	-193	-1835	
-7398	-677	8098	1999	-166	-1850	
-7459	-566	8051	1988	-139	-1865	
-7520	-456	8002	1974	-113	-1881	
-7578	-348	7951	1962	-87	-1895	
-7636	-237	7898	1949	-62	-1909	
-7692	-128	7846	1936	-36	-1924	
-7748	-18	7791	1922	-10	-1938	
-7803	93	7736	1909	15	-1950	
-7856	202	7680	1895	41	-1964	
-7910	312	7622	1879	70	-1977	
-7961	422	7563	1865	104	-1989	
-8010	533	7503	1850	138	-2002	
-8059	642	7442	1835	173	-2013	
-8105	752	7379	1818	203	-2026	
-8151	862	7315	1802	228	-2037	
-8197	972	7251	1787	250	-2048	
-8241	1081	7186	1770	274	-2059	
-8283	1189	7120	1753	300	-2068	
-8325	1298	7052	1736	330	-2080	
-8365	1407	6983	1720	361	-2089	
-8405	1515	6914	1702	386	-2098	
-8441	1624	6842	1684	413	-2108	
-8476	1733	6771	1667	440	-2117	
-8513	1840	6698	1647	465	-2125	
-8547	1947	6624	1631	494	-2133	
-8580	2055	6549	1612	521	-2141	
-8611	2162	6473	1592	547	-2149	
-8641	2268	6397	1574	573	-2156	
-8670	2374	6320	1554	600	-2163	
-8696	2480	6240	1535	627	-2171	
-8721	2586	6159	1516	654	-2175	
-8745	2691	6079	1495	680	-2182	
-8769	2796	5998	1474	706	-2189	
-8791	2901	5915	1455	732	-2192	
-8812	3004	5832	1433	758	-2197	
-8832	3108	5749	1412	784	-2202	
-8850	3211	5663	1391	810	-2206	
-8867	3314	5578	1370	835	-2211	
-8881	3415	5492	1347	860	-2215	
-8894	3517	5402	1326	885	-2217	
-8907	3618	5315	1304	911	-2220	
-8920	3718	5225	1282	935	-2223	
-8929	3819	5135	1259	961	-2226	
-8937	3917	5044	1236	985	-2228	
-8945	4016	4953	1215	1011	-2229	
-8951	4115	4860	1192	1036	-2231	
-8957	4211	4768	1167	1057	-2232	
-8959	4309	4674	1143	1082	-2232	
-8961	4405	4579	1122	1107	-2232	
-8961	4500	4484	1098	1130	-2232	
-8961	4596	4388	1074	1154	-2232	
-8959	4690	4291	1050	1177	-2231	
-8955	4784	4195	1025	1201	-2230	
-8951	4876	4097	1002	1224	-2229	
-8944	4967	3998	976	1246	-2227	
-8937	5059	3900	952	1269	-2226	
-8929	5149	3800	928	1293	-2222	
-8917	5239	3700	903	1316	-2220	
-8907	5328	3600	879	1338	-2217	
-8894	5416	3499	854	1360	-2212	
-8877	5504	3395	828	1381	-2209	
-8863	5590	3293	802	1401	-2206	
-8845	5675	3191	776	1422	-2201	
-8827	5760	3088	750	1444	-2197	
-8808	5845	2983	726	1465	-2191	
-8788	5928	2881	700	1486	-2185	
-8766	6009	2776	674	1506	-2181	
-8741	6090	2670	649	1526	-2174	
-8717	6171	2566	622	1546	-2167	
-8692	6251	2461	596	1566	-2161	
-8663	6329	2354	569	1586	-2155	
-8632	6407	2248	543	1606	-2147	
-8602	6484	2140	518	1623	-2139	
-8573	6559	2032	490	1642	-2132	
-8540	6634	1925	464	1662	-2122	
-8506	6708	1817	438	1679	-2113	
-8472	6780	1709	411	1697	-2104	
-8435	6852	1601	384	1715	-2095	
-8396	6923	1492	358	1732	-2085	
-8356	6992	1383	331	1750	-2075	
-8317	7060	1274	304	1766	-2064	
-8276	7128	1165	277	1783	-2055	
-8234	7194	1055	251	1801	-2045	
-8188	7258	946	226	1816	-2033	
-8143	7324	837	197	1831	-2023	
-8098	7386	727	171	1848	-2010	
-8049	7448	617	147	1863	-1998	
-8001	7509	506	120	1877	-1985	
-7951	7568	396	94	1892	-1973	
-7899	7627	286	67	1907	-1960	
-7847	7683	176	42	1921	-1946	
-7793	7740	66	16	1935	-1933	
-7739	7796	-44	-13	1948	-1919	
-7683	7849	-154	-46	1961	-1906	
-7625	7902	-263	-80	1975	-1892	
-7568	7954	-374	-114	1987	-1877	
-7509	8005	-484	-143	2001	-1861	
-7448	8054	-594	-165	2013	-1845	
-7386	8101	-704	-189	2023	-1830	
-7324	8148	-814	-216	2035	-1815	
-7259	8194	-924	-243	2047	-1799	
-7195	8239	-1032	-271	2056	-1782	
-7130	8281	-1142	-299	2066	-1766	
-7061	8323	-1251	-326	2078	-1749	
-6992	8365	-1360	-353	2087	-1731	
-6923	8403	-1469	-379	2098	-1714	
-6853	8441	-1577	-406	2107	-1697	
-6780	8478	-1684	-434	2115	-1680	
-6709	8512	-1793	-460	2125	-1660	
-6637	8547	-1901	-487	2133	-1641	
-6562	8580	-2007	-513	2141	-1624	
-6486	8612	-2115	-540	2147	-1604	
-6409	8643	-2222	-566	2156	-1585	
-6331	8672	-2329	-592	2162	-1565	
-6255	8699	-2436	-620	2169	-1546	
-6176	8725	-2542	-645	2176	-1526	
-6095	8750	-2647	-670	2182	-1505	
-6015	8774	-2752	-697	2188	-1485	
-5934	8797	-2856	-724	2193	-1463	
-5849	8818	-2961	-748	2197	-1443	
-5767	8837	-3065	-774	2203	-1423	
-5682	8856	-3168	-798	2208	-1401	
-5596	8873	-3270	-824	2211	-1380	
-5511	8889	-3373	-852	2215	-1358	
-5423	8903	-3475	-876	2218	-1336	
-5336	8916	-3576	-902	2221	-1314	
-5247	8928	-3677	-926	2225	-1292	
-5157	8939	-3777	-950	2227	-1269	
-5066	8949	-3877	-974	2229	-1246	
-4975	8956	-3977	-999	2231	-1224	
-4884	8962	-4074	-1024	2232	-1201	
-4791	8968	-4172	-1048	2233	-1179	
-4698	8971	-4269	-1071	2234	-1155	
-4604	8973	-4367	-1095	2235	-1131	
-4509	8973	-4462	-1120	2234	-1108	
-4414	8974	-4557	-1142	2235	-1083	
-4320	8973	-4652	-1165	2234	-1059	
-4222	8969	-4746	-1190	2231	-1036	
-4124	8965	-4839	-1213	2231	-1011	
-4027	8959	-4931	-1236	2230	-986	
-3929	8952	-5023	-1258	2227	-962	
-3829	8943	-5114	-1280	2225	-937	
-3730	8934	-5204	-1303	2222	-913	
-3630	8924	-5294	-1325	2219	-888	
-3529	8910	-5382	-1346	2216	-862	
-3428	8896	-5469	-1369	2212	-837	
-3324	8881	-5557	-1390	2208	-811	
-3223	8865	-5643	-1410	2205	-786	
-3119	8847	-5728	-1433	2199	-761	
-3016	8828	-5813	-1454	2194	-735	
-2914	8807	-5896	-1473	2190	-708	
-2808	8785	-5978	-1493	2184	-682	
-2703	8762	-6060	-1514	2178	-657	
-2598	8738	-6141	-1534	2172	-630	
-2492	8712	-6221	-1553	2164	-604	
-2387	8684	-6299	-1572	2157	-577	
-2280	8656	-6378	-1592	2150	-551	
-2174	8626	-6454	-1611	2142	-525	
-2069	8596	-6530	-1628	2135	-497	
-1962	8564	-6606	-1648	2127	-471	
-1855	8531	-6679	-1666	2119	-445	
-1748	8496	-6753	-1684	2110	-417	
-1641	8459	-6825	-1701	2100	-390	
-1533	8423	-6897	-1720	2089	-363	
-1424	8384	-6967	-1737	2080	-337	
-1315	8343	-7036	-1753	2071	-310	
-1208	8302	-7103	-1769	2060	-283	
-1099	8261	-7170	-1786	2050	-257	
-989	8217	-7237	-1803	2039	-230	
-880	8171	-7301	-1818	2027	-203	
-770	8125	-7363	-1833	2015	-176	
-661	8078	-7426	-1848	2003	-150	
-551	8029	-7487	-1863	1992	-124	
-439	7979	-7548	-1878	1979	-98	
-330	7929	-7607	-1893	1966	-72	
-220	7877	-7665	-1909	1952	-48	
-111	7823	-7722	-1922	1938	-23	
-1	7769	-7776	-1936	1925	1	
110	7713	-7830	-1948	1911	26	
220	7657	-7885	-1962	1896	54	
330	7598	-7937	-1975	1882	86	
438	7538	-7988	-1986	1867	124	
548	7478	-8037	-1999	1851	164	
658	7417	-8085	-2011	1836	197	
767	7355	-8132	-2023	1820	219	
877	7291	-8178	-2033	1805	240	
985	7228	-8223	-2045	1788	261	
1095	7161	-8266	-2056	1770	287	
1204	7094	-8310	-2063	1754	318	
1313	7026	-8351	-2075	1736	347	
1420	6956	-8391	-2086	1720	375	
1528	6886	-8429	-2094	1703	402	
1638	6816	-8466	-2104	1684	428	
1746	6744	-8502	-2112	1665	455	
1853	6671	-8536	-2120	1648	481	
1959	6597	-8570	-2129	1629	509	
2068	6520	-8603	-2136	1610	536	
2174	6445	-8633	-2143	1592	562	
2279	6368	-8662	-2151	1572	588	
2386	6291	-8690	-2156	1553	616	
2492	6212	-8717	-2163	1533	643	
2598	6131	-8743	-2170	1511	668	
2702	6051	-8768	-2176	1492	695	
2806	5970	-8790	-2181	1471	721	
2911	5887	-8811	-2186	1450	747	
3014	5802	-8832	-2192	1429	772	
3118	5719	-8851	-2196	1408	798	
3220	5634	-8868	-2200	1386	823	
3323	5548	-8884	-2204	1365	849	
3424	5461	-8899	-2208	1343	874	
3524	5373	-8914	-2211	1321	899	
3626	5284	-8926	-2213	1299	924	
3726	5194	-8936	-2217	1278	949	
3824	5104	-8946	-2219	1253	973	
3923	5014	-8955	-2221	1230	999	
4023	4922	-8961	-2221	1209	1023	
4120	4829	-8966	-2223	1185	1047	
4216	4736	-8971	-2223	1161	1073	
4313	4643	-8974	-2225	1139	1096	
4410	4548	-8974	-2225	1116	1120	
4504	4454	-8975	-2223	1091	1144	
4599	4358	-8975	-2224	1066	1167	
4693	4261	-8971	-2222	1042	1191	
4786	4164	-8967	-2221	1019	1214	
4879	4066	-8962	-2220	994	1237	
4970	3968	-8955	-2219	968	1260	
5061	3868	-8947	-2217	945	1282	
5152	3770	-8938	-2214	919	1304	
5241	3669	-8928	-2211	893	1326	
5330	3567	-8916	-2207	869	1349	
5417	3467	-8901	-2204	844	1371	
5503	3365	-8888	-2200	818	1392	
5590	3263	-8871	-2196	794	1414	
5673	3160	-8853	-2192	768	1434	
5759	3057	-8835	-2186	741	1455	
5843	2953	-8815	-2180	716	1477	
5925	2848	-8793	-2176	690	1496	
6007	2744	-8771	-2170	664	1517	
6088	2639	-8746	-2163	638	1538	
6168	2534	-8721	-2158	610	1556	
6245	2428	-8695	-2151	584	1576	
6324	2321	-8666	-2143	557	1595	
6401	2215	-8637	-2136	530	1614	
6477	2108	-8607	-2128	505	1635	
6552	2002	-8575	-2120	478	1652	
6627	1895	-8542	-2113	452	1671	
6701	1787	-8507	-2104	426	1690	
6772	1679	-8471	-2094	397	1706	
6843	1570	-8435	-2086	370	1724	
6914	1461	-8396	-2075	346	1742	
6982	1353	-8356	-2065	318	1758	
7050	1244	-8316	-2056	291	1776	
7118	1135	-8274	-2045	264	1793	
7184	1026	-8230	-2033	238	1809	
7249	916	-8185	-2022	211	1825	
7313	806	-8140	-2011	184	1841	
7375	697	-8093	-1999	158	1856	
7435	587	-8044	-1986	132	1872	
7496	477	-7995	-1974	106	1886	
7555	368	-7944	-1962	80	1901	
7613	257	-7892	-1948	55	1915	
7670	148	-7840	-1934	30	1929	
7725	38	-7786	-1922	3	1942	
7781	-72	-7730	-1907	-27	1956	
7835	-182	-7673	-1893	-61	1969	
7886	-293	-7616	-1879	-99	1982	
7937	-402	-7558	-1864	-135	1995	
7987	-512	-7498	-1849	-161	2007	
8036	-621	-7436	-1834	-182	2019	
8085	-730	-7374	-1819	-205	2030	
8131	-840	-7310	-1803	-231	2042	
8175	-950	-7246	-1788	-260	2053	
8220	-1061	-7181	-1770	-289	2064	
8261	-1169	-7114	-1754	-317	2074	
8302	-1277	-7046	-1737	-342	2084	
8343	-1386	-6977	-1719	-368	2094	
8383	-1494	-6908	-1702	-397	2104	
8419	-1603	-6837	-1685	-425	2112	
8455	-1711	-6765	-1667	-452	2121	
8491	-1818	-6692	-1648	-479	2131	
8523	-1926	-6618	-1629	-505	2139	
8556	-2033	-6543	-1611	-533	2147	
8587	-2141	-6467	-1593	-560	2154	
8615	-2247	-6389	-1573	-585	2162	
8645	-2352	-6312	-1553	-611	2169	
8672	-2459	-6234	-1535	-639	2176	
8699	-2565	-6154	-1515	-667	2181	
8723	-2670	-6073	-1494	-690	2188	
8745	-2773	-5991	-1473	-717	2193	
8769	-2878	-5910	-1454	-744	2197	
8789	-2983	-5826	-1431	-769	2204	
8808	-3086	-5741	-1411	-796	2208	
8827	-3189	-5657	-1391	-821	2210	
8845	-3291	-5571	-1368	-846	2216	
8859	-3394	-5484	-1347	-872	2219	
8872	-3495	-5397	-1325	-896	2223	
8885	-3596	-5308	-1302	-922	2228	
8895	-3697	-5219	-1279	-947	2229	
8907	-3797	-5130	-1258	-972	2232	
8917	-3896	-5038	-1234	-995	2234	
8922	-3995	-4947	-1212	-1020	2235	
8928	-4093	-4855	-1189	-1045	2237	
8932	-4190	-4762	-1166	-1068	2238	
8935	-4286	-4667	-1144	-1095	2239	
8937	-4384	-4573	-1120	-1118	2238	
8938	-4479	-4479	-1096	-1142	2238	
8937	-4573	-4382	-1073	-1167	2237	
8934	-4668	-4286	-1050	-1189	2236	
8931	-4761	-4188	-1025	-1212	2236	
8926	-4854	-4090	-1002	-1236	2233	
8920	-4947	-3992	-976	-1257	2233	
8913	-5038	-3893	-951	-1280	2230	
8904	-5129	-3793	-927	-1304	2227	
8894	-5218	-3694	-901	-1326	2225	
8883	-5306	-3594	-877	-1349	2221	
8870	-5395	-3491	-852	-1371	2219	
8854	-5482	-3389	-826	-1392	2214	
8840	-5569	-3286	-801	-1413	2212	
8823	-5655	-3183	-776	-1434	2207	
8806	-5739	-3082	-750	-1455	2202	
8786	-5823	-2978	-725	-1476	2197	
8764	-5907	-2873	-699	-1497	2191	
8743	-5988	-2769	-672	-1516	2186	
8719	-6070	-2664	-648	-1537	2179	
8693	-6150	-2557	-621	-1557	2173	
8668	-6229	-2452	-594	-1577	2167	
8641	-6309	-2346	-568	-1597	2159	
8610	-6385	-2239	-541	-1616	2153	
8580	-6461	-2132	-516	-1635	2145	
8549	-6538	-2024	-488	-1653	2137	
8516	-6612	-1916	-462	-1672	2128	
8483	-6686	-1809	-435	-1691	2119	
8447	-6759	-1702	-409	-1708	2110	
8411	-6831	-1594	-384	-1726	2101	
8374	-6901	-1485	-355	-1743	2091	
8335	-6970	-1376	-329	-1762	2081	
8293	-7038	-1267	-303	-1778	2071	
8251	-7105	-1158	-274	-1793	2061	
8210	-7173	-1049	-248	-1810	2051	
8164	-7239	-940	-221	-1825	2039	
8120	-7303	-829	-194	-1842	2028	
8076	-7365	-719	-168	-1858	2016	
8027	-7427	-610	-143	-1874	2004	
7978	-7488	-500	-116	-1889	1991	
7928	-7547	-390	-89	-1903	1978	
7876	-7605	-281	-64	-1918	1966	
7824	-7664	-170	-37	-1933	1953	
7769	-7720	-59	-13	-1946	1939	
7714	-7775	51	13	-1959	1925	
7659	-7829	160	40	-1973	1911	
7602	-7881	271	66	-1987	1895	
7544	-7933	381	99	-1997	1882	
7484	-7983	492	132	-2009	1868	
7424	-8032	602	163	-2023	1851	
7362	-8080	710	194	-2035	1837	
7299	-8127	820	221	-2046	1822	
7235	-8173	930	245	-2058	1804	
7171	-8217	1039	269	-2068	1788	
7105	-8260	1149	297	-2079	1772	
7038	-8302	1258	324	-2090	1753	
6970	-8342	1367	352	-2099	1737	
6901	-8381	1476	378	-2109	1720	
6830	-8419	1584	406	-2118	1702	
6758	-8457	1693	435	-2126	1685	
6686	-8492	1802	459	-2135	1664	
6614	-8526	1909	487	-2143	1647	
6538	-8559	2016	514	-2151	1630	
6462	-8591	2123	540	-2159	1609	
6387	-8621	2230	565	-2168	1590	
6311	-8650	2337	592	-2175	1570	
6232	-8678	2445	618	-2181	1551	
6151	-8704	2551	645	-2187	1531	
6071	-8730	2655	671	-2194	1510	
5989	-8754	2759	696	-2200	1490	
5908	-8775	2864	723	-2203	1469	
5826	-8797	2969	749	-2209	1450	
5743	-8817	3071	773	-2214	1427	
5659	-8835	3175	800	-2217	1406	
5572	-8853	3278	825	-2223	1386	
5487	-8869	3380	850	-2227	1363	
5399	-8882	3482	876	-2231	1342	
5311	-8896	3584	901	-2232	1321	
5223	-8907	3685	927	-2235	1297	
5134	-8918	3785	950	-2238	1275	
5044	-8927	3884	974	-2238	1253	
4953	-8935	3984	999	-2241	1229	
4861	-8941	4082	1024	-2244	1207	
4768	-8946	4179	1048	-2245	1183	
4675	-8950	4277	1072	-2246	1160	
4582	-8952	4374	1096	-2245	1137	
4486	-8953	4468	1120	-2245	1113	
4390	-8953	4564	1143	-2246	1089	
4294	-8952	4659	1167	-2245	1065	
4198	-8948	4753	1190	-2243	1041	
4101	-8944	4846	1212	-2243	1016	
4002	-8938	4939	1234	-2241	992	
3903	-8931	5031	1258	-2239	968	
3804	-8922	5121	1280	-2236	943	
3705	-8913	5211	1303	-2234	918	
3606	-8902	5301	1325	-2230	894	
3504	-8888	5389	1347	-2227	868	
3403	-8875	5477	1369	-2224	844	
3302	-8860	5564	1390	-2219	818	
3199	-8844	5651	1412	-2214	790	
3097	-8826	5736	1433	-2210	766	
2994	-8808	5819	1453	-2206	741	
2890	-8787	5903	1473	-2200	714	
2785	-8764	5986	1493	-2194	688	
2682	-8741	6067	1513	-2189	661	
2576	-8717	6148	1534	-2182	635	
2471	-8692	6228	1554	-2175	610	
2366	-8664	6306	1572	-2168	584	
2259	-8636	6384	1592	-2162	557	
2153	-8606	6461	1609	-2155	528	
2045	-8575	6538	1627	-2147	501	
1938	-8543	6613	1649	-2137	476	
1833	-8508	6687	1666	-2128	451	
1725	-8474	6761	1683	-2122	424	
1616	-8438	6832	1701	-2111	396	
1507	-8400	6903	1719	-2101	370	
1399	-8362	6974	1736	-2092	344	
1290	-8323	7041	1753	-2081	317	
1180	-8281	7110	1770	-2071	290	
1073	-8238	7177	1787	-2060	263	
963	-8194	7242	1804	-2048	237	
854	-8150	7307	1819	-2037	210	
744	-8104	7371	1833	-2026	184	
634	-8057	7433	1850	-2013	158	
526	-8009	7494	1865	-2000	132	
415	-7958	7554	1880	-1988	106	
306	-7907	7613	1895	-1975	81	
198	-7856	7670	1909	-1962	57	
87	-7802	7728	1922	-1950	33	
-23	-7748	7783	1936	-1936	6	
-132	-7692	7838	1949	-1921	-22	
-243	-7635	7890	1962	-1908	-56	
-354	-7577	7943	1974	-1893	-99	
-463	-7518	7995	1986	-1877	-140	
-573	-7458	8044	1999	-1862	-169	
-683	-7396	8092	2011	-1847	-186	
-790	-7334	8139	2022	-1830	-203	
-901	-7270	8185	2034	-1813	-229	
-1011	-7205	8229	2044	-1797	-258	
-1119	-7140	8274	2054	-1781	-289	
-1229	-7073	8316	2064	-1765	-317	
-1338	-7004	8357	2075	-1748	-342	
-1447	-6936	8397	2084	-1731	-369	
-1554	-6865	8435	2094	-1713	-396	
-1661	-6795	8472	2104	-1695	-423	
-1768	-6723	8507	2112	-1677	-451	
-1875	-6650	8543	2121	-1658	-477	
-1983	-6576	8576	2128	-1639	-504	
-2089	-6500	8608	2135	-1621	-530	
-2196	-6423	8639	2144	-1601	-557	
-2303	-6348	8667	2151	-1581	-584	
-2408	-6270	8696	2157	-1563	-610	
-2514	-6191	8723	2165	-1543	-637	
-2619	-6111	8749	2171	-1523	-662	
-2723	-6029	8773	2175	-1502	-689	
-2829	-5948	8797	2181	-1481	-716	
-2934	-5865	8818	2186	-1460	-741	
