-3334	-5533	8890	2205	-1376	-842	
-3438	-5447	8904	2206	-1355	-868	
-3539	-5358	8918	2209	-1335	-893	
-3639	-5270	8930	2213	-1312	-917	
-3738	-5180	8941	2216	-1289	-942	
-3838	-5091	8951	2218	-1266	-968	
-3938	-5001	8959	2219	-1244	-991	
-4036	-4909	8967	2222	-1220	-1016	
-4135	-4817	8972	2223	-1196	-1041	
-4231	-4724	8976	2224	-1174	-1065	
-4328	-4629	8979	2225	-1150	-1088	
-4425	-4535	8980	2225	-1126	-1112	
-4519	-4440	8980	2225	-1102	-1137	
-4614	-4344	8980	2223	-1078	-1162	
-4708	-4247	8977	2224	-1053	-1183	
-4801	-4150	8974	2223	-1029	-1206	
-4895	-4053	8969	2219	-1005	-1231	
-4985	-3955	8962	2218	-982	-1252	
-5076	-3854	8954	2217	-956	-1275	
-5165	-3755	8944	2214	-930	-1298	
-5255	-3654	8933	2211	-906	-1319	
-5344	-3554	8922	2208	-880	-1341	
-5431	-3454	8909	2204	-856	-1362	
-5519	-3352	8894	2201	-829	-1384	
-5604	-3249	8878	2196	-804	-1407	
-5691	-3147	8861	2193	-778	-1428	
-5775	-3043	8842	2189	-752	-1448	
-5857	-2939	8823	2182	-727	-1469	
-5942	-2835	8801	2177	-700	-1490	
-6024	-2730	8777	2171	-674	-1510	
-6104	-2626	8753	2165	-648	-1530	
-6184	-2521	8729	2157	-622	-1550	
-6265	-2415	8702	2151	-595	-1570	
-6342	-2308	8674	2144	-569	-1591	
-6418	-2203	8645	2137	-543	-1609	
-6495	-2095	8615	2129	-517	-1628	
-6569	-1988	8582	2120	-490	-1647	
-6645	-1881	8550	2114	-464	-1664	
-6719	-1774	8515	2105	-437	-1683	
-6790	-1667	8480	2095	-409	-1701	
-6862	-1557	8443	2086	-383	-1718	
-6931	-1449	8404	2076	-356	-1735	
-7000	-1341	8364	2066	-329	-1753	
-7068	-1232	8324	2055	-302	-1770	
-7135	-1123	8283	2045	-275	-1786	
-7202	-1013	8239	2034	-249	-1803	
-7268	-904	8194	2023	-220	-1818	
-7330	-795	8149	2011	-194	-1835	
-7393	-684	8102	1999	-168	-1849	
-7455	-575	8054	1989	-141	-1864	
-7516	-464	8005	1975	-114	-1880	
-7574	-355	7954	1963	-88	-1895	
-7631	-246	7902	1950	-62	-1910	
-7688	-135	7848	1936	-37	-1923	
-7745	-25	7795	1923	-13	-1938	
-7798	86	7741	1909	13	-1950	
-7851	195	7684	1896	40	-1964	
-7905	304	7626	1880	68	-1976	
-7957	414	7567	1866	102	-1987	
-8008	524	7507	1850	138	-2001	
-8056	635	7447	1835	171	-2012	
-8103	744	7384	1821	202	-2024	
-8149	853	7321	1805	226	-2036	
-8194	963	7256	1789	248	-2048	
-8238	1073	7191	1773	274	-2059	
-8281	1181	7125	1754	300	-2068	
-8323	1289	7057	1737	328	-2078	
-8362	1400	6988	1722	356	-2088	
-8402	1508	6918	1705	384	-2098	
-8439	1616	6848	1687	410	-2107	
-8474	1725	6776	1668	437	-2116	
-8510	1832	6703	1650	466	-2125	
-8543	1940	6629	1632	492	-2132	
-8577	2047	6555	1613	519	-2140	
-8608	2154	6479	1594	545	-2148	
-8637	2261	6402	1576	572	-2155	
-8666	2367	6324	1557	600	-2162	
-8693	2473	6246	1536	625	-2169	
-8719	2579	6166	1517	653	-2175	
-8744	2683	6085	1496	679	-2181	
-8768	2788	6004	1475	704	-2186	
-8791	2893	5922	1455	730	-2193	
-8812	2996	5839	1433	755	-2197	
-8831	3100	5754	1413	781	-2202	
-8848	3203	5669	1394	807	-2207	
-8865	3306	5584	1370	832	-2210	
-8879	3407	5496	1349	859	-2214	
-8893	3509	5409	1327	884	-2218	
-8908	3611	5320	1305	907	-2221	
-8919	3710	5231	1283	935	-2223	
-8929	3811	5142	1261	960	-2225	
-8937	3910	5050	1237	983	-2229	
-8945	4008	4959	1215	1009	-2230	
-8951	4107	4867	1194	1033	-2230	
-8955	4205	4773	1169	1057	-2232	
-8959	4301	4680	1146	1081	-2232	
-8961	4398	4586	1122	1105	-2232	
-8963	4493	4490	1098	1129	-2233	
-8962	4588	4395	1076	1152	-2232	
-8959	4683	4299	1051	1176	-2232	
-8957	4776	4201	1027	1200	-2230	
-8950	4869	4104	1004	1224	-2227	
-8943	4961	4005	979	1246	-2227	
-8937	5052	3907	955	1269	-2225	
-8929	5143	3807	931	1292	-2222	
-8918	5233	3707	904	1311	-2220	
-8907	5322	3607	879	1334	-2217	
-8894	5410	3506	856	1357	-2214	
-8878	5497	3404	829	1378	-2211	
-8864	5583	3301	803	1399	-2206	
-8847	5669	3198	779	1422	-2200	
-8829	5755	3096	752	1444	-2197	
-8811	5839	2992	728	1465	-2192	
-8790	5922	2888	702	1484	-2186	
-8767	6004	2783	674	1503	-2182	
-8743	6085	2679	650	1525	-2175	
-8719	6166	2574	624	1544	-2168	
-8693	6245	2468	597	1563	-2163	
-8665	6323	2361	571	1583	-2154	
-8637	6401	2254	545	1603	-2147	
-8606	6478	2147	519	1621	-2140	
-8576	6554	2041	492	1641	-2131	
-8542	6628	1932	466	1659	-2122	
-8508	6702	1825	439	1677	-2115	
-8474	6775	1717	413	1696	-2106	
-8436	6846	1608	385	1713	-2096	
-8400	6917	1499	359	1730	-2087	
-8361	6988	1390	334	1748	-2077	
-8319	7055	1282	306	1766	-2067	
-8280	7122	1172	281	1783	-2056	
-8237	7190	1063	254	1798	-2044	
-8192	7254	954	227	1815	-2034	
-8147	7318	843	201	1830	-2023	
-8101	7382	734	174	1846	-2010	
-8054	7444	626	149	1862	-1999	
-8004	7505	515	122	1876	-1986	
-7955	7564	405	97	1891	-1974	
-7903	7623	295	70	1905	-1960	
-7851	7682	184	44	1920	-1946	
-7797	7737	75	18	1934	-1934	
-7741	7792	-35	-11	1947	-1921	
-7687	7846	-146	-42	1961	-1906	
-7629	7899	-256	-78	1974	-1891	
-7571	7950	-366	-113	1986	-1878	
-7514	8001	-476	-142	1997	-1863	
-7451	8051	-585	-164	2010	-1847	
-7389	8098	-695	-187	2022	-1832	
-7327	8146	-806	-212	2034	-1814	
-7263	8192	-916	-241	2046	-1799	
-7198	8235	-1025	-268	2057	-1783	
-7133	8278	-1134	-296	2067	-1767	
-7065	8320	-1242	-324	2077	-1750	
-6997	8361	-1352	-350	2088	-1731	
-6929	8401	-1461	-378	2098	-1715	
-6859	8438	-1569	-404	2107	-1697	
-6787	8475	-1677	-431	2114	-1680	
-6714	8510	-1785	-457	2123	-1660	
-6641	8545	-1892	-484	2132	-1641	
-6568	8578	-2000	-513	2139	-1625	
-6491	8610	-2107	-538	2148	-1605	
-6415	8640	-2215	-564	2155	-1585	
-6337	8670	-2321	-590	2162	-1566	
-6261	8698	-2427	-616	2170	-1547	
-6181	8723	-2533	-642	2176	-1526	
-6100	8748	-2639	-669	2183	-1506	
-6021	8774	-2744	-694	2188	-1487	
-5939	8795	-2848	-720	2193	-1466	
-5856	8816	-2953	-746	2199	-1444	
-5770	8836	-3057	-770	2204	-1423	
-5687	8854	-3160	-799	2208	-1403	
-5603	8871	-3263	-824	2212	-1381	
-5517	8888	-3366	-848	2215	-1360	
-5429	8903	-3467	-875	2218	-1339	
-5341	8916	-3569	-898	2222	-1316	
-5252	8927	-3670	-924	2224	-1293	
-5162	8938	-3769	-948	2226	-1271	
-5073	8947	-3869	-973	2229	-1248	
-4982	8955	-3968	-998	2230	-1225	
-4891	8962	-4067	-1022	2232	-1203	
-4800	8967	-4165	-1046	2235	-1179	
-4706	8970	-4263	-1070	2234	-1157	
-4612	8973	-4358	-1095	2234	-1135	
-4516	8974	-4455	-1118	2235	-1109	
-4421	8973	-4550	-1140	2234	-1085	
-4327	8972	-4644	-1165	2233	-1061	
-4230	8969	-4738	-1189	2233	-1036	
-4132	8965	-4832	-1211	2232	-1013	
-4035	8960	-4924	-1233	2230	-987	
-3935	8952	-5016	-1256	2228	-964	
-3836	8944	-5107	-1278	2225	-940	
-3737	8934	-5197	-1301	2223	-914	
-3636	8923	-5287	-1322	2221	-888	
-3536	8910	-5375	-1345	2217	-864	
-3435	8896	-5463	-1366	2214	-839	
-3332	8882	-5550	-1386	2211	-812	
-3230	8867	-5636	-1409	2204	-787	
-3128	8849	-5722	-1431	2200	-762	
-3024	8829	-5806	-1451	2195	-735	
-2920	8808	-5889	-1472	2190	-710	
-2816	8786	-5972	-1492	2185	-684	
-2711	8763	-6055	-1512	2179	-658	
-2608	8741	-6135	-1532	2172	-632	
-2501	8714	-6214	-1551	2165	-605	
-2395	8687	-6294	-1572	2157	-580	
-2289	8659	-6372	-1591	2151	-553	
-2182	8629	-6449	-1609	2144	-527	
-2077	8598	-6525	-1629	2136	-501	
-1970	8566	-6600	-1648	2127	-474	
-1863	8534	-6674	-1664	2118	-446	
-1758	8498	-6747	-1682	2110	-420	
-1649	8462	-6820	-1700	2101	-394	
-1541	8425	-6890	-1718	2091	-366	
-1432	8386	-6961	-1735	2081	-340	
-1323	8346	-7030	-1752	2071	-312	
-1214	8305	-7097	-1768	2061	-284	
-1105	8263	-7164	-1786	2050	-259	
-998	8220	-7229	-1800	2040	-231	
-886	8175	-7295	-1816	2028	-205	
-776	8129	-7359	-1832	2017	-179	
-668	8081	-7421	-1847	2006	-152	
-558	8034	-7483	-1863	1992	-124	
-448	7983	-7543	-1878	1979	-99	
-338	7932	-7602	-1893	1966	-74	
-229	7881	-7660	-1906	1953	-49	
-119	7828	-7717	-1922	1939	-26	
-10	7773	-7772	-1933	1925	0	
101	7717	-7827	-1947	1912	25	
212	7662	-7880	-1961	1897	51	
320	7603	-7933	-1972	1883	84	
431	7544	-7984	-1986	1868	121	
541	7483	-8034	-1998	1853	161	
648	7422	-8083	-2009	1838	195	
757	7360	-8129	-2022	1822	219	
867	7296	-8174	-2033	1805	239	
978	7232	-8220	-2045	1788	260	
1087	7166	-8264	-2055	1772	286	
1194	7099	-8306	-2065	1756	316	
1304	7031	-8347	-2074	1739	346	
1413	6962	-8388	-2083	1721	374	
1520	6892	-8426	-2093	1705	400	
1629	6821	-8463	-2104	1685	426	
1737	6749	-8499	-2112	1667	452	
1845	6676	-8534	-2119	1649	480	
1953	6602	-8567	-2128	1631	507	
2059	6527	-8599	-2135	1613	533	
2165	6450	-8630	-2142	1592	560	
2273	6374	-8661	-2150	1573	588	
2378	6296	-8688	-2158	1554	614	
2483	6217	-8715	-2165	1533	639	
2590	6137	-8741	-2170	1513	666	
2695	6057	-8765	-2176	1492	692	
2799	5975	-8788	-2182	1472	718	
2903	5893	-8811	-2186	1452	744	
3007	5809	-8832	-2191	1431	770	
3109	5725	-8850	-2196	1409	797	
3212	5640	-8867	-2200	1388	822	
3313	5554	-8883	-2203	1368	847	
3416	5467	-8899	-2207	1346	873	
3518	5380	-8912	-2210	1323	898	
3616	5291	-8924	-2213	1301	923	
3717	5201	-8937	-2216	1279	948	
3816	5112	-8946	-2218	1256	973	
3916	5021	-8954	-2221	1232	997	
4015	4929	-8960	-2222	1210	1021	
4113	4836	-8966	-2222	1188	1045	
4212	4744	-8971	-2224	1163	1070	
4308	4650	-8973	-2224	1139	1094	
4403	4556	-8975	-2225	1115	1119	
4497	4460	-8975	-2224	1091	1142	
4591	4365	-8974	-2223	1069	1165	
4684	4269	-8971	-2224	1044	1188	
4778	4170	-8968	-2222	1020	1212	
4873	4073	-8963	-2220	996	1236	
4964	3975	-8956	-2219	971	1258	
5055	3876	-8948	-2217	946	1280	
5144	3777	-8939	-2214	921	1303	
5232	3676	-8929	-2211	896	1324	
5322	3576	-8916	-2208	871	1346	
5408	3475	-8902	-2205	845	1368	
5496	3373	-8888	-2201	819	1390	
5584	3270	-8873	-2196	796	1413	
5668	3167	-8855	-2191	770	1433	
5752	3064	-8836	-2187	744	1454	
5836	2960	-8816	-2181	719	1476	
5919	2857	-8796	-2176	691	1495	
6001	2752	-8773	-2171	664	1515	
6082	2647	-8748	-2165	638	1535	
6163	2542	-8723	-2158	612	1556	
6241	2437	-8697	-2151	587	1576	
6319	2330	-8669	-2144	560	1594	
6396	2223	-8639	-2136	534	1613	
6472	2117	-8609	-2129	507	1633	
6548	2009	-8577	-2121	479	1652	
6622	1902	-8544	-2113	453	1669	
6694	1795	-8509	-2103	428	1688	
6768	1688	-8473	-2094	401	1707	
6840	1579	-8437	-2087	372	1721	
6909	1470	-8398	-2077	346	1740	
6977	1361	-8359	-2065	320	1759	
7045	1253	-8318	-2055	292	1774	
7113	1144	-8277	-2045	266	1792	
7180	1034	-8234	-2034	240	1808	
7244	926	-8188	-2023	213	1824	
7308	816	-8144	-2011	187	1841	
7371	706	-8096	-1999	160	1855	
7433	596	-8047	-1988	135	1872	
7493	486	-7998	-1973	109	1888	
7552	376	-7948	-1962	84	1901	
7610	266	-7897	-1949	58	1915	
7666	157	-7843	-1934	32	1930	
7722	46	-7789	-1922	5	1943	
7776	-65	-7734	-1909	-26	1955	
7829	-175	-7679	-1894	-59	1969	
7882	-284	-7620	-1880	-96	1980	
7934	-394	-7561	-1866	-132	1992	
7984	-503	-7502	-1850	-159	2006	
8033	-613	-7440	-1836	-182	2019	
8080	-723	-7377	-1819	-201	2031	
8127	-834	-7315	-1804	-228	2042	
8172	-942	-7251	-1788	-259	2052	
8215	-1051	-7185	-1771	-286	2063	
8258	-1161	-7119	-1755	-314	2073	
8299	-1269	-7051	-1738	-341	2084	
8340	-1377	-6982	-1722	-369	2094	
8379	-1486	-6912	-1704	-395	2104	
8416	-1594	-6842	-1685	-422	2112	
8453	-1702	-6771	-1667	-449	2122	
8487	-1810	-6697	-1650	-476	2131	
8520	-1917	-6624	-1632	-503	2137	
8552	-2025	-6548	-1612	-529	2146	
8583	-2133	-6472	-1593	-557	2154	
8614	-2239	-6396	-1574	-583	2162	
8644	-2345	-6318	-1554	-610	2168	
8671	-2450	-6240	-1535	-636	2175	
8696	-2557	-6160	-1515	-663	2181	
8721	-2661	-6079	-1494	-689	2186	
8745	-2765	-5997	-1475	-715	2193	
8766	-2870	-5915	-1456	-742	2198	
8787	-2975	-5833	-1434	-767	2203	
8807	-3078	-5748	-1414	-793	2207	
8826	-3181	-5664	-1391	-819	2212	
8843	-3285	-5578	-1370	-844	2216	
8859	-3386	-5490	-1349	-870	2219	
8873	-3487	-5403	-1325	-894	2224	
8884	-3587	-5315	-1305	-921	2225	
8895	-3688	-5226	-1282	-945	2228	
8905	-3788	-5136	-1260	-969	2230	
8915	-3888	-5045	-1238	-995	2233	
8921	-3988	-4953	-1215	-1020	2236	
8926	-4086	-4861	-1192	-1044	2235	
8932	-4183	-4768	-1169	-1069	2237	
8934	-4279	-4674	-1146	-1093	2239	
8937	-4374	-4580	-1122	-1116	2239	
8939	-4471	-4485	-1098	-1140	2239	
8938	-4566	-4390	-1076	-1164	2236	
8935	-4660	-4294	-1052	-1189	2236	
8932	-4756	-4197	-1027	-1211	2235	
8927	-4847	-4098	-1003	-1234	2234	
8921	-4940	-4000	-978	-1256	2233	
8914	-5031	-3900	-953	-1279	2230	
8905	-5120	-3800	-929	-1303	2227	
8894	-5211	-3701	-903	-1324	2226	
8885	-5300	-3601	-878	-1347	2223	
8871	-5388	-3499	-854	-1369	2219	
8856	-5476	-3398	-828	-1389	2215	
8840	-5562	-3295	-803	-1411	2211	
8823	-5647	-3192	-779	-1433	2207	
8805	-5732	-3088	-752	-1454	2203	
8785	-5816	-2985	-727	-1475	2197	
8765	-5899	-2881	-701	-1495	2193	
8743	-5982	-2776	-674	-1513	2187	
8719	-6063	-2670	-649	-1535	2180	
8695	-6144	-2565	-622	-1555	2174	
8669	-6224	-2460	-595	-1574	2168	
8642	-6302	-2353	-571	-1596	2160	
8613	-6380	-2246	-545	-1614	2152	
8584	-6456	-2140	-518	-1634	2144	
8552	-6532	-2033	-491	-1653	2136	
8519	-6607	-1924	-465	-1669	2128	
8485	-6680	-1817	-438	-1689	2119	
8449	-6754	-1709	-411	-1707	2110	
8413	-6826	-1602	-384	-1724	2101	
8375	-6895	-1493	-359	-1743	2091	
8337	-6965	-1383	-332	-1760	2081	
8297	-7033	-1276	-303	-1776	2072	
8256	-7101	-1167	-279	-1793	2060	
8213	-7167	-1057	-252	-1809	2050	
8168	-7233	-948	-224	-1826	2040	
8123	-7298	-838	-197	-1841	2029	
8077	-7361	-728	-170	-1857	2015	
8029	-7423	-617	-144	-1873	2004	
7982	-7483	-508	-118	-1887	1992	
7931	-7543	-399	-92	-1902	1979	
7882	-7601	-289	-66	-1917	1967	
7829	-7659	-178	-41	-1931	1953	
7773	-7715	-68	-13	-1945	1940	
7718	-7771	42	13	-1958	1926	
7662	-7825	153	38	-1971	1911	
7606	-7878	263	67	-1983	1899	
7547	-7930	373	96	-1996	1883	
7489	-7980	482	128	-2010	1867	
7429	-8029	592	161	-2023	1853	
7366	-8078	702	192	-2034	1838	
7303	-8124	811	219	-2045	1821	
7240	-8169	922	243	-2056	1805	
7176	-8215	1032	268	-2068	1788	
7109	-8257	1140	293	-2077	1771	
7043	-8299	1249	321	-2088	1755	
6974	-8340	1358	349	-2100	1737	
6904	-8378	1467	376	-2107	1720	
6835	-8416	1576	404	-2116	1703	
6763	-8453	1684	429	-2126	1685	
6691	-8490	1792	455	-2136	1666	
6619	-8524	1900	485	-2144	1649	
6545	-8557	2008	511	-2151	1630	
6469	-8589	2115	537	-2160	1611	
6392	-8619	2222	564	-2167	1592	
6314	-8648	2330	590	-2173	1572	
6236	-8675	2437	616	-2180	1552	
6157	-8703	2542	642	-2186	1533	
6078	-8728	2647	668	-2193	1513	
5996	-8751	2752	696	-2198	1492	
5915	-8774	2856	721	-2203	1471	
5833	-8795	2961	747	-2208	1451	
5748	-8815	3064	774	-2213	1431	
5665	-8834	3167	798	-2218	1409	
5579	-8851	3271	822	-2223	1386	
5492	-8867	3372	849	-2226	1365	
5406	-8882	3474	873	-2229	1344	
5318	-8896	3576	898	-2234	1321	
5230	-8907	3677	924	-2235	1299	
5140	-8917	3778	948	-2237	1277	
5050	-8927	3878	973	-2240	1255	
4959	-8935	3976	998	-2242	1232	
4867	-8941	4074	1022	-2243	1209	
4774	-8946	4172	1046	-2243	1185	
4683	-8950	4269	1071	-2244	1162	
4589	-8953	4366	1095	-2245	1139	
4493	-8953	4462	1117	-2246	1115	
4398	-8953	4558	1141	-2244	1091	
4301	-8952	4652	1165	-2244	1067	
4204	-8948	4747	1188	-2244	1042	
4109	-8944	4839	1213	-2242	1018	
4011	-8938	4931	1233	-2241	994	
3913	-8931	5023	1255	-2238	971	
3814	-8923	5115	1279	-2236	945	
3714	-8913	5205	1301	-2234	920	
3614	-8903	5294	1324	-2231	895	
3514	-8891	5382	1345	-2227	870	
3410	-8877	5471	1367	-2223	844	
3309	-8861	5557	1388	-2220	819	
3208	-8845	5643	1409	-2216	794	
3105	-8828	5728	1429	-2212	768	
3001	-8808	5813	1451	-2207	742	
2896	-8788	5897	1472	-2201	716	
2793	-8766	5979	1492	-2195	690	
2688	-8743	6061	1512	-2189	664	
2584	-8720	6142	1531	-2183	637	
2479	-8693	6222	1551	-2176	611	
2372	-8666	6301	1571	-2169	584	
2267	-8637	6379	1592	-2161	559	
2161	-8608	6456	1610	-2153	531	
2055	-8578	6532	1628	-2145	505	
1949	-8546	6607	1647	-2138	480	
1839	-8511	6681	1664	-2131	452	
1734	-8477	6754	1683	-2121	426	
1626	-8441	6826	1700	-2111	399	
1515	-8404	6898	1717	-2102	372	
1407	-8365	6968	1735	-2092	345	
1299	-8325	7037	1751	-2082	318	
1189	-8285	7104	1769	-2072	291	
1080	-8242	7172	1786	-2062	265	
971	-8199	7238	1801	-2050	239	
862	-8154	7302	1818	-2038	212	
752	-8107	7366	1833	-2026	185	
642	-8060	7428	1848	-2016	159	
534	-8011	7489	1864	-2003	134	
423	-7962	7550	1878	-1990	107	
313	-7912	7609	1893	-1978	83	
205	-7859	7667	1907	-1964	59	
97	-7806	7724	1921	-1951	34	
-14	-7752	7778	1935	-1937	9	
-125	-7697	7833	1947	-1922	-20	
-234	-7640	7887	1961	-1908	-53	
-344	-7581	7939	1973	-1894	-95	
-453	-7522	7990	1986	-1877	-137	
-563	-7462	8039	1998	-1862	-168	
-673	-7401	8088	2011	-1847	-186	
-782	-7339	8135	2024	-1831	-201	
-892	-7275	8182	2033	-1816	-227	
-1003	-7210	8226	2044	-1800	-256	
-1112	-7145	8270	2055	-1783	-286	
-1221	-7078	8313	2065	-1766	-314	
-1328	-7010	8353	2074	-1749	-340	
-1436	-6941	8392	2085	-1732	-368	
-1546	-6870	8432	2094	-1714	-394	
-1653	-6800	8469	2103	-1696	-420	
-1761	-6728	8506	2111	-1678	-448	
-1868	-6655	8540	2118	-1661	-476	
-1974	-6581	8573	2130	-1639	-502	
-2082	-6505	8607	2137	-1621	-529	
-2188	-6430	8637	2142	-1605	-557	
-2294	-6353	8666	2150	-1584	-582	
-2399	-6275	8694	2157	-1564	-609	
-2504	-6197	8722	2163	-1544	-636	
-2612	-6117	8746	2169	-1524	-660	
-2716	-6035	8771	2176	-1504	-688	
-2821	-5954	8794	2181	-1483	-714	
-2925	-5872	8816	2187	-1463	-739	
-3028	-5788	8836	2191	-1443	-766	
-3132	-5704	8856	2196	-1420	-790	
-3235	-5619	8874	2201	-1397	-814	
-3337	-5533	8889	2204	-1376	-841	
-3438	-5446	8904	2208	-1354	-868	
-3539	-5359	8918	2212	-1333	-891	
-3639	-5270	8931	2213	-1311	-917	
-3740	-5180	8943	2215	-1289	-943	
-3840	-5091	8952	2219	-1266	-967	
-3937	-5001	8960	2221	-1243	-992	
-4037	-4909	8966	2222	-1221	-1017	
-4136	-4817	8972	2224	-1197	-1041	
-4234	-4724	8977	2224	-1173	-1065	
-4329	-4630	8979	2224	-1149	-1089	
-4423	-4535	8980	2224	-1127	-1113	
-4520	-4439	8981	2224	-1102	-1136	
-4614	-4344	8979	2225	-1077	-1160	
-4707	-4248	8976	2223	-1054	-1184	
-4800	-4150	8972	2221	-1030	-1207	
-4893	-4052	8968	2220	-1007	-1230	
-4986	-3953	8962	2218	-981	-1252	
-5077	-3854	8953	2216	-956	-1275	
-5166	-3755	8944	2214	-932	-1298	
-5255	-3654	8934	2211	-906	-1319	
-5342	-3554	8922	2209	-879	-1341	
-5432	-3453	8909	2205	-855	-1363	
-5519	-3350	8894	2200	-831	-1385	
-5605	-3248	8878	2198	-803	-1406	
-5692	-3145	8861	2192	-777	-1427	
-5775	-3042	8842	2188	-752	-1449	
-5860	-2938	8822	2184	-726	-1468	
-5943	-2834	8801	2177	-700	-1489	
-6022	-2730	8778	2172	-674	-1510	
-6104	-2626	8753	2165	-648	-1529	
-6186	-2520	8728	2158	-622	-1550	
-6264	-2414	8702	2151	-596	-1571	
-6342	-2308	8673	2144	-569	-1589	
-6419	-2202	8644	2137	-543	-1608	
-6495	-2095	8615	2129	-517	-1628	
-6572	-1988	8583	2121	-488	-1646	
-6646	-1881	8550	2113	-463	-1665	
-6718	-1773	8514	2104	-436	-1683	
-6789	-1665	8479	2094	-409	-1701	
-6860	-1557	8442	2086	-382	-1718	
-6931	-1449	8404	2076	-355	-1737	
-7000	-1340	8365	2065	-329	-1753	
-7068	-1231	8324	2056	-302	-1769	
-7136	-1122	8282	2045	-276	-1787	
-7201	-1014	8239	2034	-247	-1802	
-7267	-904	8195	2023	-220	-1819	
-7331	-794	8149	2011	-195	-1835	
-7393	-685	8101	2000	-167	-1850	
-7455	-575	8054	1987	-141	-1866	
-7515	-464	8004	1974	-115	-1881	
-7574	-354	7954	1963	-87	-1895	
-7633	-245	7902	1950	-61	-1909	
-7689	-135	7849	1936	-38	-1924	
-7744	-25	7795	1924	-13	-1937	
-7799	86	7740	1909	14	-1951	
-7852	196	7684	1896	40	-1964	
-7904	305	7625	1881	68	-1977	
-7956	415	7567	1865	102	-1989	
-8007	525	7507	1851	138	-2000	
-8057	635	7446	1836	172	-2012	
-8103	744	7384	1819	203	-2024	
-8149	854	7321	1804	227	-2036	
-8194	964	7256	1789	250	-2047	
-8237	1073	7191	1772	274	-2059	
-8281	1182	7125	1756	302	-2068	
-8322	1291	7057	1739	330	-2078	
-8363	1400	6987	1721	357	-2089	
-8402	1509	6918	1704	385	-2098	
-8440	1617	6848	1686	411	-2107	
-8475	1726	6775	1668	438	-2116	
-8509	1833	6702	1649	465	-2125	
-8544	1940	6629	1632	492	-2133	
-8576	2047	6554	1613	519	-2142	
-8607	2154	6478	1594	546	-2149	
-8637	2261	6402	1574	571	-2156	
-8666	2367	6324	1555	598	-2164	
-8693	2474	6245	1537	626	-2170	
-8719	2580	6166	1515	651	-2177	
-8744	2684	6085	1495	677	-2182	
-8768	2789	6003	1476	704	-2186	
-8790	2894	5920	1455	730	-2193	
-8811	2997	5838	1434	755	-2198	
-8830	3101	5754	1414	782	-2202	
-8848	3204	5668	1391	807	-2207	
-8866	3306	5584	1370	833	-2211	
-8881	3409	5497	1349	859	-2214	
-8895	3510	5408	1327	883	-2218	
-8908	3610	5320	1307	910	-2220	
-8918	3711	5230	1284	935	-2223	
-8928	3811	5141	1262	959	-2226	
-8939	3910	5050	1241	986	-2228	
-8946	4010	4959	1215	1009	-2229	
-8951	4108	4867	1192	1033	-2231	
-8955	4205	4773	1170	1058	-2232	
-8958	4302	4680	1146	1082	-2232	
-8961	4397	4585	1123	1105	-2233	
-8962	4493	4490	1099	1129	-2231	
-8962	4589	4395	1074	1152	-2232	
-8960	4683	4298	1051	1176	-2232	
-8956	4776	4201	1027	1199	-2230	
-8951	4869	4103	1002	1221	-2231	
-8944	4962	4005	978	1246	-2227	
-8938	5052	3907	954	1269	-2225	
-8930	5143	3807	928	1290	-2224	
-8918	5233	3706	904	1312	-2220	
-8907	5322	3607	880	1334	-2216	
-8894	5411	3506	854	1356	-2213	
-8879	5497	3403	829	1379	-2210	
-8863	5584	3301	804	1400	-2207	
-8847	5670	3198	778	1422	-2202	
-8829	5754	3095	753	1444	-2196	
-8809	5838	2991	727	1463	-2191	
-8789	5921	2886	702	1483	-2186	
-8768	6004	2783	677	1505	-2180	
-8744	6086	2679	650	1524	-2174	
-8719	6166	2573	624	1545	-2167	
-8693	6246	2467	599	1565	-2160	
-8665	6324	2360	572	1584	-2154	
-8636	6401	2254	545	1603	-2148	
-8606	6479	2147	518	1623	-2139	
-8575	6554	2040	492	1640	-2132	
-8542	6628	1932	465	1660	-2124	
-8508	6702	1824	438	1678	-2114	
-8473	6775	1716	413	1695	-2105	
-8437	6846	1608	387	1714	-2095	
-8400	6917	1499	359	1729	-2087	
-8360	6987	1391	333	1748	-2077	
-8321	7056	1281	307	1767	-2066	
-8278	7123	1172	280	1782	-2056	
-8236	7190	1063	253	1799	-2044	
-8194	7255	953	226	1814	-2034	
-8147	7318	844	200	1831	-2021	
-8101	7382	734	174	1846	-2011	
-8053	7444	625	149	1861	-1998	
-8005	7505	515	122	1877	-1985	
-7955	7564	404	96	1892	-1973	
-7903	7624	295	71	1905	-1960	
-7851	7682	185	44	1919	-1947	
-7798	7738	73	18	1934	-1933	
-7742	7792	-35	-11	1948	-1920	
-7685	7846	-146	-43	1962	-1906	
-7630	7900	-257	-77	1973	-1891	
-7572	7952	-365	-112	1985	-1878	
-7511	8002	-476	-140	1999	-1863	
-7452	8051	-586	-165	2011	-1846	
-7389	8099	-696	-187	2023	-1830	
-7327	8145	-807	-211	2035	-1815	
-7264	8190	-916	-240	2046	-1799	
-7198	8235	-1025	-269	2057	-1783	
-7134	8278	-1134	-297	2067	-1766	
-7066	8320	-1244	-323	2078	-1748	
-6997	8361	-1353	-348	2088	-1731	
-6929	8400	-1461	-376	2098	-1715	
-6857	8439	-1569	-404	2107	-1697	
-6786	8475	-1678	-430	2116	-1679	
-6714	8511	-1785	-458	2124	-1661	
-6641	8545	-1891	-484	2132	-1642	
-6567	8578	-1999	-511	2140	-1624	
-6491	8611	-2108	-537	2148	-1606	
-6415	8641	-2215	-564	2155	-1585	
-6337	8670	-2321	-590	2163	-1565	
-6259	8697	-2429	-617	2169	-1547	
-6180	8723	-2534	-645	2175	-1526	
-6099	8749	-2640	-669	2182	-1507	
-6020	8773	-2745	-696	2187	-1488	
-5939	8795	-2849	-721	2194	-1465	
-5855	8817	-2954	-746	2199	-1446	
-5772	8837	-3057	-774	2202	-1425	
-5688	8855	-3160	-798	2207	-1403	
-5602	8871	-3263	-824	2211	-1382	
-5517	8888	-3366	-850	2215	-1359	
-5430	8903	-3468	-874	2219	-1338	
-5342	8915	-3569	-898	2222	-1316	
-5253	8928	-3669	-924	2224	-1293	
-5162	8938	-3769	-949	2227	-1271	
-5073	8948	-3870	-974	2229	-1249	
-4982	8956	-3969	-998	2231	-1225	
-4889	8961	-4068	-1020	2234	-1202	
-4797	8966	-4165	-1046	2233	-1180	
-4705	8970	-4262	-1070	2235	-1157	
-4612	8973	-4359	-1093	2236	-1132	
-4516	8974	-4456	-1118	2235	-1110	
-4421	8974	-4551	-1142	2235	-1086	
-4325	8973	-4645	-1164	2233	-1061	
-4229	8970	-4740	-1188	2232	-1036	
-4132	8965	-4832	-1211	2231	-1013	
-4033	8959	-4923	-1234	2230	-988	
-3936	8952	-5016	-1257	2228	-963	
-3837	8944	-5108	-1278	2227	-938	
-3736	8934	-5198	-1302	2223	-914	
-3637	8922	-5287	-1325	2219	-890	
-3536	8911	-5375	-1344	2217	-863	
-3434	8898	-5463	-1368	2213	-839	
-3332	8882	-5551	-1389	2209	-814	
-3230	8866	-5636	-1409	2204	-787	
-3128	8847	-5721	-1430	2199	-761	
-3023	8829	-5806	-1452	2194	-735	
-2919	8809	-5890	-1472	2189	-710	
-2815	8786	-5973	-1491	2185	-684	
-2710	8764	-6055	-1513	2178	-658	
-2606	8740	-6136	-1532	2172	-632	
-2500	8714	-6216	-1552	2166	-607	
-2394	8687	-6294	-1570	2159	-578	
-2289	8658	-6372	-1589	2152	-551	
-2182	8629	-6449	-1610	2143	-526	
-2077	8598	-6526	-1627	2138	-500	
-1970	8566	-6601	-1646	2127	-473	
-1864	8533	-6675	-1665	2118	-446	
-1756	8497	-6747	-1683	2110	-419	
-1649	8462	-6820	-1700	2101	-392	
-1541	8425	-6892	-1718	2091	-366	
-1432	8386	-6961	-1736	2082	-339	
-1324	8347	-7030	-1752	2070	-311	
-1214	8306	-7098	-1770	2060	-287	
-1106	8263	-7165	-1786	2051	-259	
-996	8220	-7231	-1802	2038	-231	
-885	8174	-7295	-1818	2029	-206	
-777	8128	-7359	-1832	2017	-178	
-667	8081	-7422	-1847	2003	-152	
-557	8032	-7483	-1864	1993	-126	
-446	7983	-7543	-1879	1979	-99	
-337	7932	-7602	-1893	1966	-73	
-228	7879	-7661	-1907	1954	-49	
-118	7827	-7717	-1920	1939	-25	
-9	7772	-7773	-1935	1926	0	
101	7716	-7828	-1947	1911	26	
209	7660	-7880	-1961	1897	51	
320	7602	-7933	-1974	1883	82	
431	7543	-7984	-1986	1868	121	
538	7483	-8033	-1998	1854	160	
648	7422	-8081	-2009	1838	193	
757	7359	-8129	-2022	1822	219	
869	7296	-8176	-2033	1805	240	
978	7231	-8221	-2044	1788	260	
1086	7165	-8264	-2055	1772	285	
1198	7099	-8307	-2064	1755	316	
1306	7031	-8348	-2075	1738	346	
1413	6962	-8387	-2085	1720	373	
1521	6892	-8425	-2093	1704	401	
1630	6821	-8463	-2104	1686	427	
1740	6749	-8500	-2113	1667	453	
1846	6676	-8534	-2120	1650	480	
1952	6601	-8567	-2128	1631	506	
2060	6527	-8601	-2135	1613	534	
2168	6451	-8632	-2142	1593	561	
2273	6373	-8659	-2151	1572	587	
2377	6296	-8688	-2157	1554	613	
2483	6217	-8715	-2164	1534	640	
2590	6137	-8741	-2171	1513	666	
2695	6056	-8766	-2176	1494	692	
2800	5974	-8789	-2182	1472	718	
2903	5892	-8811	-2186	1451	744	
3007	5808	-8831	-2191	1431	770	
3111	5724	-8850	-2196	1410	796	
3211	5639	-8867	-2201	1388	820	
3315	5553	-8883	-2204	1367	847	
3416	5466	-8898	-2207	1344	871	
3516	5379	-8911	-2211	1322	897	
3619	5290	-8925	-2214	1301	923	
3719	5201	-8937	-2217	1278	947	
3818	5111	-8946	-2218	1255	973	
3917	5021	-8953	-2220	1232	997	
4015	4929	-8960	-2221	1209	1021	
4113	4837	-8966	-2222	1188	1048	
4211	4744	-8971	-2224	1164	1070	
4308	4649	-8973	-2225	1139	1094	
4403	4555	-8975	-2223	1117	1119	
4496	4459	-8976	-2223	1093	1143	
4592	4364	-8974	-2224	1069	1164	
4688	4268	-8971	-2221	1045	1189	
4778	4171	-8967	-2221	1021	1213	
4872	4073	-8962	-2221	995	1234	
4965	3974	-8956	-2218	970	1257	
5055	3875	-8948	-2216	946	1280	
5145	3775	-8939	-2214	920	1302	
5234	3675	-8928	-2211	896	1325	
5322	3575	-8916	-2208	871	1347	
5409	3474	-8903	-2205	845	1369	
5497	3372	-8889	-2199	821	1391	
5583	3269	-8873	-2197	795	1411	
5669	3167	-8855	-2193	769	1432	
5753	3064	-8836	-2187	744	1453	
5837	2960	-8816	-2185	716	1473	
5920	2856	-8795	-2177	690	1495	
6001	2752	-8772	-2170	665	1517	
6082	2646	-8748	-2165	639	1536	
6162	2541	-8723	-2158	612	1555	
6242	2437	-8697	-2151	586	1576	
6320	2329	-8668	-2145	560	1595	
6397	2223	-8639	-2137	533	1615	
6473	2116	-8609	-2130	507	1634	
6548	2009	-8576	-2122	480	1651	
6623	1902	-8544	-2111	453	1670	
6697	1794	-8509	-2103	427	1688	
6769	1686	-8474	-2093	401	1706	
6839	1578	-8437	-2084	373	1724	
6908	1470	-8398	-2076	347	1742	
6978	1361	-8359	-2065	319	1759	
7045	1251	-8318	-2055	292	1775	
7113	1144	-8276	-2045	266	1792	
7179	1034	-8233	-2034	239	1808	
7245	925	-8189	-2023	213	1824	
7309	814	-8143	-2012	186	1840	
7371	705	-8095	-2000	160	1856	
7433	596	-8047	-1988	133	1871	
7493	485	-7999	-1976	106	1884	
7552	375	-7949	-1961	83	1900	
7609	266	-7896	-1949	57	1915	
7666	157	-7843	-1936	31	1928	
7723	46	-7790	-1923	4	1943	
7778	-65	-7734	-1908	-26	1956	
7831	-174	-7678	-1894	-59	1969	
7882	-285	-7620	-1881	-96	1982	
7934	-394	-7561	-1865	-132	1995	
7984	-503	-7500	-1851	-160	2007	
8032	-614	-7440	-1835	-181	2019	
8080	-723	-7377	-1820	-204	2030	
8126	-833	-7314	-1804	-229	2041	
8172	-943	-7251	-1787	-258	2052	
8217	-1051	-7185	-1771	-287	2063	
8258	-1161	-7118	-1754	-314	2075	
8300	-1270	-7050	-1737	-342	2084	
8341	-1378	-6981	-1721	-368	2094	
8379	-1486	-6913	-1704	-396	2104	
8417	-1595	-6842	-1686	-424	2112	
8453	-1703	-6770	-1667	-450	2121	
8487	-1811	-6697	-1649	-477	2130	
8522	-1918	-6623	-1630	-502	2139	
8554	-2025	-6548	-1613	-530	2147	
8585	-2132	-6471	-1593	-557	2154	
8615	-2239	-6395	-1574	-583	2162	
8643	-2345	-6317	-1555	-608	2169	
8671	-2451	-6239	-1535	-635	2175	
8697	-2556	-6160	-1515	-662	2181	
8722	-2662	-6078	-1496	-689	2187	
8744	-2767	-5997	-1476	-716	2192	
8766	-2872	-5915	-1454	-741	2198	
8788	-2976	-5832	-1434	-768	2204	
8807	-3079	-5747	-1413	-793	2208	
8825	-3182	-5663	-1391	-819	2211	
8843	-3284	-5577	-1371	-845	2217	
8857	-3386	-5490	-1349	-870	2220	
8871	-3488	-5403	-1327	-897	2223	
8884	-3589	-5314	-1306	-921	2226	
8895	-3689	-5225	-1283	-945	2229	
8905	-3789	-5135	-1259	-970	2232	
8915	-3888	-5044	-1239	-995	2232	
8922	-3987	-4953	-1216	-1020	2235	
8927	-4087	-4861	-1191	-1044	2238	
8933	-4183	-4768	-1169	-1069	2237	
8935	-4280	-4673	-1146	-1092	2237	
8937	-4377	-4580	-1122	-1117	2238	
8937	-4472	-4484	-1099	-1141	2239	
8937	-4567	-4388	-1075	-1163	2238	
8934	-4661	-4292	-1051	-1187	2238	
8931	-4755	-4195	-1026	-1211	2236	
8927	-4847	-4098	-1001	-1232	2235	
8921	-4939	-3999	-978	-1256	2233	
8914	-5031	-3900	-954	-1280	2228	
8904	-5122	-3801	-927	-1302	2227	
8894	-5211	-3701	-904	-1325	2225	
8884	-5300	-3600	-880	-1347	2221	
8871	-5388	-3498	-854	-1368	2218	
8857	-5476	-3396	-829	-1390	2216	
8840	-5563	-3294	-803	-1412	2212	
8823	-5648	-3192	-777	-1433	2207	
8805	-5733	-3089	-751	-1453	2203	
8785	-5817	-2985	-725	-1474	2198	
8765	-5901	-2880	-701	-1495	2193	
8742	-5983	-2776	-676	-1517	2186	
8719	-6064	-2670	-649	-1536	2181	
8695	-6144	-2565	-623	-1556	2172	
8669	-6224	-2459	-597	-1577	2166	
8641	-6302	-2353	-570	-1595	2161	
8611	-6380	-2246	-544	-1614	2152	
8582	-6457	-2139	-517	-1633	2146	
8552	-6532	-2032	-491	-1652	2137	
8520	-6607	-1925	-465	-1671	2128	
8485	-6681	-1818	-439	-1688	2121	
8450	-6754	-1709	-412	-1706	2111	
8414	-6825	-1601	-385	-1725	2101	
8377	-6896	-1493	-358	-1742	2092	
8337	-6965	-1384	-330	-1758	2084	
8297	-7034	-1275	-304	-1776	2072	
8257	-7102	-1166	-277	-1792	2061	
8212	-7167	-1057	-250	-1809	2051	
8168	-7233	-947	-224	-1825	2039	
8124	-7298	-837	-198	-1842	2028	
8076	-7361	-729	-171	-1857	2016	
8029	-7422	-618	-144	-1873	2003	
7981	-7483	-508	-117	-1888	1992	
7931	-7543	-398	-91	-1903	1980	
7880	-7602	-288	-66	-1918	1966	
7827	-7660	-178	-39	-1932	1953	
7773	-7716	-67	-15	-1947	1939	
7719	-7772	43	10	-1959	1924	
7663	-7825	153	38	-1970	1911	
7606	-7878	263	64	-1985	1897	
7547	-7930	373	95	-1998	1883	
7489	-7979	483	128	-2009	1868	
7429	-8029	592	161	-2021	1854	
7366	-8077	702	191	-2034	1837	
7303	-8124	812	218	-2045	1821	
7239	-8170	922	242	-2056	1804	
7174	-8214	1031	268	-2067	1788	
7109	-8257	1141	294	-2078	1772	
7041	-8299	1251	322	-2089	1755	
6973	-8340	1359	350	-2098	1739	
6905	-8380	1468	376	-2107	1721	
6835	-8417	1576	404	-2116	1702	
6762	-8454	1685	431	-2126	1685	
6691	-8489	1792	459	-2135	1668	
6618	-8524	1900	485	-2143	1647	
6543	-8557	2008	511	-2152	1630	
6469	-8589	2115	539	-2159	1611	
6392	-8620	2223	563	-2166	1591	
6315	-8648	2329	590	-2174	1574	
6236	-8676	2436	617	-2180	1553	
6157	-8702	2542	642	-2187	1532	
6077	-8728	2647	669	-2192	1513	
5997	-8751	2751	694	-2198	1492	
5915	-8774	2857	721	-2203	1472	
5832	-8796	2961	747	-2208	1451	
5750	-8815	3064	773	-2212	1429	
5664	-8833	3169	798	-2218	1408	
5578	-8851	3272	823	-2223	1387	
5492	-8867	3374	849	-2226	1365	
5405	-8882	3475	874	-2230	1344	
5319	-8895	3576	899	-2232	1322	
5230	-8907	3677	923	-2235	1299	
5140	-8917	3778	949	-2238	1278	
5050	-8927	3877	974	-2240	1255	
4959	-8934	3976	998	-2242	1231	
4867	-8940	4075	1022	-2243	1209	
4775	-8946	4172	1047	-2243	1185	
4680	-8950	4270	1071	-2244	1162	
4586	-8952	4367	1094	-2245	1139	
4493	-8954	4463	1118	-2246	1115	
4398	-8954	4558	1141	-2245	1091	
4301	-8952	4653	1164	-2245	1067	
4203	-8949	4746	1188	-2243	1042	
4108	-8945	4839	1212	-2242	1019	
4009	-8938	4932	1233	-2241	994	
3911	-8930	5024	1256	-2238	969	
3813	-8924	5114	1279	-2237	945	
3713	-8915	5205	1301	-2234	920	
3614	-8902	5294	1324	-2230	895	
3512	-8890	5382	1345	-2227	869	
3411	-8876	5471	1367	-2223	844	
3310	-8862	5557	1388	-2219	819	
3207	-8846	5644	1409	-2216	793	
3105	-8828	5729	1431	-2211	768	
3001	-8809	5813	1452	-2207	742	
2896	-8788	5897	1472	-2201	716	
2792	-8767	5980	1492	-2195	689	
2687	-8743	6061	1514	-2189	664	
2584	-8720	6142	1532	-2182	638	
2478	-8694	6223	1552	-2177	612	
2373	-8665	6301	1571	-2170	586	
2268	-8637	6379	1590	-2162	559	
2160	-8609	6457	1611	-2153	532	
2054	-8577	6532	1627	-2147	505	
1947	-8545	6608	1647	-2140	478	
1840	-8512	6681	1665	-2129	453	
1732	-8477	6754	1682	-2121	426	
1625	-8440	6827	1701	-2112	399	
1516	-8404	6898	1717	-2101	372	
1407	-8365	6968	1736	-2093	345	
1298	-8326	7036	1753	-2082	319	
1188	-8284	7105	1769	-2071	292	
1080	-8241	7172	1786	-2061	265	
971	-8198	7236	1802	-2049	239	
862	-8153	7302	1818	-2038	212	
751	-8107	7366	1833	-2026	185	
641	-8060	7428	1850	-2014	161	
533	-8011	7489	1864	-2002	135	
423	-7962	7551	1878	-1990	107	
314	-7911	7609	1892	-1977	83	
206	-7859	7667	1907	-1964	58	
95	-7806	7725	1920	-1951	33	
-15	-7752	7779	1933	-1937	8	
-124	-7696	7834	1949	-1923	-20	
-233	-7638	7888	1961	-1908	-52	
-345	-7582	7940	1973	-1893	-95	
-455	-7522	7991	1985	-1879	-139	
-564	-7461	8040	1999	-1862	-167	
-674	-7401	8088	2011	-1847	-185	
-783	-7338	8136	2020	-1833	-203	
-893	-7275	8182	2033	-1817	-226	
-1003	-7211	8227	2044	-1799	-256	
-1112	-7145	8270	2053	-1783	-288	
-1221	-7078	8312	2064	-1767	-315	
-1330	-7010	8354	2076	-1748	-340	
-1439	-6940	8394	2085	-1732	-368	
-1547	-6870	8432	2094	-1714	-395	
-1653	-6800	8470	2103	-1697	-422	
-1760	-6729	8505	2112	-1678	-449	
-1868	-6657	8540	2121	-1658	-474	
-1976	-6581	8574	2128	-1640	-502	
-2082	-6506	8607	2136	-1621	-530	
-2187	-6429	8636	2144	-1601	-554	
-2295	-6353	8665	2151	-1582	-581	
-2399	-6275	8694	2156	-1565	-609	
-2505	-6196	8721	2164	-1545	-634	
-2611	-6116	8747	2171	-1523	-660	
-2717	-6035	8772	2176	-1503	-687	
-2822	-5953	8795	2182	-1483	-713	
-2925	-5871	8817	2187	-1463	-740	
-3029	-5789	8836	2191	-1441	-765	
-3133	-5703	8855	2195	-1420	-790	
-3235	-5617	8874	2200	-1400	-817	
