-3584	-5319	8924	2211	-1322	-904	
-3685	-5230	8936	2215	-1301	-929	
-3786	-5141	8947	2218	-1279	-952	
-3885	-5050	8955	2219	-1257	-978	
-3984	-4958	8963	2221	-1232	-1003	
-4082	-4867	8969	2223	-1209	-1027	
-4179	-4774	8974	2223	-1187	-1052	
-4277	-4681	8978	2223	-1164	-1077	
-4372	-4587	8981	2225	-1139	-1100	
-4467	-4492	8982	2225	-1115	-1124	
-4562	-4398	8980	2222	-1093	-1148	
-4657	-4301	8978	2223	-1068	-1171	
-4750	-4204	8975	2223	-1043	-1194	
-4842	-4106	8970	2221	-1019	-1218	
-4934	-4008	8965	2220	-995	-1240	
-5026	-3909	8958	2217	-970	-1262	
-5118	-3810	8950	2215	-945	-1285	
-5207	-3710	8940	2213	-920	-1308	
-5297	-3610	8928	2210	-895	-1330	
-5384	-3509	8916	2207	-869	-1351	
-5470	-3407	8901	2204	-843	-1372	
-5558	-3305	8887	2198	-818	-1395	
-5643	-3202	8870	2194	-793	-1416	
-5728	-3099	8852	2191	-766	-1436	
-5813	-2996	8833	2185	-741	-1458	
-5897	-2893	8813	2180	-715	-1478	
-5979	-2788	8791	2174	-689	-1498	
-6059	-2682	8767	2168	-663	-1520	
-6139	-2578	8742	2163	-636	-1540	
-6220	-2473	8717	2155	-611	-1558	
-6299	-2366	8691	2148	-585	-1578	
-6375	-2260	8661	2142	-557	-1598	
-6452	-2153	8631	2132	-532	-1617	
-6529	-2046	8601	2126	-505	-1637	
-6604	-1939	8568	2119	-476	-1654	
-6677	-1831	8535	2107	-451	-1673	
-6751	-1724	8500	2099	-425	-1690	
-6822	-1616	8463	2092	-397	-1707	
-6894	-1507	8426	2081	-370	-1726	
-6963	-1399	8387	2071	-344	-1742	
-7030	-1290	8347	2063	-317	-1760	
-7098	-1181	8305	2051	-289	-1776	
-7165	-1073	8263	2041	-263	-1792	
-7230	-963	8219	2031	-236	-1808	
-7294	-854	8173	2018	-209	-1825	
-7357	-744	8127	2008	-182	-1841	
-7420	-635	8080	1995	-155	-1855	
-7482	-524	8032	1983	-129	-1872	
-7541	-414	7981	1972	-101	-1887	
-7600	-306	7931	1957	-77	-1900	
-7658	-195	7879	1944	-52	-1914	
-7715	-85	7824	1930	-26	-1928	
-7770	26	7770	1917	-1	-1942	
-7823	136	7714	1903	25	-1957	
-7876	245	7657	1888	53	-1969	
-7929	356	7600	1874	82	-1982	
-7979	465	7539	1859	117	-1995	
-8028	575	7479	1844	153	-2006	
-8076	684	7419	1828	184	-2019	
-8124	794	7355	1812	214	-2030	
-8168	903	7291	1798	237	-2042	
-8215	1013	7227	1780	258	-2053	
-8259	1122	7161	1765	285	-2064	
-8301	1231	7094	1749	313	-2074	
-8342	1340	7026	1731	341	-2083	
-8381	1448	6956	1714	370	-2093	
-8419	1559	6886	1695	398	-2102	
-8455	1666	6815	1679	424	-2111	
-8490	1773	6742	1661	450	-2120	
-8526	1882	6670	1641	477	-2129	
-8559	1988	6596	1623	504	-2136	
-8591	2096	6520	1605	532	-2144	
-8623	2203	6445	1586	559	-2152	
-8651	2309	6366	1567	586	-2157	
-8679	2415	6288	1548	612	-2164	
-8707	2521	6209	1527	637	-2172	
-8732	2626	6130	1508	663	-2178	
-8756	2731	6048	1487	690	-2184	
-8779	2836	5966	1465	716	-2189	
-8799	2941	5884	1445	742	-2195	
-8819	3045	5800	1424	768	-2199	
-8838	3147	5715	1403	793	-2204	
-8855	3250	5630	1382	818	-2208	
-8871	3353	5543	1361	845	-2212	
-8887	3455	5456	1338	869	-2216	
-8901	3556	5369	1318	897	-2219	
-8913	3656	5280	1296	921	-2223	
-8924	3757	5191	1272	944	-2226	
-8933	3856	5100	1251	970	-2225	
-8941	3955	5009	1228	995	-2228	
-8948	4054	4917	1205	1020	-2230	
-8954	4152	4825	1182	1044	-2230	
-8957	4250	4732	1159	1067	-2231	
-8960	4346	4637	1135	1091	-2232	
-8961	4442	4543	1111	1116	-2232	
-8962	4538	4448	1087	1139	-2233	
-8961	4632	4351	1066	1163	-2232	
-8957	4726	4255	1042	1188	-2231	
-8954	4820	4158	1016	1210	-2230	
-8948	4911	4059	993	1233	-2227	
-8941	5002	3961	968	1257	-2226	
-8934	5093	3862	941	1278	-2224	
-8924	5183	3762	918	1300	-2222	
-8914	5273	3661	894	1323	-2219	
-8901	5363	3561	867	1345	-2215	
-8888	5450	3459	843	1366	-2211	
-8873	5537	3357	818	1388	-2207	
-8856	5624	3254	792	1410	-2203	
-8839	5709	3151	767	1431	-2199	
-8821	5793	3049	740	1452	-2194	
-8799	5877	2945	717	1473	-2189	
-8778	5959	2841	691	1495	-2184	
-8757	6041	2735	662	1513	-2179	
-8732	6122	2630	637	1533	-2172	
-8707	6202	2526	611	1554	-2165	
-8680	6281	2419	585	1573	-2159	
-8652	6359	2313	559	1593	-2151	
-8623	6436	2207	533	1614	-2144	
-8593	6513	2099	507	1632	-2136	
-8561	6588	1991	480	1650	-2127	
-8527	6663	1883	454	1668	-2120	
-8494	6736	1775	426	1685	-2111	
-8457	6807	1667	402	1705	-2100	
-8420	6879	1558	374	1722	-2091	
-8382	6949	1450	348	1740	-2082	
-8342	7017	1341	323	1758	-2070	
-8302	7086	1231	294	1773	-2061	
-8259	7153	1123	267	1789	-2052	
-8216	7219	1013	240	1805	-2041	
-8171	7284	903	214	1821	-2029	
-8126	7348	793	189	1837	-2017	
-8080	7410	685	163	1854	-2006	
-8032	7471	575	136	1868	-1994	
-7983	7532	464	110	1883	-1981	
-7933	7592	355	85	1897	-1967	
-7879	7650	244	57	1912	-1955	
-7825	7706	134	34	1927	-1941	
-7773	7762	24	5	1941	-1927	
-7718	7817	-86	-27	1952	-1915	
-7661	7870	-197	-60	1966	-1901	
-7604	7924	-306	-95	1979	-1886	
-7545	7975	-415	-127	1991	-1871	
-7485	8024	-526	-153	2004	-1855	
-7424	8072	-636	-175	2016	-1840	
-7362	8119	-745	-199	2028	-1825	
-7298	8165	-856	-224	2039	-1807	
-7235	8211	-965	-253	2051	-1792	
-7169	8254	-1075	-281	2061	-1775	
-7102	8298	-1184	-307	2072	-1758	
-7034	8341	-1292	-335	2083	-1743	
-6965	8379	-1402	-361	2093	-1724	
-6895	8417	-1511	-388	2102	-1706	
-6824	8455	-1619	-417	2109	-1690	
-6755	8491	-1727	-444	2119	-1671	
-6681	8527	-1835	-470	2126	-1652	
-6607	8561	-1942	-496	2135	-1634	
-6534	8593	-2048	-524	2144	-1615	
-6457	8624	-2156	-550	2151	-1596	
-6380	8653	-2264	-578	2159	-1577	
-6302	8681	-2370	-602	2167	-1557	
-6225	8709	-2476	-629	2171	-1538	
-6144	8735	-2582	-656	2177	-1518	
-6064	8761	-2686	-680	2186	-1497	
-5984	8783	-2792	-708	2190	-1478	
-5901	8805	-2897	-734	2193	-1457	
-5818	8826	-3000	-759	2200	-1434	
-5735	8844	-3103	-784	2205	-1414	
-5649	8863	-3206	-809	2208	-1392	
-5562	8880	-3311	-835	2213	-1372	
-5476	8895	-3412	-859	2218	-1350	
-5389	8909	-3513	-885	2220	-1328	
-5301	8921	-3615	-911	2222	-1307	
-5213	8932	-3715	-935	2225	-1283	
-5121	8942	-3815	-958	2229	-1259	
-5031	8951	-3915	-984	2230	-1237	
-4941	8959	-4014	-1009	2231	-1216	
-4849	8964	-4113	-1032	2233	-1191	
-4757	8969	-4209	-1057	2234	-1168	
-4663	8972	-4306	-1082	2234	-1147	
-4569	8974	-4403	-1105	2234	-1121	
-4474	8975	-4499	-1128	2234	-1099	
-4376	8973	-4593	-1152	2233	-1075	
-4281	8970	-4688	-1176	2232	-1049	
-4185	8967	-4782	-1197	2231	-1026	
-4088	8962	-4874	-1221	2231	-1000	
-3989	8956	-4966	-1244	2229	-976	
-3891	8949	-5058	-1268	2225	-953	
-3792	8939	-5148	-1289	2227	-928	
-3691	8930	-5238	-1311	2223	-904	
-3591	8918	-5327	-1336	2217	-878	
-3490	8905	-5415	-1355	2215	-853	
-3388	8891	-5503	-1375	2212	-827	
-3287	8874	-5590	-1398	2208	-801	
-3185	8858	-5675	-1419	2203	-776	
-3081	8839	-5760	-1440	2198	-750	
-2976	8820	-5844	-1461	2192	-724	
-2873	8799	-5928	-1481	2187	-697	
-2767	8776	-6010	-1503	2181	-672	
-2663	8753	-6091	-1522	2175	-645	
-2558	8728	-6172	-1540	2170	-619	
-2452	8701	-6252	-1562	2163	-594	
-2346	8674	-6330	-1579	2156	-567	
-2241	8645	-6407	-1597	2149	-540	
-2135	8615	-6484	-1619	2139	-514	
-2028	8584	-6560	-1638	2131	-487	
-1922	8551	-6635	-1655	2123	-461	
-1814	8518	-6708	-1673	2115	-433	
-1707	8481	-6781	-1691	2106	-407	
-1598	8444	-6852	-1709	2096	-381	
-1490	8407	-6923	-1727	2087	-354	
-1382	8368	-6992	-1743	2077	-327	
-1273	8328	-7060	-1760	2067	-300	
-1166	8286	-7128	-1777	2056	-273	
-1055	8243	-7195	-1792	2047	-246	
-946	8199	-7261	-1809	2034	-220	
-837	8154	-7324	-1825	2022	-194	
-727	8106	-7387	-1840	2011	-166	
-616	8059	-7450	-1855	1998	-139	
-507	8011	-7511	-1870	1985	-113	
-398	7961	-7570	-1884	1974	-86	
-288	7909	-7629	-1899	1961	-62	
-178	7857	-7687	-1913	1947	-38	
-68	7803	-7742	-1927	1934	-13	
43	7747	-7797	-1941	1919	10	
151	7691	-7851	-1953	1905	37	
260	7635	-7904	-1966	1892	66	
371	7575	-7955	-1979	1878	99	
480	7516	-8007	-1990	1862	141	
590	7456	-8055	-2001	1846	178	
700	7393	-8103	-2015	1830	207	
808	7330	-8151	-2027	1814	229	
918	7266	-8196	-2038	1798	248	
1027	7202	-8240	-2050	1781	271	
1136	7135	-8283	-2059	1765	300	
1246	7068	-8325	-2069	1748	329	
1355	7000	-8366	-2080	1730	357	
1463	6930	-8405	-2088	1713	386	
1571	6860	-8442	-2099	1695	411	
1679	6789	-8479	-2107	1677	438	
1787	6716	-8515	-2115	1659	466	
1893	6642	-8549	-2125	1640	491	
2001	6567	-8582	-2132	1622	518	
2109	6492	-8614	-2139	1602	546	
2217	6416	-8645	-2147	1583	572	
2321	6338	-8674	-2154	1565	599	
2426	6260	-8701	-2160	1544	625	
2531	6181	-8727	-2167	1524	651	
2636	6100	-8752	-2172	1504	678	
2741	6019	-8776	-2179	1483	703	
2845	5938	-8799	-2184	1463	730	
2950	5854	-8819	-2187	1443	757	
3052	5770	-8839	-2194	1421	781	
3156	5686	-8858	-2198	1401	806	
3259	5600	-8875	-2201	1379	833	
3362	5514	-8891	-2206	1356	858	
3463	5427	-8905	-2209	1335	883	
3564	5339	-8918	-2212	1312	909	
3665	5250	-8930	-2215	1290	934	
3764	5161	-8941	-2218	1268	959	
3862	5070	-8950	-2219	1246	984	
3961	4979	-8957	-2221	1223	1007	
4059	4887	-8963	-2222	1199	1033	
4157	4794	-8969	-2224	1176	1057	
4254	4701	-8972	-2226	1152	1080	
4351	4607	-8974	-2224	1130	1105	
4445	4510	-8975	-2225	1107	1129	
4541	4416	-8975	-2225	1081	1152	
4635	4320	-8973	-2224	1056	1175	
4728	4223	-8970	-2223	1032	1200	
4822	4128	-8965	-2222	1008	1223	
4914	4029	-8959	-2220	984	1245	
5005	3929	-8953	-2218	960	1268	
5094	3830	-8944	-2215	935	1290	
5184	3730	-8934	-2212	909	1313	
5274	3630	-8922	-2210	884	1335	
5362	3529	-8910	-2206	859	1357	
5451	3428	-8897	-2201	835	1379	
5538	3326	-8882	-2198	809	1399	
5622	3222	-8864	-2194	782	1421	
5707	3120	-8846	-2188	758	1443	
5792	3017	-8827	-2184	732	1463	
5874	2913	-8807	-2179	706	1483	
5957	2808	-8784	-2173	679	1505	
6039	2704	-8762	-2168	653	1525	
6119	2599	-8737	-2163	627	1544	
6199	2493	-8710	-2155	599	1565	
6276	2387	-8685	-2149	574	1584	
6354	2280	-8656	-2141	549	1604	
6432	2175	-8625	-2135	520	1622	
6508	2068	-8594	-2126	494	1641	
6582	1960	-8562	-2116	469	1660	
6655	1853	-8528	-2109	441	1677	
6727	1745	-8493	-2100	414	1695	
6799	1637	-8457	-2093	386	1711	
6869	1528	-8420	-2082	358	1730	
6939	1419	-8381	-2071	333	1748	
7009	1312	-8341	-2061	307	1765	
7077	1203	-8300	-2052	280	1781	
7144	1093	-8257	-2041	253	1800	
7210	984	-8213	-2029	228	1816	
7274	874	-8168	-2019	201	1831	
7336	765	-8121	-2006	174	1846	
7398	655	-8075	-1993	149	1860	
7459	546	-8025	-1982	122	1877	
7520	436	-7975	-1968	97	1894	
7578	325	-7925	-1957	71	1907	
7635	215	-7872	-1944	45	1921	
7693	105	-7818	-1931	19	1935	
7747	-4	-7764	-1917	-8	1948	
7802	-114	-7709	-1902	-41	1961	
7855	-224	-7651	-1888	-77	1975	
7907	-335	-7594	-1874	-114	1987	
7958	-445	-7534	-1859	-146	1999	
8007	-554	-7474	-1843	-170	2012	
8055	-664	-7412	-1829	-192	2024	
8102	-773	-7349	-1812	-213	2036	
8146	-883	-7285	-1797	-241	2046	
8190	-992	-7220	-1781	-272	2057	
8236	-1102	-7155	-1763	-301	2068	
8277	-1211	-7088	-1747	-327	2079	
8317	-1319	-7019	-1731	-353	2089	
8358	-1429	-6951	-1713	-381	2098	
8395	-1536	-6880	-1695	-408	2108	
8433	-1643	-6808	-1678	-435	2116	
8470	-1752	-6736	-1659	-461	2125	
8504	-1860	-6664	-1640	-489	2134	
8537	-1966	-6589	-1622	-516	2142	
8568	-2074	-6513	-1602	-542	2150	
8599	-2181	-6437	-1584	-569	2156	
8629	-2287	-6361	-1565	-595	2165	
8656	-2394	-6282	-1546	-621	2171	
8682	-2500	-6204	-1526	-648	2178	
8708	-2605	-6123	-1507	-675	2184	
8732	-2710	-6042	-1486	-701	2189	
8755	-2815	-5960	-1466	-727	2195	
8776	-2918	-5877	-1446	-753	2200	
8796	-3022	-5793	-1424	-779	2205	
8816	-3125	-5709	-1403	-806	2209	
8833	-3229	-5624	-1381	-831	2213	
8849	-3331	-5537	-1361	-856	2218	
8864	-3433	-5450	-1340	-882	2221	
8877	-3535	-5364	-1316	-905	2224	
8888	-3635	-5273	-1296	-931	2227	
8899	-3735	-5184	-1274	-958	2229	
8910	-3835	-5094	-1250	-983	2232	
8918	-3935	-5004	-1227	-1006	2233	
8925	-4033	-4912	-1205	-1031	2234	
8929	-4130	-4817	-1182	-1055	2236	
8933	-4228	-4725	-1158	-1079	2238	
8936	-4324	-4631	-1135	-1104	2238	
8938	-4419	-4536	-1112	-1126	2238	
8938	-4516	-4440	-1088	-1151	2238	
8935	-4610	-4345	-1063	-1174	2237	
8935	-4703	-4249	-1039	-1198	2235	
8931	-4797	-4150	-1015	-1221	2235	
8925	-4889	-4053	-990	-1244	2234	
8918	-4982	-3955	-966	-1267	2232	
8911	-5073	-3854	-942	-1289	2231	
8901	-5163	-3754	-918	-1314	2227	
8890	-5253	-3655	-892	-1336	2224	
8878	-5341	-3553	-867	-1356	2220	
8863	-5429	-3452	-842	-1378	2218	
8848	-5515	-3350	-817	-1400	2214	
8832	-5601	-3247	-793	-1422	2208	
8815	-5687	-3145	-765	-1442	2205	
8797	-5771	-3040	-741	-1464	2200	
8777	-5856	-2937	-715	-1484	2195	
8755	-5938	-2834	-687	-1504	2189	
8732	-6019	-2728	-663	-1526	2182	
8708	-6101	-2622	-638	-1546	2178	
8684	-6181	-2517	-609	-1565	2171	
8658	-6260	-2412	-583	-1585	2163	
8628	-6338	-2304	-558	-1604	2156	
8599	-6415	-2198	-531	-1623	2149	
8568	-6492	-2091	-506	-1642	2141	
8536	-6567	-1983	-478	-1660	2133	
8503	-6641	-1876	-452	-1679	2125	
8469	-6714	-1768	-427	-1698	2116	
8433	-6786	-1660	-397	-1715	2108	
8396	-6858	-1551	-372	-1731	2097	
8358	-6927	-1442	-345	-1750	2088	
8319	-6997	-1334	-317	-1766	2079	
8279	-7065	-1225	-291	-1783	2068	
8237	-7132	-1116	-266	-1801	2056	
8193	-7198	-1006	-238	-1817	2045	
8148	-7263	-897	-212	-1833	2035	
8102	-7327	-786	-186	-1849	2022	
8055	-7389	-677	-158	-1865	2011	
8007	-7450	-568	-133	-1880	1999	
7958	-7511	-457	-105	-1894	1985	
7907	-7571	-348	-79	-1909	1973	
7855	-7629	-238	-56	-1924	1959	
7803	-7685	-127	-28	-1937	1947	
7748	-7741	-17	-2	-1950	1932	
7692	-7796	93	22	-1965	1918	
7638	-7850	203	49	-1979	1905	
7581	-7902	313	79	-1991	1890	
7522	-7953	423	110	-2004	1875	
7462	-8003	533	143	-2016	1861	
7400	-8051	642	177	-2027	1846	
7336	-8099	752	205	-2040	1831	
7274	-8145	862	230	-2051	1813	
7211	-8190	972	253	-2062	1796	
7145	-8235	1081	280	-2073	1782	
7078	-8277	1191	308	-2082	1765	
7011	-8318	1300	335	-2093	1748	
6943	-8358	1409	363	-2102	1730	
6874	-8397	1517	391	-2111	1712	
6802	-8434	1625	416	-2121	1694	
6730	-8470	1735	441	-2131	1676	
6659	-8505	1842	469	-2139	1658	
6584	-8539	1950	497	-2147	1640	
6508	-8571	2058	523	-2155	1621	
6433	-8603	2165	550	-2161	1603	
6356	-8633	2273	576	-2170	1583	
6279	-8661	2379	603	-2177	1563	
6200	-8689	2485	629	-2184	1542	
6121	-8714	2591	655	-2190	1522	
6040	-8739	2696	682	-2194	1504	
5958	-8762	2801	705	-2202	1481	
5877	-8785	2905	731	-2207	1461	
5794	-8805	3008	759	-2212	1442	
5711	-8823	3111	783	-2216	1421	
5626	-8842	3215	810	-2220	1399	
5540	-8859	3317	835	-2225	1378	
5453	-8874	3419	860	-2228	1356	
5364	-8888	3522	886	-2230	1334	
5276	-8900	3622	911	-2233	1311	
5188	-8912	3723	936	-2237	1289	
5099	-8921	3824	961	-2239	1268	
5008	-8929	3923	985	-2240	1244	
4916	-8939	4022	1009	-2241	1221	
4825	-8944	4119	1035	-2242	1199	
4733	-8947	4217	1058	-2244	1175	
4638	-8951	4315	1081	-2245	1152	
4544	-8953	4410	1104	-2244	1128	
4450	-8953	4506	1128	-2245	1103	
4354	-8952	4600	1152	-2246	1080	
4258	-8950	4695	1176	-2244	1057	
4159	-8947	4789	1199	-2243	1032	
4062	-8942	4882	1222	-2241	1007	
3966	-8936	4973	1245	-2239	984	
3867	-8928	5065	1266	-2238	958	
3768	-8919	5156	1289	-2234	933	
3666	-8909	5246	1312	-2231	909	
3565	-8897	5336	1333	-2229	883	
3465	-8884	5424	1355	-2227	858	
3364	-8869	5511	1377	-2222	833	
3262	-8854	5597	1398	-2218	808	
3161	-8837	5683	1419	-2213	782	
3058	-8818	5768	1441	-2208	756	
2954	-8799	5852	1462	-2203	730	
2850	-8777	5934	1482	-2197	704	
2746	-8756	6017	1502	-2191	677	
2641	-8732	6099	1522	-2186	652	
2535	-8707	6179	1543	-2179	627	
2431	-8681	6259	1561	-2172	598	
2325	-8653	6338	1581	-2164	574	
2219	-8624	6415	1601	-2157	548	
2112	-8594	6491	1618	-2150	520	
2004	-8563	6568	1636	-2143	494	
1897	-8530	6641	1656	-2134	468	
1791	-8496	6715	1674	-2126	440	
1683	-8461	6788	1690	-2117	413	
1574	-8425	6859	1709	-2107	386	
1465	-8387	6930	1726	-2098	359	
1358	-8347	6999	1744	-2088	333	
1249	-8307	7067	1760	-2078	307	
1139	-8265	7135	1775	-2067	279	
1030	-8222	7202	1794	-2055	253	
920	-8178	7267	1808	-2045	225	
810	-8133	7330	1823	-2034	198	
701	-8086	7395	1840	-2021	173	
590	-8039	7456	1855	-2009	147	
482	-7990	7517	1870	-1997	121	
373	-7939	7577	1884	-1985	97	
264	-7888	7635	1898	-1971	72	
154	-7836	7693	1913	-1957	47	
45	-7781	7750	1927	-1944	23	
-65	-7727	7803	1940	-1931	-3	
-176	-7670	7858	1954	-1915	-33	
-286	-7613	7910	1967	-1900	-72	
-395	-7555	7962	1978	-1886	-116	
-504	-7495	8013	1992	-1870	-153	
-615	-7435	8062	2004	-1857	-176	
-724	-7372	8110	2015	-1842	-192	
-834	-7309	8157	2027	-1825	-212	
-945	-7246	8203	2038	-1808	-239	
-1053	-7180	8248	2048	-1791	-270	
-1163	-7114	8290	2059	-1774	-300	
-1271	-7047	8332	2069	-1758	-327	
-1379	-6978	8371	2079	-1742	-353	
-1487	-6909	8411	2090	-1723	-379	
-1595	-6837	8450	2098	-1707	-408	
-1704	-6766	8486	2107	-1688	-434	
-1811	-6694	8522	2116	-1669	-461	
-1918	-6621	8557	2123	-1652	-490	
-2025	-6547	8589	2131	-1633	-516	
-2131	-6471	8620	2139	-1613	-541	
-2237	-6394	8651	2146	-1594	-566	
-2343	-6318	8679	2153	-1575	-594	
-2450	-6239	8707	2161	-1555	-621	
-2554	-6159	8733	2166	-1536	-647	
-2659	-6080	8759	2173	-1515	-673	
-2763	-5998	8783	2178	-1494	-700	
-2868	-5916	8806	2184	-1474	-725	
-2973	-5833	8826	2190	-1452	-750	
-3076	-5749	8845	2193	-1431	-777	
-3180	-5664	8864	2198	-1409	-803	
-3282	-5579	8880	2203	-1387	-826	
-3384	-5493	8897	2206	-1367	-854	
-3485	-5405	8911	2208	-1346	-879	
-3587	-5317	8924	2212	-1324	-904	
-3687	-5229	8936	2214	-1301	-929	
-3786	-5139	8946	2217	-1278	-953	
-3885	-5049	8955	2219	-1255	-979	
-3984	-4957	8963	2221	-1232	-1003	
-4082	-4866	8969	2222	-1210	-1026	
-4179	-4773	8974	2223	-1187	-1051	
-4278	-4680	8978	2223	-1163	-1076	
-4375	-4587	8980	2225	-1138	-1099	
-4469	-4491	8980	2225	-1114	-1124	
-4564	-4395	8980	2222	-1093	-1148	
-4658	-4300	8978	2224	-1068	-1170	
-4751	-4203	8975	2223	-1043	-1193	
-4844	-4104	8971	2221	-1019	-1218	
-4937	-4007	8965	2220	-993	-1240	
-5028	-3908	8958	2218	-969	-1262	
-5119	-3808	8949	2215	-944	-1286	
-5208	-3709	8940	2213	-919	-1306	
-5297	-3608	8929	2210	-896	-1330	
-5385	-3508	8915	2206	-869	-1352	
-5473	-3406	8902	2204	-843	-1373	
-5561	-3304	8887	2199	-818	-1395	
-5645	-3202	8869	2195	-791	-1415	
-5730	-3098	8851	2191	-767	-1437	
-5813	-2995	8832	2185	-741	-1458	
-5896	-2891	8811	2179	-715	-1479	
-5979	-2786	8790	2174	-690	-1500	
-6060	-2682	8767	2168	-663	-1519	
-6143	-2577	8742	2162	-636	-1540	
-6222	-2471	8717	2156	-610	-1559	
-6301	-2365	8690	2149	-584	-1578	
-6378	-2258	8661	2142	-557	-1597	
-6454	-2151	8631	2132	-532	-1616	
-6530	-2045	8600	2126	-505	-1637	
-6605	-1938	8567	2119	-476	-1654	
-6679	-1831	8534	2108	-451	-1674	
-6752	-1723	8499	2100	-424	-1691	
-6823	-1615	8462	2091	-397	-1707	
-6893	-1507	8425	2082	-370	-1727	
-6963	-1398	8387	2072	-343	-1743	
-7032	-1290	8346	2061	-316	-1760	
-7100	-1181	8305	2051	-288	-1777	
-7167	-1071	8262	2041	-262	-1794	
-7232	-962	8219	2030	-235	-1809	
-7297	-852	8174	2017	-208	-1825	
-7359	-743	8127	2006	-181	-1841	
-7421	-633	8080	1995	-155	-1856	
-7483	-523	8031	1983	-129	-1872	
-7542	-414	7981	1971	-100	-1885	
-7600	-303	7930	1958	-76	-1900	
-7657	-194	7878	1943	-52	-1915	
-7715	-83	7825	1930	-26	-1929	
-7770	27	7770	1917	0	-1942	
-7825	137	7714	1902	26	-1957	
-7879	246	7657	1889	53	-1970	
-7930	356	7599	1874	84	-1982	
-7981	466	7540	1859	118	-1994	
-8031	576	7479	1844	154	-2006	
-8078	687	7418	1827	186	-2020	
-8123	795	7354	1813	215	-2030	
-8171	906	7291	1797	238	-2041	
-8216	1014	7226	1779	259	-2053	
-8258	1123	7159	1764	285	-2063	
-8300	1233	7093	1748	314	-2073	
-8341	1342	7025	1730	342	-2082	
-8380	1452	6956	1712	370	-2093	
-8418	1560	6886	1695	398	-2102	
-8457	1667	6814	1678	424	-2111	
-8492	1775	6742	1660	451	-2120	
-8526	1883	6669	1641	478	-2129	
-8560	1989	6594	1623	505	-2137	
-8590	2097	6519	1605	532	-2144	
-8622	2204	6443	1586	558	-2152	
-8652	2310	6366	1566	585	-2159	
-8679	2417	6287	1547	612	-2165	
-8706	2522	6209	1527	638	-2172	
-8732	2628	6129	1506	664	-2179	
-8756	2733	6047	1486	690	-2186	
-8779	2837	5965	1465	716	-2190	
-8800	2942	5882	1445	742	-2195	
-8819	3045	5798	1425	768	-2200	
-8839	3148	5714	1404	793	-2204	
-8857	3251	5629	1383	820	-2208	
-8872	3354	5541	1360	846	-2212	
-8886	3456	5455	1338	870	-2217	
-8900	3556	5367	1318	896	-2219	
-8913	3657	5278	1294	922	-2222	
-8924	3758	5190	1272	946	-2225	
-8933	3857	5098	1251	971	-2226	
-8942	3956	5008	1227	995	-2228	
-8948	4056	4917	1203	1019	-2230	
-8952	4153	4822	1181	1043	-2231	
-8957	4250	4729	1158	1068	-2232	
-8960	4347	4636	1135	1093	-2232	
-8961	4442	4541	1111	1116	-2231	
-8961	4537	4446	1087	1139	-2232	
-8959	4632	4350	1065	1164	-2230	
-8957	4726	4253	1041	1189	-2229	
-8953	4820	4156	1015	1211	-2230	
-8948	4912	4058	993	1235	-2227	
-8941	5003	3960	968	1257	-2226	
-8933	5095	3860	942	1278	-2224	
-8925	5185	3760	918	1301	-2221	
-8912	5275	3660	892	1323	-2219	
-8900	5364	3558	867	1345	-2216	
-8888	5451	3457	843	1367	-2213	
-8873	5539	3355	817	1389	-2208	
-8856	5625	3252	792	1410	-2203	
-8839	5709	3150	766	1432	-2199	
-8820	5794	3047	740	1452	-2195	
-8800	5877	2943	715	1474	-2190	
-8778	5960	2839	690	1496	-2183	
-8755	6042	2734	662	1512	-2179	
-8732	6122	2629	637	1533	-2172	
-8708	6203	2524	611	1554	-2165	
-8681	6281	2418	585	1574	-2158	
-8653	6360	2312	558	1594	-2151	
-8623	6438	2204	533	1612	-2144	
-8592	6514	2098	506	1631	-2136	
-8560	6589	1990	479	1650	-2126	
-8526	6664	1882	453	1667	-2118	
-8492	6737	1774	426	1686	-2110	
-8457	6809	1666	401	1706	-2100	
-8420	6879	1556	374	1722	-2092	
-8381	6950	1448	347	1739	-2083	
-8342	7018	1340	322	1757	-2071	
-8302	7086	1230	294	1773	-2062	
-8259	7154	1121	267	1790	-2050	
-8216	7220	1012	240	1806	-2039	
-8172	7285	903	215	1822	-2029	
-8126	7349	793	188	1837	-2016	
-8078	7411	684	161	1854	-2005	
-8030	7472	574	135	1869	-1993	
-7980	7533	463	109	1884	-1980	
-7929	7593	353	83	1897	-1968	
-7879	7651	244	57	1911	-1955	
-7826	7708	133	33	1928	-1940	
-7772	7763	23	5	1940	-1928	
-7718	7817	-86	-27	1953	-1914	
-7660	7870	-197	-60	1967	-1899	
-7602	7923	-308	-95	1980	-1885	
-7544	7975	-418	-126	1993	-1871	
-7485	8024	-528	-152	2005	-1854	
-7423	8073	-637	-176	2016	-1839	
-7360	8120	-748	-200	2028	-1824	
-7297	8167	-857	-225	2040	-1807	
-7232	8212	-967	-254	2049	-1792	
-7167	8255	-1076	-283	2061	-1775	
-7101	8298	-1185	-309	2072	-1758	
-7034	8340	-1294	-336	2082	-1742	
-6964	8379	-1403	-362	2094	-1724	
-6896	8418	-1512	-388	2102	-1705	
-6825	8456	-1620	-417	2110	-1689	
-6753	8491	-1728	-444	2118	-1671	
-6681	8526	-1835	-471	2127	-1652	
-6606	8560	-1943	-497	2137	-1634	
-6532	8594	-2050	-524	2144	-1615	
-6456	8625	-2158	-550	2151	-1597	
-6380	8654	-2264	-576	2158	-1576	
-6302	8683	-2370	-603	2166	-1556	
-6222	8710	-2478	-630	2171	-1538	
-6144	8736	-2583	-655	2178	-1517	
-6064	8761	-2688	-681	2186	-1497	
-5982	8783	-2794	-709	2190	-1478	
-5900	8805	-2899	-734	2195	-1456	
-5817	8826	-3002	-758	2201	-1435	
-5733	8845	-3105	-784	2205	-1414	
-5647	8863	-3210	-812	2209	-1393	
-5563	8880	-3311	-836	2213	-1371	
-5476	8895	-3412	-860	2217	-1349	
-5390	8909	-3515	-887	2220	-1327	
-5300	8921	-3616	-912	2222	-1306	
-5211	8933	-3717	-936	2225	-1283	
-5123	8943	-3817	-959	2230	-1260	
-5031	8951	-3916	-984	2231	-1238	
-4939	8958	-4015	-1009	2232	-1214	
-4848	8963	-4113	-1032	2233	-1190	
-4756	8969	-4212	-1057	2234	-1169	
-4660	8972	-4308	-1083	2234	-1145	
-4567	8974	-4404	-1105	2234	-1121	
-4472	8974	-4500	-1128	2235	-1099	
-4376	8973	-4594	-1152	2233	-1074	
-4282	8971	-4689	-1175	2234	-1050	
-4185	8967	-4783	-1199	2231	-1027	
-4087	8962	-4875	-1221	2230	-1001	
-3988	8956	-4968	-1242	2230	-976	
-3889	8949	-5059	-1268	2226	-953	
-3789	8939	-5150	-1289	2225	-928	
-3690	8929	-5239	-1312	2221	-902	
-3589	8918	-5329	-1335	2217	-878	
-3488	8905	-5417	-1355	2214	-851	
-3389	8890	-5503	-1376	2211	-826	
-3284	8875	-5592	-1398	2207	-801	
-3182	8858	-5678	-1419	2202	-775	
-3080	8839	-5761	-1440	2198	-749	
-2976	8820	-5845	-1461	2192	-723	
-2872	8798	-5929	-1480	2188	-698	
-2768	8776	-6011	-1503	2182	-672	
-2663	8753	-6093	-1522	2174	-645	
-2556	8728	-6173	-1540	2170	-619	
-2451	8702	-6252	-1562	2163	-593	
-2346	8673	-6330	-1580	2156	-567	
-2239	8645	-6409	-1598	2149	-539	
-2133	8615	-6486	-1618	2139	-514	
-2026	8584	-6561	-1637	2132	-487	
-1919	8551	-6634	-1655	2124	-459	
-1813	8516	-6708	-1673	2114	-433	
-1705	8482	-6781	-1690	2106	-406	
-1598	8444	-6854	-1708	2097	-379	
-1491	8406	-6924	-1726	2087	-353	
-1382	8368	-6994	-1743	2077	-326	
-1272	8327	-7062	-1761	2067	-299	
-1162	8286	-7129	-1778	2055	-272	
-1054	8243	-7196	-1791	2046	-245	
-946	8198	-7261	-1809	2034	-219	
-835	8153	-7324	-1825	2021	-193	
-725	8107	-7388	-1840	2011	-165	
-616	8059	-7450	-1855	1998	-139	
-506	8009	-7510	-1870	1985	-113	
-395	7960	-7571	-1886	1974	-87	
-285	7909	-7630	-1900	1959	-62	
-176	7855	-7687	-1914	1947	-37	
-67	7802	-7744	-1927	1934	-13	
42	7746	-7798	-1941	1918	11	
153	7691	-7852	-1954	1905	37	
264	7634	-7905	-1966	1891	66	
372	7575	-7957	-1979	1877	101	
482	7515	-8008	-1990	1862	142	
592	7454	-8056	-2002	1845	180	
700	7392	-8105	-2015	1829	207	
809	7329	-8151	-2027	1813	228	
919	7265	-8196	-2038	1797	248	
1029	7200	-8241	-2049	1781	271	
1138	7134	-8284	-2059	1765	299	
1247	7067	-8327	-2069	1747	329	
1355	6998	-8366	-2080	1731	359	
1464	6929	-8405	-2088	1713	386	
1572	6859	-8444	-2099	1694	411	
1682	6788	-8481	-2107	1677	438	
1789	6715	-8516	-2115	1659	465	
1895	6642	-8550	-2125	1640	492	
2003	6567	-8583	-2132	1620	519	
2110	6491	-8614	-2139	1602	546	
2216	6415	-8645	-2147	1584	573	
2322	6338	-8673	-2154	1563	599	
2429	6260	-8701	-2160	1544	626	
2534	6180	-8728	-2167	1524	652	
2639	6100	-8753	-2172	1504	678	
2743	6018	-8777	-2178	1485	704	
2848	5936	-8799	-2184	1463	731	
2952	5853	-8820	-2187	1442	757	
3055	5770	-8840	-2193	1422	782	
3158	5686	-8859	-2197	1401	808	
3261	5599	-8875	-2200	1379	834	
3363	5513	-8891	-2206	1356	859	
3463	5426	-8905	-2210	1334	884	
3564	5337	-8918	-2212	1312	909	
3665	5248	-8930	-2216	1290	935	
3766	5159	-8941	-2218	1267	959	
3866	5069	-8950	-2219	1244	984	
3963	4978	-8957	-2221	1222	1009	
4062	4886	-8964	-2222	1199	1034	
4159	4793	-8969	-2223	1176	1058	
4255	4699	-8972	-2225	1151	1080	
4352	4605	-8975	-2224	1129	1105	
4447	4511	-8975	-2224	1105	1128	
4542	4416	-8974	-2224	1080	1151	
4636	4319	-8973	-2223	1057	1175	
4729	4222	-8970	-2223	1032	1200	
4822	4124	-8966	-2222	1008	1223	
4914	4027	-8959	-2219	984	1246	
5006	3928	-8953	-2217	959	1268	
5098	3828	-8944	-2215	934	1291	
5188	3729	-8934	-2212	910	1313	
5276	3629	-8923	-2209	884	1335	
5364	3528	-8910	-2205	859	1358	
5451	3426	-8896	-2202	834	1380	
5538	3325	-8880	-2199	808	1400	
5625	3222	-8864	-2194	783	1421	
5708	3119	-8846	-2190	755	1441	
5792	3014	-8827	-2185	729	1462	
5876	2911	-8807	-2180	705	1483	
5957	2807	-8784	-2175	678	1505	
6039	2702	-8761	-2168	653	1525	
6120	2597	-8737	-2161	626	1544	
6199	2492	-8711	-2155	599	1564	
6278	2386	-8684	-2149	574	1583	
6356	2279	-8654	-2141	547	1604	
6432	2173	-8625	-2134	520	1622	
6507	2066	-8595	-2126	494	1640	
6583	1959	-8561	-2116	469	1659	
6656	1852	-8528	-2109	440	1676	
6729	1744	-8492	-2101	413	1696	
6802	1635	-8457	-2091	387	1714	
6872	1527	-8420	-2081	360	1731	
6941	1419	-8380	-2071	333	1749	
7009	1310	-8341	-2061	307	1766	
7078	1201	-8299	-2050	280	1782	
7144	1091	-8256	-2039	254	1799	
7209	983	-8213	-2029	226	1815	
7273	874	-8168	-2018	199	1830	
7336	763	-8120	-2005	175	1847	
7400	653	-8073	-1994	148	1862	
7461	544	-8025	-1981	122	1877	
7521	433	-7975	-1968	96	1892	
7580	324	-7924	-1957	71	1907	
7638	214	-7872	-1944	44	1920	
7693	104	-7818	-1930	18	1935	
7748	-6	-7764	-1916	-9	1949	
7802	-117	-7707	-1903	-41	1961	
7854	-226	-7650	-1887	-76	1974	
7907	-336	-7592	-1874	-114	1986	
7957	-446	-7532	-1859	-146	1999	
8007	-556	-7473	-1843	-170	2013	
8055	-666	-7412	-1830	-193	2025	
8102	-775	-7348	-1812	-214	2036	
8148	-885	-7284	-1796	-242	2046	
8192	-994	-7219	-1781	-273	2057	
8235	-1103	-7154	-1764	-301	2068	
8278	-1212	-7087	-1747	-328	2079	
8319	-1320	-7019	-1730	-354	2089	
8359	-1430	-6948	-1713	-382	2098	
8396	-1538	-6879	-1695	-408	2108	
8434	-1646	-6809	-1677	-435	2117	
8469	-1754	-6735	-1658	-462	2126	
8503	-1861	-6662	-1641	-490	2134	
8537	-1969	-6588	-1622	-515	2143	
8568	-2076	-6512	-1603	-542	2151	
8598	-2182	-6435	-1584	-569	2157	
8629	-2289	-6359	-1564	-595	2165	
8657	-2395	-6282	-1545	-622	2172	
8684	-2501	-6202	-1526	-649	2179	
8709	-2607	-6121	-1506	-676	2184	
8733	-2711	-6040	-1486	-701	2189	
8757	-2816	-5959	-1465	-728	2195	
8777	-2920	-5877	-1445	-754	2200	
8797	-3024	-5793	-1423	-778	2205	
8816	-3128	-5708	-1403	-805	2210	
8833	-3230	-5623	-1382	-831	2215	
8850	-3332	-5537	-1360	-858	2218	
8864	-3434	-5449	-1339	-881	2221	
8878	-3535	-5361	-1317	-906	2224	
8889	-3637	-5273	-1295	-932	2226	
8900	-3737	-5183	-1274	-958	2229	
8910	-3836	-5092	-1250	-983	2232	
8917	-3934	-5002	-1227	-1007	2234	
8924	-4033	-4910	-1204	-1032	2235	
8930	-4131	-4817	-1180	-1055	2237	
8934	-4228	-4725	-1157	-1079	2238	
8937	-4326	-4630	-1134	-1103	2239	
8938	-4421	-4535	-1110	-1127	2239	
8938	-4517	-4440	-1088	-1151	2237	
8936	-4611	-4343	-1063	-1175	2238	
8933	-4704	-4247	-1038	-1199	2237	
8929	-4798	-4149	-1015	-1222	2234	
8925	-4890	-4051	-990	-1245	2234	
8918	-4983	-3953	-965	-1268	2231	
8909	-5073	-3853	-942	-1290	2229	
8900	-5163	-3754	-918	-1313	2228	
8889	-5253	-3653	-891	-1334	2225	
8878	-5341	-3552	-867	-1358	2221	
8865	-5429	-3450	-842	-1379	2218	
8849	-5517	-3349	-816	-1401	2213	
8833	-5603	-3246	-790	-1421	2209	
8816	-5688	-3143	-765	-1442	2205	
8799	-5773	-3039	-741	-1465	2200	
8777	-5856	-2935	-715	-1484	2195	
8755	-5938	-2832	-688	-1504	2189	
8731	-6021	-2726	-663	-1525	2183	
8708	-6102	-2621	-636	-1546	2177	
8683	-6182	-2516	-610	-1564	2171	
8655	-6261	-2410	-584	-1584	2164	
8627	-6339	-2303	-558	-1604	2156	
8599	-6417	-2196	-531	-1623	2148	
8570	-6493	-2089	-506	-1642	2141	
8537	-6567	-1981	-478	-1661	2134	
8504	-6642	-1875	-452	-1679	2125	
8471	-6715	-1767	-426	-1697	2116	
8433	-6787	-1658	-397	-1716	2108	
8396	-6859	-1550	-372	-1732	2097	
8358	-6929	-1441	-345	-1749	2087	
8318	-6997	-1332	-317	-1767	2079	
8277	-7066	-1223	-291	-1784	2067	
8234	-7133	-1114	-266	-1800	2055	
8191	-7199	-1006	-239	-1817	2045	
8148	-7264	-895	-211	-1834	2034	
8103	-7327	-786	-185	-1849	2023	
8056	-7391	-677	-158	-1864	2011	
8007	-7453	-566	-132	-1880	1999	
7957	-7512	-456	-106	-1894	1987	
7908	-7571	-347	-80	-1910	1973	
7856	-7628	-236	-55	-1925	1958	
7802	-7686	-125	-28	-1936	1947	
7746	-7742	-15	-2	-1951	1933	
7692	-7796	95	22	-1966	1917	
7637	-7851	205	49	-1978	1903	
7578	-7903	316	80	-1991	1891	
7519	-7953	427	112	-2004	1875	
7459	-8003	535	144	-2016	1860	
7400	-8052	646	177	-2027	1846	
7339	-8099	754	204	-2040	1829	
7273	-8145	864	230	-2051	1814	
7209	-8190	974	255	-2061	1798	
7143	-8233	1083	280	-2072	1781	
7078	-8277	1192	307	-2082	1764	
7011	-8318	1301	335	-2092	1746	
6941	-8358	1410	365	-2102	1731	
6871	-8397	1518	392	-2112	1713	
6800	-8434	1628	417	-2121	1694	
6729	-8471	1735	443	-2131	1677	
6656	-8506	1844	470	-2139	1658	
6582	-8539	1952	497	-2147	1639	
6509	-8573	2058	523	-2155	1620	
6433	-8604	2167	549	-2162	1601	
6357	-8633	2274	576	-2170	1582	
6279	-8662	2380	603	-2176	1563	
6200	-8689	2486	628	-2184	1542	
6119	-8715	2592	655	-2189	1523	
6039	-8740	2697	682	-2194	1503	
5958	-8763	2801	706	-2202	1481	
5875	-8784	2906	733	-2207	1462	
5793	-8805	3009	760	-2211	1441	
5709	-8824	3113	785	-2215	1420	
5623	-8842	3217	810	-2220	1399	
5538	-8859	3318	836	-2224	1378	
5452	-8875	3421	860	-2227	1356	
5365	-8888	3523	886	-2232	1334	
5277	-8900	3624	911	-2234	1312	
5188	-8912	3724	936	-2236	1288	
5098	-8922	3825	962	-2238	1267	
5005	-8930	3925	986	-2239	1244	
4915	-8938	4023	1010	-2241	1221	
4824	-8943	4120	1035	-2242	1198	
4731	-8948	4218	1058	-2244	1173	
4638	-8952	4316	1082	-2245	1151	
4543	-8953	4413	1105	-2246	1128	
4448	-8954	4507	1129	-2246	1104	
4353	-8953	4603	1152	-2245	1080	
4258	-8950	4697	1176	-2244	1055	
4160	-8947	4790	1200	-2244	1031	
4062	-8942	4884	1222	-2242	1007	
3966	-8935	4975	1245	-2240	983	
3866	-8928	5067	1266	-2239	957	
3767	-8918	5158	1289	-2235	933	
3668	-8909	5246	1312	-2232	907	
3565	-8897	5336	1333	-2229	883	
3464	-8883	5424	1356	-2225	858	
3364	-8870	5511	1378	-2222	832	
3262	-8854	5598	1399	-2218	808	
3159	-8836	5684	1419	-2214	782	
3056	-8818	5769	1441	-2209	755	
2952	-8798	5853	1461	-2204	729	
2849	-8777	5937	1481	-2198	704	
2745	-8755	6019	1502	-2192	678	
2639	-8731	6099	1522	-2186	652	
2534	-8706	6181	1543	-2178	627	
2428	-8681	6260	1561	-2172	599	
2323	-8653	6338	1581	-2164	574	
2218	-8624	6416	1602	-2156	547	
2110	-8595	6492	1619	-2150	520	
2005	-8562	6567	1637	-2143	493	
1896	-8529	6642	1656	-2134	466	
1788	-8496	6716	1673	-2125	439	
1682	-8460	6788	1691	-2116	412	
1572	-8424	6860	1708	-2107	387	
1465	-8387	6932	1725	-2098	359	
1357	-8346	7000	1743	-2087	332	
1247	-8305	7069	1759	-2077	306	
1138	-8265	7136	1775	-2067	278	
1029	-8222	7203	1794	-2055	252	
918	-8177	7269	1808	-2045	224	
809	-8131	7332	1823	-2034	198	
700	-8086	7395	1840	-2021	173	
591	-8038	7457	1854	-2010	147	
481	-7989	7518	1870	-1998	121	
371	-7939	7577	1885	-1984	96	
262	-7887	7637	1899	-1970	71	
152	-7834	7694	1913	-1958	47	
43	-7780	7749	1928	-1944	22	
-67	-7726	7806	1941	-1930	-4	
-177	-7670	7859	1954	-1915	-34	
-286	-7612	7911	1967	-1900	-73	
-396	-7554	7963	1979	-1886	-117	
-507	-7495	8013	1992	-1870	-154	
-617	-7434	8063	2004	-1855	-177	
-725	-7371	8111	2015	-1841	-194	
-834	-7308	8158	2027	-1825	-213	
-944	-7244	8204	2038	-1808	-239	
-1055	-7180	8247	2048	-1792	-271	
-1164	-7114	8290	2059	-1775	-301	
-1273	-7046	8333	2070	-1758	-327	
-1381	-6977	8373	2079	-1741	-353	
-1489	-6907	8412	2090	-1723	-379	
-1597	-6837	8450	2097	-1706	-408	
-1704	-6766	8486	2107	-1688	-435	
-1812	-6694	8523	2117	-1668	-462	
-1919	-6621	8557	2123	-1651	-489	
-2025	-6545	8589	2131	-1632	-514	
-2131	-6470	8621	2139	-1613	-540	
-2237	-6394	8651	2146	-1595	-568	
-2345	-6316	8680	2153	-1575	-594	
-2450	-6239	8707	2161	-1555	-620	
-2555	-6158	8733	2166	-1535	-647	
-2661	-6077	8758	2172	-1514	-672	
-2766	-5997	8782	2178	-1494	-699	
-2871	-5915	8804	2183	-1473	-726	
-2973	-5832	8825	2190	-1451	-750	
-3076	-5749	8846	2194	-1431	-778	
-3180	-5664	8864	2198	-1409	-802	
-3284	-5578	8881	2204	-1387	-826	
-3385	-5491	8897	2206	-1366	-853	
-3486	-5404	8911	2208	-1345	-879	
