-3148	-5690	8859	2197	-1418	-795	
-3251	-5604	8876	2200	-1395	-821	
-3353	-5517	8892	2204	-1374	-846	
-3455	-5430	8906	2208	-1351	-871	
-3556	-5343	8920	2211	-1329	-896	
-3658	-5255	8933	2214	-1308	-922	
-3758	-5166	8944	2217	-1285	-947	
-3855	-5075	8953	2219	-1262	-971	
-3955	-4984	8961	2220	-1239	-996	
-4054	-4893	8967	2221	-1216	-1020	
-4151	-4801	8973	2223	-1193	-1045	
-4249	-4707	8977	2224	-1169	-1069	
-4345	-4614	8979	2224	-1146	-1092	
-4443	-4519	8981	2224	-1122	-1116	
-4536	-4423	8980	2224	-1099	-1140	
-4630	-4327	8979	2225	-1074	-1162	
-4725	-4231	8976	2223	-1050	-1188	
-4818	-4134	8972	2223	-1025	-1211	
-4909	-4036	8967	2221	-1001	-1232	
-5001	-3937	8959	2218	-978	-1257	
-5092	-3837	8952	2216	-952	-1279	
-5181	-3737	8944	2213	-927	-1301	
-5271	-3638	8932	2210	-902	-1324	
-5359	-3537	8919	2207	-877	-1345	
-5446	-3436	8906	2203	-851	-1367	
-5534	-3334	8891	2199	-826	-1389	
-5619	-3231	8874	2195	-801	-1410	
-5704	-3128	8857	2191	-775	-1432	
-5791	-3025	8839	2185	-749	-1454	
-5873	-2921	8818	2182	-722	-1474	
-5955	-2817	8797	2176	-696	-1494	
-6037	-2713	8773	2170	-671	-1515	
-6118	-2608	8749	2163	-645	-1534	
-6198	-2502	8724	2157	-617	-1554	
-6275	-2396	8698	2150	-591	-1572	
-6355	-2290	8669	2142	-565	-1592	
-6434	-2183	8639	2136	-538	-1613	
-6509	-2077	8610	2128	-512	-1631	
-6583	-1969	8578	2120	-485	-1649	
-6656	-1862	8544	2111	-459	-1668	
-6730	-1754	8509	2102	-432	-1685	
-6803	-1646	8474	2095	-404	-1702	
-6873	-1538	8438	2085	-377	-1721	
-6943	-1429	8399	2075	-350	-1738	
-7011	-1321	8358	2066	-323	-1754	
-7079	-1212	8317	2054	-297	-1772	
-7147	-1104	8276	2043	-270	-1789	
-7212	-994	8232	2032	-243	-1804	
-7276	-884	8187	2021	-216	-1821	
-7340	-775	8142	2011	-189	-1837	
-7403	-665	8095	1999	-163	-1852	
-7465	-555	8046	1986	-137	-1867	
-7525	-446	7997	1975	-110	-1881	
-7585	-336	7945	1960	-84	-1897	
-7641	-226	7893	1948	-58	-1911	
-7698	-116	7840	1935	-33	-1925	
-7753	-6	7785	1921	-8	-1939	
-7809	103	7730	1907	17	-1953	
-7864	214	7674	1893	45	-1966	
-7914	324	7616	1879	74	-1978	
-7966	434	7558	1864	107	-1991	
-8015	544	7497	1849	142	-2003	
-8063	654	7435	1833	177	-2014	
-8109	764	7373	1817	206	-2026	
-8156	873	7310	1801	230	-2039	
-8202	982	7245	1785	252	-2050	
-8246	1092	7180	1768	277	-2060	
-8288	1200	7114	1753	306	-2070	
-8329	1309	7045	1737	335	-2080	
-8370	1419	6976	1718	361	-2090	
-8407	1527	6906	1702	389	-2100	
-8444	1635	6835	1684	416	-2109	
-8481	1744	6764	1665	442	-2117	
-8517	1851	6691	1647	470	-2126	
-8551	1959	6616	1628	496	-2136	
-8583	2066	6541	1609	524	-2141	
-8614	2172	6466	1591	551	-2149	
-8644	2279	6389	1571	576	-2157	
-8671	2386	6310	1552	603	-2163	
-8697	2492	6231	1534	630	-2170	
-8724	2597	6152	1512	656	-2177	
-8750	2701	6072	1493	684	-2182	
-8772	2807	5990	1473	710	-2187	
-8793	2912	5907	1451	735	-2192	
-8814	3015	5824	1431	760	-2198	
-8832	3118	5740	1409	785	-2202	
-8850	3222	5653	1388	812	-2207	
-8868	3325	5568	1368	839	-2211	
-8882	3425	5481	1346	864	-2214	
-8897	3528	5393	1323	889	-2218	
-8909	3628	5305	1302	914	-2219	
-8920	3728	5215	1280	938	-2223	
-8932	3829	5126	1257	962	-2226	
-8939	3928	5035	1235	989	-2227	
-8945	4027	4943	1210	1012	-2231	
-8953	4124	4851	1186	1036	-2232	
-8956	4220	4758	1165	1062	-2232	
-8960	4318	4664	1142	1085	-2232	
-8961	4415	4569	1118	1108	-2232	
-8962	4510	4474	1095	1133	-2232	
-8961	4604	4379	1071	1157	-2232	
-8959	4699	4281	1047	1180	-2232	
-8955	4792	4184	1023	1204	-2230	
-8949	4885	4087	997	1226	-2230	
-8944	4976	3988	974	1249	-2226	
-8936	5067	3889	950	1273	-2224	
-8927	5158	3789	925	1295	-2223	
-8917	5248	3689	900	1318	-2220	
-8904	5337	3588	874	1340	-2217	
-8891	5424	3486	850	1361	-2213	
-8877	5512	3384	824	1382	-2210	
-8861	5599	3282	799	1405	-2206	
-8844	5684	3180	774	1425	-2202	
-8827	5769	3077	749	1446	-2196	
-8807	5853	2973	724	1467	-2190	
-8786	5937	2869	696	1487	-2185	
-8764	6018	2765	671	1509	-2180	
-8739	6099	2660	644	1528	-2175	
-8713	6179	2555	618	1548	-2166	
-8688	6259	2450	594	1568	-2160	
-8659	6338	2343	566	1588	-2154	
-8631	6414	2236	539	1607	-2145	
-8602	6492	2128	514	1625	-2137	
-8571	6566	2020	488	1643	-2129	
-8537	6641	1913	461	1662	-2122	
-8501	6716	1805	434	1681	-2113	
-8467	6787	1697	408	1699	-2104	
-8430	6859	1588	381	1716	-2094	
-8393	6929	1479	354	1734	-2084	
-8354	6998	1371	328	1751	-2075	
-8313	7067	1262	301	1767	-2064	
-8270	7135	1154	275	1786	-2054	
-8229	7201	1044	249	1802	-2043	
-8185	7266	935	222	1817	-2032	
-8140	7330	825	196	1834	-2019	
-8093	7393	715	170	1848	-2008	
-8045	7454	606	143	1864	-1997	
-7997	7515	496	118	1880	-1984	
-7947	7575	386	91	1894	-1971	
-7894	7634	276	66	1908	-1957	
-7841	7691	166	40	1922	-1944	
-7787	7748	54	12	1936	-1931	
-7733	7801	-55	-15	1950	-1917	
-7677	7855	-165	-49	1963	-1902	
-7620	7908	-275	-84	1976	-1890	
-7561	7959	-385	-117	1989	-1874	
-7502	8010	-495	-144	2002	-1859	
-7439	8059	-605	-169	2013	-1845	
-7378	8107	-715	-192	2024	-1828	
-7315	8154	-825	-217	2036	-1813	
-7251	8198	-935	-246	2047	-1797	
-7188	8243	-1044	-274	2057	-1780	
-7121	8286	-1152	-302	2069	-1764	
-7054	8327	-1262	-328	2079	-1747	
-6985	8368	-1371	-355	2088	-1728	
-6916	8406	-1480	-383	2099	-1712	
-6847	8444	-1588	-409	2106	-1696	
-6775	8481	-1696	-435	2117	-1676	
-6701	8516	-1804	-463	2126	-1659	
-6629	8551	-1912	-490	2132	-1640	
-6554	8584	-2019	-515	2142	-1621	
-6480	8616	-2125	-543	2150	-1603	
-6403	8646	-2233	-568	2157	-1582	
-6324	8674	-2340	-596	2163	-1562	
-6246	8702	-2446	-622	2169	-1543	
-6166	8728	-2552	-647	2177	-1523	
-6086	8753	-2658	-674	2183	-1503	
-6005	8777	-2763	-700	2188	-1483	
-5924	8799	-2868	-725	2194	-1462	
-5841	8820	-2972	-751	2200	-1440	
-5757	8840	-3075	-777	2204	-1421	
-5672	8857	-3178	-801	2209	-1399	
-5587	8875	-3282	-827	2212	-1376	
-5501	8890	-3384	-854	2215	-1357	
-5413	8904	-3486	-879	2219	-1334	
-5326	8918	-3588	-903	2222	-1310	
-5237	8930	-3688	-928	2225	-1290	
-5148	8940	-3788	-953	2227	-1267	
-5058	8949	-3887	-978	2228	-1243	
-4966	8957	-3986	-1002	2231	-1222	
-4875	8963	-4084	-1026	2234	-1198	
-4782	8967	-4182	-1051	2233	-1176	
-4689	8970	-4279	-1074	2234	-1152	
-4595	8973	-4376	-1098	2235	-1128	
-4500	8974	-4471	-1122	2234	-1106	
-4405	8974	-4567	-1146	2234	-1080	
-4308	8972	-4661	-1169	2233	-1056	
-4211	8969	-4754	-1192	2232	-1033	
-4114	8964	-4849	-1216	2231	-1009	
-4016	8958	-4941	-1238	2230	-984	
-3918	8951	-5032	-1260	2227	-960	
-3820	8942	-5124	-1282	2225	-935	
-3719	8933	-5213	-1305	2223	-909	
-3619	8921	-5303	-1327	2220	-884	
-3517	8909	-5391	-1348	2217	-858	
-3416	8894	-5479	-1371	2212	-834	
-3316	8879	-5566	-1392	2209	-809	
-3213	8863	-5652	-1413	2204	-783	
-3110	8845	-5736	-1433	2199	-757	
-3007	8826	-5820	-1455	2194	-731	
-2903	8805	-5904	-1477	2188	-705	
-2798	8783	-5986	-1495	2183	-679	
-2692	8760	-6068	-1517	2177	-654	
-2586	8736	-6150	-1536	2171	-627	
-2481	8710	-6230	-1554	2164	-600	
-2375	8682	-6308	-1574	2157	-574	
-2270	8654	-6386	-1594	2150	-548	
-2164	8624	-6462	-1613	2142	-521	
-2057	8592	-6538	-1631	2135	-494	
-1952	8560	-6614	-1648	2128	-468	
-1844	8526	-6688	-1666	2118	-440	
-1737	8491	-6761	-1686	2108	-415	
-1630	8455	-6832	-1703	2099	-388	
-1521	8417	-6904	-1721	2089	-360	
-1413	8379	-6973	-1739	2079	-334	
-1304	8339	-7041	-1755	2069	-307	
-1195	8298	-7110	-1772	2059	-280	
-1087	8256	-7177	-1788	2048	-254	
-978	8211	-7242	-1803	2037	-227	
-868	8167	-7307	-1821	2026	-201	
-757	8121	-7370	-1837	2015	-174	
-648	8073	-7432	-1851	2003	-147	
-538	8025	-7494	-1868	1989	-122	
-428	7974	-7553	-1882	1975	-95	
-319	7923	-7612	-1895	1963	-69	
-209	7872	-7671	-1908	1951	-45	
-99	7818	-7727	-1923	1937	-21	
11	7763	-7782	-1937	1923	4	
121	7707	-7837	-1949	1909	30	
230	7650	-7890	-1962	1894	56	
340	7592	-7942	-1975	1881	90	
449	7533	-7993	-1989	1866	130	
560	7473	-8042	-2000	1851	168	
669	7411	-8090	-2011	1835	201	
777	7348	-8138	-2023	1819	223	
888	7284	-8183	-2032	1804	243	
995	7220	-8228	-2044	1787	265	
1105	7154	-8271	-2056	1770	291	
1214	7087	-8313	-2067	1753	322	
1322	7018	-8355	-2076	1735	351	
1433	6949	-8394	-2086	1718	378	
1542	6880	-8433	-2094	1701	405	
1650	6809	-8469	-2104	1682	430	
1758	6736	-8505	-2115	1663	457	
1865	6663	-8540	-2121	1646	484	
1973	6589	-8573	-2130	1626	512	
2080	6514	-8605	-2136	1609	539	
2186	6437	-8636	-2144	1590	564	
2290	6360	-8665	-2152	1569	591	
2395	6282	-8693	-2159	1550	618	
2503	6202	-8720	-2165	1531	645	
2608	6122	-8745	-2170	1510	670	
2712	6042	-8769	-2177	1490	696	
2817	5961	-8793	-2181	1469	723	
2920	5878	-8814	-2187	1448	749	
3024	5794	-8833	-2192	1427	774	
3127	5710	-8853	-2196	1406	800	
3230	5625	-8871	-2201	1383	826	
3333	5538	-8887	-2203	1362	851	
3435	5451	-8901	-2208	1341	876	
3535	5363	-8914	-2211	1319	902	
3635	5274	-8927	-2212	1297	927	
3737	5186	-8938	-2215	1275	952	
3835	5095	-8946	-2219	1252	977	
3934	5004	-8955	-2220	1229	1000	
4034	4913	-8962	-2221	1206	1025	
4131	4821	-8968	-2223	1183	1050	
4227	4727	-8971	-2224	1160	1074	
4324	4633	-8974	-2224	1134	1098	
4419	4538	-8976	-2224	1111	1122	
4514	4443	-8975	-2224	1088	1146	
4610	4348	-8973	-2223	1064	1169	
4704	4250	-8970	-2222	1041	1192	
4795	4153	-8967	-2221	1017	1216	
4887	4056	-8962	-2219	991	1239	
4979	3957	-8954	-2219	966	1261	
5071	3857	-8947	-2216	942	1285	
5160	3758	-8937	-2213	917	1308	
5248	3658	-8926	-2211	892	1329	
5337	3557	-8914	-2207	867	1350	
5425	3455	-8901	-2203	841	1372	
5513	3354	-8885	-2200	815	1394	
5599	3252	-8869	-2196	790	1415	
5684	3149	-8852	-2190	765	1436	
5768	3047	-8832	-2187	738	1457	
5852	2942	-8813	-2181	714	1478	
5934	2838	-8791	-2175	687	1498	
6015	2734	-8767	-2170	661	1519	
6097	2628	-8744	-2163	635	1539	
6176	2524	-8719	-2158	607	1559	
6255	2417	-8692	-2150	581	1579	
6333	2310	-8664	-2143	555	1597	
6408	2203	-8635	-2137	528	1617	
6485	2098	-8603	-2128	502	1637	
6560	1991	-8570	-2120	476	1654	
6633	1883	-8538	-2112	447	1672	
6708	1775	-8503	-2101	422	1692	
6780	1667	-8468	-2092	395	1709	
6851	1559	-8431	-2084	368	1726	
6921	1449	-8391	-2072	343	1745	
6990	1341	-8352	-2062	315	1762	
7059	1233	-8311	-2055	288	1777	
7125	1123	-8270	-2044	261	1794	
7191	1015	-8226	-2032	234	1811	
7255	905	-8180	-2021	208	1827	
7319	795	-8135	-2009	181	1842	
7382	685	-8088	-1999	155	1857	
7443	575	-8039	-1986	130	1873	
7504	465	-7989	-1973	104	1889	
7562	357	-7940	-1962	76	1900	
7620	246	-7888	-1947	52	1916	
7676	136	-7834	-1934	28	1930	
7730	27	-7780	-1921	-2	1941	
7786	-85	-7724	-1907	-32	1957	
7839	-194	-7668	-1891	-65	1972	
7892	-304	-7611	-1878	-103	1984	
7943	-414	-7551	-1863	-138	1996	
7992	-524	-7490	-1847	-165	2009	
8042	-633	-7429	-1833	-186	2021	
8089	-743	-7366	-1818	-207	2032	
8135	-853	-7303	-1802	-234	2043	
8179	-961	-7239	-1785	-264	2055	
8222	-1072	-7173	-1766	-291	2066	
8267	-1181	-7108	-1752	-319	2075	
8307	-1289	-7039	-1734	-346	2087	
8347	-1399	-6969	-1716	-372	2096	
8386	-1507	-6900	-1701	-401	2105	
8423	-1614	-6829	-1682	-428	2115	
8459	-1722	-6758	-1665	-454	2124	
8494	-1829	-6684	-1647	-482	2133	
8527	-1936	-6610	-1629	-509	2140	
8559	-2045	-6536	-1610	-534	2148	
8589	-2152	-6459	-1590	-562	2155	
8620	-2258	-6382	-1571	-588	2162	
8648	-2364	-6305	-1551	-615	2170	
8676	-2470	-6226	-1532	-641	2176	
8702	-2575	-6145	-1512	-666	2181	
8725	-2681	-6065	-1491	-693	2187	
8750	-2785	-5983	-1472	-719	2194	
8771	-2890	-5900	-1452	-747	2199	
8789	-2995	-5817	-1430	-773	2204	
8809	-3097	-5733	-1409	-798	2209	
8828	-3199	-5649	-1389	-825	2213	
8846	-3302	-5561	-1367	-850	2217	
8861	-3405	-5475	-1345	-875	2220	
8874	-3506	-5388	-1324	-900	2223	
8886	-3607	-5299	-1301	-925	2226	
8897	-3707	-5210	-1279	-951	2229	
8908	-3806	-5119	-1257	-975	2231	
8916	-3906	-5029	-1234	-998	2233	
8922	-4005	-4937	-1211	-1023	2235	
8928	-4102	-4844	-1188	-1049	2236	
8932	-4201	-4751	-1164	-1071	2239	
8935	-4297	-4657	-1141	-1096	2238	
8937	-4394	-4562	-1118	-1120	2238	
8937	-4489	-4467	-1094	-1144	2239	
8937	-4582	-4372	-1071	-1168	2237	
8936	-4678	-4275	-1046	-1191	2237	
8932	-4771	-4178	-1022	-1215	2236	
8927	-4863	-4079	-998	-1238	2234	
8920	-4957	-3981	-973	-1260	2233	
8912	-5046	-3883	-948	-1282	2231	
8904	-5137	-3782	-924	-1305	2229	
8893	-5227	-3682	-898	-1327	2226	
8881	-5315	-3582	-873	-1350	2223	
8869	-5403	-3480	-849	-1372	2220	
8855	-5491	-3378	-824	-1393	2216	
8839	-5578	-3277	-798	-1416	2211	
8821	-5663	-3173	-772	-1436	2207	
8803	-5748	-3069	-747	-1457	2202	
8783	-5832	-2966	-721	-1478	2197	
8761	-5915	-2861	-696	-1498	2191	
8739	-5997	-2756	-670	-1520	2186	
8714	-6078	-2651	-645	-1540	2179	
8690	-6159	-2547	-618	-1560	2172	
8664	-6238	-2441	-591	-1578	2166	
8637	-6316	-2334	-567	-1598	2157	
8608	-6393	-2227	-540	-1618	2151	
8577	-6470	-2120	-513	-1637	2144	
8545	-6545	-2012	-485	-1655	2135	
8513	-6620	-1905	-459	-1673	2127	
8480	-6694	-1799	-434	-1692	2118	
8445	-6766	-1691	-406	-1710	2108	
8408	-6838	-1583	-379	-1727	2100	
8370	-6909	-1473	-353	-1745	2091	
8330	-6977	-1364	-326	-1762	2080	
8289	-7046	-1255	-299	-1779	2071	
8248	-7114	-1146	-272	-1795	2060	
8206	-7179	-1037	-246	-1811	2048	
8161	-7244	-928	-218	-1827	2038	
8114	-7309	-818	-192	-1843	2026	
8069	-7373	-708	-166	-1860	2015	
8021	-7433	-598	-139	-1875	2002	
7971	-7493	-489	-113	-1889	1989	
7922	-7554	-379	-87	-1905	1976	
7870	-7612	-268	-61	-1919	1964	
7818	-7670	-157	-37	-1933	1950	
7764	-7726	-48	-10	-1947	1936	
7709	-7780	62	16	-1962	1923	
7654	-7834	172	41	-1975	1908	
7596	-7887	282	71	-1986	1895	
7538	-7939	392	102	-2000	1880	
7477	-7989	502	133	-2013	1864	
7417	-8038	612	167	-2024	1850	
7356	-8086	721	197	-2035	1835	
7292	-8132	831	222	-2047	1818	
7229	-8178	942	247	-2058	1801	
7163	-8222	1052	272	-2068	1785	
7096	-8264	1160	299	-2080	1769	
7029	-8306	1269	327	-2090	1752	
6961	-8347	1379	354	-2099	1734	
6892	-8386	1487	382	-2109	1718	
6822	-8424	1595	410	-2118	1700	
6752	-8460	1705	435	-2127	1680	
6677	-8496	1812	463	-2136	1663	
6604	-8530	1921	490	-2145	1645	
6531	-8562	2028	516	-2153	1626	
6454	-8595	2135	542	-2162	1607	
6379	-8626	2242	568	-2168	1588	
6301	-8653	2349	595	-2175	1568	
6224	-8681	2455	622	-2182	1549	
6143	-8708	2560	648	-2187	1529	
6063	-8732	2666	674	-2194	1508	
5982	-8756	2771	699	-2199	1488	
5900	-8778	2876	725	-2205	1467	
5817	-8799	2979	751	-2210	1447	
5732	-8818	3082	777	-2213	1425	
5650	-8836	3186	803	-2218	1404	
5565	-8854	3288	828	-2223	1384	
5477	-8870	3392	853	-2227	1361	
5390	-8885	3494	878	-2230	1340	
5301	-8897	3594	903	-2233	1317	
5213	-8909	3695	929	-2237	1295	
5123	-8920	3796	953	-2238	1272	
5033	-8928	3896	977	-2240	1249	
4943	-8935	3994	1003	-2242	1227	
4851	-8942	4093	1026	-2244	1204	
4758	-8947	4190	1050	-2246	1182	
4665	-8950	4287	1074	-2244	1158	
4570	-8952	4384	1099	-2245	1134	
4475	-8954	4480	1121	-2246	1110	
4380	-8954	4575	1145	-2245	1087	
4284	-8951	4669	1168	-2246	1061	
4188	-8949	4762	1190	-2245	1036	
4090	-8944	4856	1214	-2243	1014	
3992	-8937	4948	1238	-2241	990	
3894	-8930	5040	1261	-2239	965	
3794	-8921	5131	1282	-2235	940	
3695	-8912	5221	1305	-2233	915	
3594	-8901	5311	1328	-2230	891	
3494	-8888	5398	1349	-2226	866	
3392	-8873	5486	1370	-2222	840	
3290	-8859	5574	1391	-2218	814	
3189	-8842	5659	1415	-2213	789	
3087	-8824	5744	1434	-2211	763	
2982	-8805	5828	1455	-2206	737	
2878	-8784	5912	1475	-2199	712	
2775	-8762	5994	1496	-2194	685	
2670	-8739	6076	1517	-2188	658	
2565	-8715	6157	1536	-2182	633	
2459	-8688	6237	1556	-2176	607	
2354	-8661	6315	1575	-2167	580	
2247	-8633	6392	1594	-2161	555	
2140	-8603	6470	1611	-2154	527	
2034	-8571	6546	1632	-2143	501	
1928	-8539	6621	1649	-2136	474	
1821	-8506	6695	1665	-2129	446	
1713	-8470	6767	1686	-2119	422	
1605	-8434	6840	1705	-2109	394	
1495	-8397	6911	1721	-2101	367	
1386	-8358	6981	1739	-2090	341	
1279	-8318	7050	1755	-2081	314	
1171	-8277	7117	1772	-2070	287	
1061	-8234	7183	1789	-2058	261	
952	-8190	7250	1804	-2048	234	
842	-8146	7314	1821	-2036	207	
731	-8099	7377	1837	-2024	182	
623	-8052	7440	1852	-2012	155	
514	-8003	7500	1867	-1998	129	
403	-7953	7560	1881	-1987	105	
295	-7902	7619	1895	-1974	79	
185	-7850	7678	1909	-1963	55	
74	-7796	7734	1924	-1948	30	
-37	-7742	7789	1937	-1933	4	
-147	-7686	7843	1950	-1921	-24	
-255	-7628	7897	1963	-1905	-60	
-365	-7572	7949	1975	-1891	-103	
-475	-7513	8000	1987	-1876	-143	
-584	-7452	8048	2000	-1860	-171	
-693	-7390	8096	2012	-1844	-189	
-803	-7327	8144	2024	-1827	-204	
-913	-7263	8190	2035	-1812	-231	
-1022	-7199	8235	2045	-1796	-262	
-1131	-7133	8278	2057	-1780	-291	
-1240	-7066	8320	2067	-1763	-319	
-1348	-6998	8361	2075	-1746	-345	
-1457	-6928	8401	2086	-1729	-372	
-1566	-6858	8439	2095	-1710	-399	
-1674	-6787	8475	2105	-1692	-427	
-1781	-6716	8512	2114	-1674	-453	
-1888	-6642	8546	2121	-1656	-480	
-1995	-6568	8580	2129	-1638	-507	
-2101	-6492	8612	2138	-1619	-534	
-2206	-6415	8642	2144	-1598	-561	
-2314	-6339	8671	2151	-1580	-586	
-2419	-6261	8700	2159	-1561	-613	
-2524	-6182	8727	2164	-1541	-640	
-2631	-6102	8752	2171	-1521	-666	
-2734	-6021	8776	2177	-1500	-691	
-2839	-5939	8798	2182	-1479	-718	
-2943	-5856	8820	2188	-1457	-744	
-3046	-5773	8840	2192	-1437	-770	
-3149	-5689	8858	2197	-1416	-796	
-3253	-5603	8877	2201	-1395	-821	
-3356	-5517	8892	2204	-1373	-847	
-3456	-5430	8907	2208	-1350	-872	
-3558	-5342	8921	2212	-1329	-896	
-3658	-5253	8932	2214	-1307	-922	
-3758	-5164	8943	2215	-1285	-947	
-3858	-5075	8953	2218	-1263	-972	
-3956	-4985	8961	2221	-1239	-996	
-4057	-4892	8968	2222	-1216	-1021	
-4154	-4799	8972	2223	-1192	-1045	
-4250	-4706	8976	2224	-1170	-1069	
-4346	-4612	8980	2224	-1146	-1094	
-4442	-4517	8982	2223	-1122	-1117	
-4537	-4423	8981	2224	-1098	-1140	
-4631	-4327	8980	2223	-1074	-1164	
-4726	-4230	8977	2223	-1049	-1187	
-4817	-4132	8973	2222	-1024	-1212	
-4910	-4035	8967	2219	-1002	-1234	
-5002	-3935	8960	2218	-976	-1256	
-5092	-3836	8952	2215	-951	-1279	
-5182	-3737	8942	2213	-928	-1301	
-5271	-3636	8931	2210	-902	-1324	
-5361	-3535	8919	2208	-877	-1346	
-5449	-3434	8906	2204	-851	-1368	
-5536	-3332	8891	2200	-826	-1389	
-5622	-3231	8875	2196	-800	-1410	
-5705	-3127	8857	2191	-774	-1431	
-5790	-3023	8837	2187	-748	-1453	
-5875	-2919	8818	2182	-722	-1474	
-5956	-2815	8797	2177	-696	-1493	
-6038	-2710	8773	2171	-669	-1513	
-6120	-2606	8749	2162	-643	-1533	
-6200	-2501	8725	2157	-618	-1554	
-6279	-2395	8698	2151	-591	-1573	
-6356	-2288	8668	2142	-565	-1593	
-6432	-2182	8640	2137	-538	-1611	
-6509	-2075	8610	2129	-511	-1630	
-6583	-1968	8576	2119	-486	-1649	
-6656	-1861	8543	2112	-458	-1667	
-6731	-1752	8509	2102	-432	-1686	
-6804	-1645	8473	2094	-405	-1704	
-6873	-1537	8436	2084	-376	-1722	
-6944	-1428	8397	2073	-351	-1739	
-7014	-1320	8358	2065	-325	-1755	
-7080	-1210	8317	2054	-297	-1772	
-7147	-1101	8275	2044	-269	-1788	
-7214	-993	8231	2033	-243	-1805	
-7279	-883	8186	2021	-216	-1821	
-7342	-773	8141	2010	-189	-1837	
-7405	-664	8093	1998	-163	-1852	
-7466	-554	8045	1986	-136	-1867	
-7526	-444	7996	1973	-109	-1882	
-7585	-335	7944	1961	-83	-1896	
-7643	-224	7893	1948	-58	-1911	
-7700	-114	7840	1934	-31	-1925	
-7756	-4	7785	1920	-6	-1939	
-7809	107	7730	1907	18	-1952	
-7863	215	7673	1893	45	-1964	
-7916	326	7615	1879	74	-1978	
-7965	436	7556	1864	108	-1990	
-8014	545	7496	1848	143	-2002	
-8062	656	7434	1833	178	-2015	
-8111	765	7372	1818	206	-2026	
-8157	874	7308	1801	230	-2038	
-8202	984	7244	1785	254	-2049	
-8246	1095	7179	1770	278	-2059	
-8288	1203	7112	1752	306	-2070	
-8330	1311	7045	1736	335	-2080	
-8369	1420	6975	1719	363	-2089	
-8409	1528	6906	1700	390	-2099	
-8447	1638	6835	1682	416	-2109	
-8482	1745	6762	1665	444	-2118	
-8518	1853	6689	1646	470	-2125	
-8550	1961	6616	1628	497	-2134	
-8581	2068	6541	1610	524	-2142	
-8613	2175	6464	1590	550	-2148	
-8643	2281	6387	1570	577	-2157	
-8670	2387	6310	1551	603	-2164	
-8698	2494	6230	1531	629	-2170	
-8724	2599	6150	1512	658	-2176	
-8749	2703	6070	1494	683	-2182	
-8772	2808	5989	1472	708	-2188	
-8794	2913	5906	1451	735	-2193	
-8814	3017	5823	1430	761	-2197	
-8833	3120	5738	1408	787	-2203	
-8852	3223	5653	1389	813	-2207	
-8868	3325	5567	1367	839	-2211	
-8884	3427	5480	1345	864	-2215	
-8898	3528	5392	1324	890	-2218	
-8910	3629	5304	1301	914	-2221	
-8920	3731	5214	1279	940	-2222	
-8929	3830	5124	1257	965	-2225	
-8939	3929	5034	1234	989	-2228	
-8946	4027	4942	1212	1014	-2229	
-8952	4125	4849	1189	1038	-2230	
-8957	4223	4756	1164	1061	-2231	
-8961	4320	4662	1141	1086	-2232	
-8962	4415	4568	1118	1110	-2232	
-8961	4511	4473	1094	1133	-2233	
-8960	4606	4376	1071	1157	-2233	
-8958	4699	4280	1047	1180	-2232	
-8954	4793	4182	1022	1204	-2230	
-8949	4886	4085	999	1228	-2228	
-8943	4978	3987	973	1249	-2229	
-8937	5070	3887	949	1271	-2225	
-8926	5160	3788	925	1296	-2222	
-8916	5249	3688	898	1317	-2222	
-8905	5338	3587	874	1338	-2218	
-8892	5426	3485	849	1361	-2213	
-8879	5513	3383	824	1382	-2210	
-8862	5600	3282	798	1403	-2206	
-8845	5686	3179	774	1425	-2201	
-8826	5771	3076	748	1446	-2196	
-8805	5854	2971	722	1467	-2191	
-8784	5937	2867	697	1488	-2186	
-8763	6020	2763	670	1507	-2181	
-8740	6101	2658	645	1529	-2173	
-8714	6180	2553	620	1550	-2167	
-8687	6260	2448	593	1568	-2161	
-8659	6338	2341	568	1588	-2152	
-8631	6415	2235	541	1607	-2146	
-8600	6492	2128	512	1624	-2139	
-8569	6568	2020	487	1643	-2130	
-8537	6643	1911	461	1663	-2122	
-8503	6716	1803	434	1680	-2112	
-8468	6788	1696	408	1699	-2103	
-8431	6860	1587	380	1717	-2095	
-8393	6930	1479	355	1734	-2084	
-8354	7000	1370	327	1751	-2074	
-8312	7068	1261	300	1768	-2065	
-8271	7135	1151	275	1785	-2055	
-8228	7202	1042	248	1802	-2043	
-8183	7268	933	221	1818	-2031	
-8138	7331	823	195	1833	-2021	
-8093	7393	713	168	1849	-2008	
-8044	7455	605	142	1864	-1996	
-7995	7516	494	117	1879	-1984	
-7945	7576	383	92	1893	-1971	
-7892	7635	274	65	1908	-1958	
-7840	7692	164	41	1923	-1944	
-7787	7747	54	13	1935	-1931	
-7732	7802	-56	-17	1949	-1917	
-7676	7856	-167	-50	1962	-1903	
-7618	7909	-277	-84	1977	-1890	
-7561	7961	-387	-118	1989	-1875	
-7502	8010	-497	-146	2000	-1860	
-7439	8059	-608	-168	2014	-1844	
-7377	8107	-717	-192	2025	-1828	
-7316	8153	-825	-217	2036	-1813	
-7252	8199	-935	-245	2048	-1796	
-7187	8244	-1045	-274	2058	-1780	
-7121	8287	-1155	-301	2069	-1763	
-7054	8328	-1263	-327	2079	-1745	
-6986	8368	-1372	-356	2089	-1729	
-6914	8407	-1482	-382	2099	-1711	
-6843	8445	-1589	-407	2109	-1692	
-6773	8482	-1698	-437	2117	-1677	
-6701	8517	-1806	-463	2127	-1658	
-6627	8551	-1913	-488	2135	-1638	
-6551	8584	-2020	-518	2141	-1620	
-6478	8616	-2128	-543	2150	-1602	
-6401	8646	-2234	-569	2157	-1582	
-6323	8674	-2341	-596	2163	-1562	
-6245	8701	-2448	-622	2171	-1543	
-6167	8728	-2555	-646	2177	-1523	
-6087	8753	-2660	-673	2182	-1503	
-6004	8776	-2764	-700	2189	-1482	
-5923	8799	-2870	-727	2193	-1463	
-5841	8820	-2972	-752	2198	-1442	
-5756	8839	-3076	-777	2204	-1420	
-5671	8858	-3180	-803	2207	-1399	
-5586	8875	-3283	-829	2212	-1378	
-5500	8891	-3386	-853	2216	-1355	
-5414	8905	-3486	-879	2218	-1334	
-5325	8917	-3588	-904	2222	-1312	
-5236	8930	-3689	-929	2225	-1289	
-5146	8940	-3788	-955	2227	-1267	
-5055	8949	-3888	-978	2230	-1245	
-4964	8957	-3988	-1002	2231	-1222	
-4873	8963	-4086	-1027	2231	-1199	
-4780	8968	-4183	-1049	2234	-1174	
-4687	8971	-4281	-1073	2236	-1151	
-4593	8973	-4377	-1099	2236	-1128	
-4499	8973	-4473	-1122	2236	-1104	
-4404	8973	-4569	-1146	2235	-1079	
-4307	8972	-4663	-1170	2232	-1056	
-4210	8968	-4757	-1193	2231	-1033	
-4113	8965	-4850	-1216	2231	-1008	
-4016	8959	-4941	-1239	2229	-984	
-3918	8951	-5033	-1260	2228	-959	
-3818	8943	-5125	-1284	2224	-934	
-3718	8933	-5214	-1306	2223	-908	
-3618	8921	-5303	-1327	2219	-884	
-3516	8909	-5393	-1350	2215	-859	
-3414	8894	-5480	-1370	2213	-833	
-3313	8879	-5566	-1392	2208	-808	
-3210	8862	-5653	-1413	2205	-783	
-3108	8845	-5738	-1435	2198	-757	
-3004	8826	-5822	-1455	2194	-731	
-2900	8804	-5905	-1476	2190	-705	
-2796	8783	-5988	-1496	2182	-679	
-2690	8760	-6070	-1515	2177	-652	
-2585	8735	-6150	-1535	2171	-625	
-2481	8709	-6230	-1555	2165	-600	
-2374	8681	-6309	-1575	2157	-574	
-2267	8653	-6387	-1593	2149	-547	
-2163	8624	-6463	-1612	2142	-522	
-2055	8593	-6540	-1632	2135	-495	
-1950	8560	-6615	-1650	2127	-468	
-1843	8526	-6688	-1668	2116	-442	
-1735	8491	-6762	-1686	2109	-413	
-1629	8455	-6833	-1704	2100	-387	
-1521	8418	-6904	-1722	2090	-361	
-1414	8379	-6974	-1739	2081	-334	
-1303	8339	-7043	-1756	2070	-307	
-1192	8298	-7111	-1772	2059	-280	
-1084	8254	-7177	-1789	2048	-254	
-975	8211	-7243	-1805	2037	-227	
-865	8166	-7308	-1821	2026	-199	
-756	8119	-7370	-1836	2016	-173	
-646	8072	-7433	-1851	2003	-147	
-537	8023	-7494	-1865	1990	-120	
-427	7973	-7554	-1880	1978	-94	
-316	7922	-7613	-1896	1963	-70	
-206	7871	-7671	-1909	1950	-45	
-97	7818	-7728	-1924	1938	-19	
13	7762	-7783	-1937	1923	4	
122	7705	-7838	-1950	1909	30	
231	7649	-7890	-1963	1894	58	
341	7592	-7942	-1975	1879	90	
450	7532	-7994	-1987	1866	130	
559	7472	-8043	-2001	1850	167	
669	7409	-8091	-2013	1834	199	
779	7347	-8138	-2023	1820	223	
889	7284	-8184	-2036	1801	241	
999	7219	-8228	-2047	1785	264	
1107	7154	-8273	-2056	1769	292	
1216	7086	-8314	-2066	1752	322	
1325	7017	-8355	-2076	1736	351	
1435	6949	-8395	-2086	1718	378	
1543	6878	-8433	-2096	1700	404	
1652	6807	-8470	-2105	1683	431	
1759	6735	-8506	-2112	1665	458	
1867	6662	-8541	-2121	1646	485	
1974	6588	-8573	-2129	1627	512	
2080	6511	-8606	-2136	1608	539	
2187	6436	-8637	-2144	1589	565	
2293	6359	-8665	-2150	1570	593	
2398	6281	-8694	-2158	1550	618	
2505	6202	-8721	-2165	1529	644	
2610	6122	-8746	-2171	1509	671	
2713	6041	-8769	-2178	1489	696	
2818	5959	-8792	-2181	1468	723	
2922	5877	-8813	-2186	1448	749	
3026	5794	-8834	-2193	1427	775	
3129	5709	-8853	-2197	1406	800	
3231	5623	-8871	-2201	1385	825	
3335	5538	-8886	-2206	1362	851	
3436	5451	-8901	-2208	1341	876	
3536	5362	-8914	-2211	1320	902	
3638	5274	-8926	-2214	1296	926	
3737	5185	-8939	-2217	1274	951	
3837	5094	-8948	-2219	1251	978	
3936	5003	-8955	-2220	1229	1001	
4034	4912	-8962	-2223	1206	1026	
4132	4818	-8967	-2224	1182	1051	
4227	4725	-8972	-2224	1159	1074	
4324	4631	-8974	-2225	1136	1099	
4421	4537	-8975	-2224	1112	1122	
4516	4442	-8976	-2224	1088	1146	
4611	4346	-8974	-2224	1063	1170	
4704	4250	-8971	-2222	1041	1193	
4796	4153	-8967	-2221	1016	1217	
4889	4054	-8961	-2220	990	1239	
4980	3956	-8954	-2218	966	1262	
5070	3857	-8946	-2216	941	1284	
5162	3757	-8937	-2214	915	1307	
5250	3657	-8926	-2211	890	1329	
5339	3556	-8913	-2207	866	1350	
5427	3455	-8900	-2204	841	1373	
5514	3352	-8886	-2200	815	1394	
5601	3251	-8869	-2196	790	1416	
5684	3148	-8851	-2191	764	1437	
5768	3044	-8832	-2185	739	1457	
5852	2941	-8812	-2181	714	1478	
5934	2837	-8791	-2173	688	1499	
6016	2732	-8768	-2168	660	1520	
6098	2628	-8743	-2163	634	1539	
6177	2522	-8718	-2156	608	1559	
6256	2415	-8691	-2151	581	1578	
6333	2309	-8663	-2144	555	1598	
6410	2203	-8633	-2135	529	1618	
6487	2096	-8603	-2128	501	1636	
6563	1989	-8571	-2119	475	1655	
6635	1881	-8537	-2110	449	1674	
6707	1773	-8502	-2103	421	1690	
6781	1666	-8467	-2094	394	1708	
6853	1557	-8430	-2083	369	1726	
6923	1449	-8392	-2075	341	1743	
6991	1341	-8352	-2066	313	1760	
7059	1231	-8311	-2053	288	1778	
7125	1122	-8268	-2043	261	1795	
7192	1013	-8225	-2033	234	1811	
7257	903	-8181	-2021	207	1827	
7320	794	-8134	-2008	181	1843	
7382	683	-8087	-1997	155	1857	
7443	573	-8039	-1986	129	1872	
7504	463	-7990	-1972	102	1887	
7564	354	-7938	-1958	79	1904	
7621	245	-7886	-1947	53	1917	
7678	134	-7834	-1934	26	1930	
7734	24	-7779	-1919	1	1946	
7787	-85	-7724	-1905	-31	1959	
7840	-195	-7668	-1893	-67	1970	
7893	-306	-7609	-1878	-104	1983	
7943	-416	-7550	-1862	-138	1996	
7994	-525	-7490	-1849	-165	2008	
8042	-634	-7429	-1833	-185	2021	
8090	-744	-7366	-1815	-207	2032	
8136	-855	-7303	-1801	-234	2044	
8181	-965	-7238	-1785	-264	2056	
8225	-1073	-7172	-1769	-293	2065	
8266	-1182	-7106	-1751	-319	2077	
8307	-1291	-7038	-1734	-345	2086	
8347	-1399	-6969	-1718	-374	2095	
8385	-1508	-6898	-1700	-401	2106	
8424	-1616	-6828	-1682	-428	2114	
8459	-1723	-6756	-1665	-456	2123	
8494	-1831	-6683	-1647	-482	2133	
8527	-1939	-6610	-1627	-507	2141	
8559	-2046	-6534	-1609	-535	2147	
8591	-2153	-6458	-1589	-562	2156	
8619	-2258	-6381	-1571	-588	2163	
8648	-2366	-6303	-1552	-615	2169	
8676	-2472	-6225	-1531	-642	2177	
8702	-2577	-6145	-1511	-668	2181	
8726	-2683	-6063	-1491	-694	2188	
8748	-2787	-5982	-1471	-721	2195	
8772	-2891	-5899	-1449	-746	2199	
8791	-2994	-5816	-1430	-772	2204	
8810	-3098	-5732	-1410	-798	2209	
8829	-3202	-5647	-1388	-824	2213	
8845	-3304	-5561	-1366	-851	2217	
8861	-3406	-5475	-1344	-876	2221	
8872	-3507	-5386	-1323	-901	2223	
8886	-3608	-5297	-1301	-924	2227	
8897	-3709	-5208	-1278	-950	2230	
8907	-3807	-5117	-1256	-975	2231	
8916	-3907	-5026	-1233	-999	2232	
8923	-4006	-4935	-1209	-1023	2235	
8930	-4104	-4843	-1187	-1048	2236	
8933	-4202	-4750	-1165	-1074	2237	
8936	-4298	-4656	-1141	-1097	2239	
8938	-4396	-4562	-1118	-1121	2238	
8938	-4490	-4467	-1094	-1144	2237	
8938	-4584	-4371	-1070	-1168	2237	
8936	-4679	-4274	-1045	-1192	2236	
8932	-4771	-4176	-1021	-1215	2236	
8928	-4865	-4078	-997	-1238	2235	
8920	-4957	-3980	-974	-1261	2232	
8912	-5048	-3881	-949	-1284	2230	
8903	-5139	-3782	-923	-1306	2228	
8893	-5228	-3681	-899	-1328	2225	
8881	-5316	-3580	-875	-1350	2222	
8868	-5405	-3479	-849	-1372	2220	
8854	-5492	-3377	-823	-1394	2216	
8838	-5579	-3274	-798	-1415	2212	
8821	-5665	-3172	-772	-1436	2207	
8802	-5748	-3068	-747	-1457	2201	
8782	-5832	-2964	-721	-1479	2196	
8761	-5915	-2860	-695	-1499	2191	
8738	-5998	-2756	-670	-1520	2186	
8715	-6079	-2651	-642	-1539	2180	
8689	-6159	-2546	-617	-1559	2173	
8663	-6239	-2440	-591	-1578	2166	
8636	-6317	-2332	-563	-1596	2160	
8608	-6394	-2225	-539	-1617	2152	
8578	-6470	-2118	-513	-1637	2144	
8545	-6546	-2010	-486	-1656	2134	
8513	-6621	-1904	-459	-1674	2127	
8479	-6695	-1796	-434	-1692	2120	
8443	-6767	-1689	-405	-1710	2109	
8407	-6839	-1580	-378	-1729	2100	
8369	-6910	-1472	-352	-1746	2090	
8330	-6978	-1363	-326	-1762	2081	
8289	-7047	-1253	-301	-1781	2069	
8247	-7114	-1145	-271	-1794	2059	
8204	-7180	-1035	-245	-1812	2048	
8159	-7245	-926	-220	-1830	2036	
8115	-7310	-816	-192	-1844	2026	
8067	-7373	-706	-166	-1861	2014	
8019	-7434	-597	-140	-1875	2002	
7971	-7494	-486	-113	-1891	1989	
7922	-7554	-376	-87	-1905	1976	
7871	-7613	-267	-62	-1920	1963	
7817	-7671	-156	-35	-1934	1950	
7765	-7726	-46	-10	-1946	1937	
7709	-7781	64	15	-1961	1923	
7652	-7835	174	42	-1974	1909	
7596	-7888	284	71	-1986	1894	
7537	-7939	394	102	-1999	1879	
7477	-7989	503	135	-2012	1863	
7416	-8039	613	167	-2025	1848	
7355	-8087	722	196	-2036	1834	
7292	-8133	832	223	-2048	1818	
7227	-8179	944	248	-2059	1801	
7162	-8223	1053	274	-2069	1785	
7096	-8265	1161	300	-2079	1769	
7028	-8307	1271	326	-2091	1752	
6959	-8347	1379	356	-2100	1735	
6891	-8386	1489	381	-2110	1717	
6821	-8424	1596	407	-2120	1699	
6750	-8461	1705	436	-2127	1681	
6676	-8496	1814	463	-2136	1662	
6603	-8531	1921	489	-2146	1644	
6530	-8563	2029	515	-2154	1627	
6454	-8594	2136	543	-2161	1607	
6378	-8625	2244	568	-2168	1588	
6300	-8654	2351	595	-2175	1569	
6221	-8682	2457	622	-2182	1548	
6141	-8707	2563	647	-2188	1528	
6061	-8732	2667	675	-2193	1509	
5981	-8757	2772	699	-2199	1488	
5899	-8779	2876	725	-2205	1467	
5816	-8799	2981	752	-2209	1447	
5732	-8819	3085	778	-2214	1426	
5647	-8837	3187	805	-2219	1404	
5562	-8855	3291	829	-2223	1383	
5475	-8870	3393	854	-2227	1361	
5388	-8884	3494	878	-2230	1339	
5300	-8898	3596	903	-2234	1317	
5212	-8909	3697	928	-2236	1295	
5123	-8919	3797	953	-2238	1273	
5032	-8929	3897	978	-2241	1250	
4942	-8936	3996	1002	-2242	1227	
4850	-8942	4094	1026	-2244	1205	
4757	-8947	4191	1051	-2245	1181	
4663	-8950	4287	1075	-2245	1157	
4568	-8952	4385	1099	-2245	1134	
4475	-8953	4481	1122	-2245	1110	
4379	-8953	4576	1145	-2245	1086	
4282	-8951	4670	1169	-2245	1063	
4186	-8948	4764	1192	-2243	1038	
4088	-8943	4857	1216	-2241	1014	
3991	-8937	4950	1239	-2240	990	
3893	-8930	5041	1260	-2238	964	
3793	-8922	5132	1282	-2236	940	
3695	-8911	5222	1305	-2234	915	
3595	-8900	5311	1327	-2230	889	
3493	-8887	5400	1349	-2227	864	
3392	-8873	5488	1371	-2222	839	
3290	-8859	5574	1392	-2218	815	
3187	-8843	5660	1412	-2216	788	
3085	-8824	5745	1434	-2211	763	
2982	-8805	5830	1455	-2206	738	
2878	-8784	5913	1475	-2201	711	
2773	-8762	5995	1496	-2194	684	
2667	-8739	6076	1516	-2187	659	
2563	-8714	6158	1535	-2182	633	
2458	-8689	6238	1555	-2176	607	
2351	-8662	6316	1574	-2168	580	
2246	-8633	6394	1594	-2160	553	
2141	-8603	6471	1614	-2152	528	
2033	-8571	6547	1632	-2145	501	
1926	-8539	6622	1652	-2136	474	
1820	-8506	6695	1670	-2126	449	
1713	-8471	6768	1686	-2120	420	
1603	-8434	6841	1704	-2110	394	
1495	-8396	6912	1721	-2101	367	
1387	-8358	6982	1738	-2091	339	
1278	-8318	7050	1754	-2080	314	
1169	-8277	7118	1772	-2070	288	
1060	-8234	7185	1789	-2059	261	
951	-8189	7250	1805	-2047	234	
841	-8145	7315	1821	-2037	206	
730	-8099	7378	1835	-2025	180	
620	-8051	7440	1851	-2011	155	
512	-8003	7501	1866	-2001	128	
402	-7953	7561	1880	-1988	103	
293	-7901	7621	1896	-1974	79	
183	-7849	7678	1910	-1961	54	
72	-7795	7734	1923	-1947	29	
-38	-7740	7790	1937	-1934	3	
-146	-7685	7844	1951	-1919	-26	
-255	-7628	7897	1963	-1905	-61	
-366	-7571	7950	1976	-1891	-104	
-475	-7512	8001	1988	-1875	-146	
-585	-7450	8049	2001	-1860	-171	
-696	-7389	8097	2014	-1844	-188	
-804	-7326	8145	2025	-1828	-206	
-914	-7262	8191	2036	-1812	-231	
-1023	-7197	8235	2047	-1796	-262	
-1132	-7133	8279	2056	-1780	-292	
-1241	-7065	8321	2066	-1763	-320	
-1350	-6997	8361	2076	-1745	-346	
-1459	-6927	8401	2086	-1729	-373	
-1569	-6857	8440	2096	-1710	-400	
-1676	-6787	8476	2104	-1692	-427	
-1782	-6714	8512	2112	-1674	-453	
-1891	-6641	8548	2122	-1656	-479	
-1996	-6566	8580	2129	-1638	-508	
-2102	-6490	8612	2137	-1618	-534	
-2208	-6415	8642	2145	-1598	-560	
-2314	-6338	8672	2151	-1579	-588	
-2421	-6260	8700	2158	-1560	-614	
-2526	-6180	8727	2165	-1540	-640	
-2631	-6100	8752	2171	-1521	-666	
-2735	-6020	8776	2175	-1501	-692	
-2840	-5938	8799	2182	-1479	-719	
-2945	-5855	8820	2188	-1458	-745	
-3049	-5772	8840	2192	-1437	-770	
