-3224	-5629	8872	2200	-1400	-812	
-3324	-5543	8888	2203	-1380	-839	
-3426	-5456	8902	2207	-1358	-864	
-3527	-5368	8916	2211	-1335	-889	
-3626	-5279	8929	2213	-1313	-913	
-3728	-5191	8940	2214	-1292	-940	
-3828	-5101	8950	2218	-1269	-965	
-3927	-5011	8959	2220	-1246	-990	
-4024	-4920	8966	2221	-1223	-1015	
-4123	-4828	8971	2223	-1200	-1038	
-4222	-4734	8975	2224	-1177	-1062	
-4316	-4641	8979	2224	-1153	-1086	
-4413	-4545	8980	2225	-1130	-1110	
-4508	-4451	8981	2224	-1106	-1134	
-4603	-4356	8980	2224	-1081	-1157	
-4699	-4259	8978	2223	-1056	-1181	
-4790	-4162	8974	2221	-1033	-1205	
-4882	-4064	8969	2221	-1008	-1228	
-4975	-3966	8963	2219	-983	-1249	
-5065	-3866	8955	2216	-959	-1272	
-5156	-3767	8945	2214	-933	-1295	
-5246	-3667	8935	2211	-909	-1317	
-5335	-3565	8924	2208	-884	-1340	
-5422	-3465	8910	2205	-859	-1360	
-5508	-3364	8896	2202	-833	-1383	
-5595	-3261	8880	2197	-808	-1405	
-5681	-3159	8863	2193	-782	-1424	
-5765	-3055	8845	2189	-755	-1446	
-5848	-2951	8825	2183	-729	-1467	
-5930	-2847	8803	2180	-703	-1487	
-6013	-2743	8781	2172	-678	-1507	
-6095	-2638	8758	2165	-653	-1529	
-6174	-2533	8732	2159	-625	-1549	
-6254	-2427	8706	2153	-599	-1567	
-6333	-2320	8678	2146	-573	-1587	
-6410	-2213	8648	2138	-545	-1607	
-6486	-2108	8618	2130	-519	-1625	
-6562	-2000	8587	2123	-493	-1644	
-6636	-1893	8554	2113	-466	-1663	
-6710	-1786	8519	2103	-440	-1681	
-6783	-1677	8484	2096	-412	-1698	
-6852	-1568	8447	2088	-385	-1716	
-6923	-1461	8409	2075	-360	-1734	
-6992	-1353	8369	2067	-332	-1750	
-7061	-1243	8330	2058	-304	-1766	
-7129	-1135	8289	2046	-278	-1784	
-7193	-1025	8245	2036	-251	-1800	
-7258	-916	8200	2025	-224	-1816	
-7321	-807	8154	2013	-197	-1833	
-7384	-697	8107	2001	-170	-1848	
-7448	-587	8059	1989	-143	-1863	
-7506	-477	8011	1976	-117	-1878	
-7567	-367	7960	1965	-91	-1892	
-7626	-257	7908	1953	-65	-1907	
-7683	-148	7856	1938	-39	-1921	
-7740	-38	7802	1927	-14	-1934	
-7794	73	7746	1911	11	-1948	
-7847	183	7690	1896	36	-1962	
-7900	293	7633	1884	65	-1975	
-7951	403	7574	1868	97	-1987	
-8000	512	7514	1853	132	-2000	
-8049	622	7453	1838	168	-2011	
-8096	732	7392	1822	197	-2023	
-8143	841	7329	1808	223	-2034	
-8188	951	7264	1790	245	-2045	
-8231	1061	7199	1773	268	-2058	
-8275	1169	7133	1759	299	-2068	
-8318	1278	7064	1741	327	-2078	
-8357	1388	6996	1723	354	-2087	
-8398	1496	6927	1706	381	-2097	
-8435	1603	6856	1688	408	-2106	
-8470	1712	6785	1670	435	-2115	
-8506	1820	6711	1652	462	-2125	
-8541	1927	6638	1635	490	-2132	
-8575	2035	6563	1615	516	-2140	
-8606	2141	6487	1595	542	-2147	
-8636	2248	6410	1577	569	-2155	
-8664	2354	6333	1558	595	-2162	
-8690	2460	6254	1538	622	-2169	
-8717	2566	6174	1518	648	-2177	
-8742	2671	6094	1498	675	-2182	
-8765	2776	6014	1477	701	-2186	
-8788	2881	5931	1457	727	-2192	
-8809	2985	5848	1436	753	-2198	
-8828	3088	5764	1415	779	-2203	
-8845	3191	5678	1394	804	-2208	
-8863	3294	5593	1373	830	-2211	
-8880	3396	5505	1351	856	-2214	
-8893	3497	5418	1330	881	-2218	
-8905	3598	5331	1307	906	-2221	
-8917	3698	5241	1285	931	-2223	
-8928	3799	5151	1264	956	-2226	
-8937	3899	5061	1240	981	-2228	
-8944	3997	4969	1218	1006	-2229	
-8950	4095	4878	1195	1029	-2230	
-8956	4193	4784	1172	1053	-2233	
-8959	4290	4690	1149	1078	-2233	
-8961	4387	4597	1125	1102	-2234	
-8962	4483	4501	1102	1126	-2233	
-8961	4578	4406	1078	1150	-2232	
-8959	4672	4310	1053	1174	-2232	
-8956	4766	4212	1030	1197	-2230	
-8951	4857	4114	1005	1220	-2228	
-8946	4950	4017	981	1242	-2227	
-8939	5042	3919	957	1265	-2227	
-8929	5132	3818	932	1289	-2223	
-8919	5222	3718	906	1310	-2221	
-8908	5311	3619	882	1332	-2219	
-8895	5400	3516	858	1355	-2213	
-8881	5487	3415	832	1376	-2210	
-8866	5574	3313	807	1398	-2206	
-8850	5660	3209	782	1419	-2201	
-8832	5745	3108	756	1440	-2198	
-8813	5829	3004	730	1461	-2193	
-8792	5913	2900	705	1482	-2187	
-8770	5994	2796	679	1502	-2181	
-8745	6075	2690	653	1523	-2174	
-8722	6157	2585	626	1543	-2169	
-8696	6236	2479	601	1562	-2162	
-8667	6315	2374	576	1583	-2154	
-8639	6393	2267	548	1601	-2147	
-8610	6469	2159	521	1619	-2140	
-8579	6544	2053	495	1639	-2132	
-8546	6620	1944	469	1658	-2124	
-8511	6694	1836	443	1676	-2116	
-8476	6766	1729	416	1693	-2107	
-8441	6838	1621	389	1711	-2097	
-8404	6909	1511	362	1729	-2087	
-8364	6980	1402	334	1746	-2078	
-8324	7049	1294	308	1762	-2068	
-8283	7115	1185	283	1781	-2057	
-8241	7182	1075	256	1797	-2046	
-8198	7247	966	228	1812	-2036	
-8152	7311	856	203	1829	-2024	
-8107	7375	746	177	1844	-2012	
-8060	7437	637	152	1859	-2000	
-8011	7498	528	126	1875	-1988	
-7960	7558	418	99	1890	-1975	
-7909	7617	308	74	1903	-1963	
-7857	7674	197	48	1919	-1949	
-7803	7730	86	21	1932	-1935	
-7749	7786	-23	-7	1946	-1922	
-7694	7841	-134	-38	1959	-1908	
-7636	7893	-244	-74	1971	-1895	
-7578	7945	-353	-108	1986	-1880	
-7519	7995	-463	-138	1998	-1864	
-7459	8044	-573	-163	2009	-1848	
-7397	8092	-683	-186	2021	-1832	
-7333	8139	-793	-209	2033	-1817	
-7270	8186	-902	-237	2044	-1801	
-7206	8230	-1012	-266	2055	-1786	
-7140	8274	-1122	-294	2066	-1768	
-7074	8316	-1231	-321	2076	-1751	
-7006	8356	-1340	-346	2086	-1734	
-6937	8396	-1448	-374	2095	-1717	
-6866	8435	-1557	-401	2105	-1699	
-6795	8472	-1666	-427	2115	-1682	
-6722	8507	-1773	-454	2124	-1664	
-6649	8541	-1880	-481	2131	-1645	
-6576	8575	-1987	-508	2139	-1627	
-6500	8607	-2095	-534	2147	-1607	
-6424	8637	-2203	-561	2154	-1589	
-6346	8666	-2309	-587	2162	-1569	
-6268	8693	-2415	-614	2169	-1549	
-6190	8720	-2522	-640	2175	-1530	
-6110	8746	-2627	-665	2181	-1508	
-6029	8770	-2733	-692	2186	-1489	
-5947	8793	-2837	-718	2192	-1468	
-5865	8814	-2941	-744	2198	-1448	
-5782	8834	-3045	-769	2203	-1428	
-5698	8853	-3148	-796	2207	-1405	
-5612	8870	-3251	-820	2211	-1384	
-5527	8886	-3354	-846	2215	-1363	
-5440	8901	-3456	-872	2218	-1340	
-5352	8914	-3557	-896	2221	-1318	
-5263	8926	-3658	-921	2224	-1296	
-5173	8937	-3758	-946	2228	-1274	
-5083	8947	-3858	-971	2229	-1251	
-4992	8955	-3958	-995	2231	-1228	
-4901	8962	-4056	-1019	2232	-1205	
-4809	8967	-4154	-1043	2233	-1182	
-4717	8970	-4252	-1067	2234	-1158	
-4623	8973	-4348	-1091	2236	-1136	
-4528	8974	-4444	-1114	2235	-1112	
-4433	8973	-4539	-1138	2233	-1088	
-4336	8972	-4635	-1162	2234	-1064	
-4239	8970	-4729	-1186	2233	-1039	
-4142	8966	-4822	-1209	2232	-1016	
-4046	8960	-4914	-1231	2231	-991	
-3948	8954	-5006	-1253	2228	-966	
-3848	8946	-5097	-1277	2226	-942	
-3748	8936	-5188	-1298	2223	-917	
-3648	8925	-5277	-1320	2220	-892	
-3548	8912	-5365	-1344	2217	-866	
-3446	8899	-5453	-1364	2214	-840	
-3343	8884	-5540	-1387	2209	-817	
-3241	8868	-5627	-1409	2204	-792	
-3139	8850	-5712	-1428	2201	-765	
-3035	8831	-5796	-1448	2196	-739	
-2931	8811	-5880	-1469	2190	-713	
-2828	8790	-5963	-1490	2185	-687	
-2722	8766	-6045	-1509	2180	-660	
-2618	8744	-6127	-1529	2173	-635	
-2512	8718	-6206	-1549	2167	-608	
-2406	8689	-6285	-1569	2160	-581	
-2300	8661	-6364	-1590	2153	-555	
-2195	8632	-6442	-1606	2145	-528	
-2089	8602	-6517	-1626	2137	-502	
-1981	8569	-6592	-1643	2129	-476	
-1875	8537	-6666	-1661	2120	-448	
-1769	8502	-6740	-1681	2112	-422	
-1661	8466	-6812	-1699	2101	-396	
-1554	8429	-6883	-1716	2092	-370	
-1446	8391	-6954	-1734	2083	-342	
-1336	8352	-7022	-1751	2072	-315	
-1227	8311	-7091	-1766	2062	-289	
-1118	8269	-7159	-1783	2051	-263	
-1010	8225	-7224	-1800	2041	-234	
-899	8179	-7289	-1816	2028	-207	
-788	8133	-7352	-1832	2018	-181	
-681	8086	-7414	-1846	2007	-155	
-571	8037	-7476	-1861	1994	-129	
-460	7988	-7536	-1876	1980	-102	
-351	7939	-7596	-1891	1967	-77	
-240	7887	-7654	-1906	1956	-52	
-129	7833	-7711	-1919	1941	-27	
-21	7779	-7767	-1933	1928	-4	
88	7723	-7821	-1946	1914	21	
198	7667	-7875	-1959	1899	48	
308	7610	-7927	-1972	1885	80	
417	7550	-7978	-1985	1869	117	
527	7490	-8028	-1996	1855	157	
638	7429	-8076	-2008	1840	191	
745	7366	-8124	-2019	1824	216	
853	7303	-8170	-2032	1807	236	
964	7239	-8215	-2042	1791	258	
1074	7174	-8259	-2054	1773	283	
1183	7107	-8301	-2064	1757	312	
1292	7039	-8342	-2073	1741	343	
1402	6969	-8382	-2084	1723	370	
1510	6899	-8422	-2092	1706	397	
1617	6829	-8460	-2102	1688	423	
1725	6757	-8496	-2111	1670	450	
1835	6684	-8531	-2119	1652	477	
1941	6611	-8564	-2127	1633	505	
2047	6536	-8596	-2135	1614	531	
2154	6459	-8627	-2142	1596	557	
2262	6383	-8657	-2149	1576	585	
2366	6305	-8686	-2156	1555	610	
2471	6226	-8712	-2163	1536	637	
2577	6146	-8738	-2169	1516	664	
2682	6066	-8763	-2176	1494	689	
2788	5985	-8786	-2181	1474	715	
2892	5901	-8808	-2185	1454	740	
2995	5819	-8828	-2190	1433	766	
3098	5734	-8848	-2196	1412	793	
3202	5650	-8866	-2199	1390	818	
3303	5564	-8882	-2204	1368	844	
3404	5476	-8897	-2207	1348	869	
3507	5389	-8911	-2210	1326	894	
3606	5300	-8924	-2214	1303	919	
3706	5212	-8935	-2215	1281	945	
3807	5121	-8945	-2218	1258	969	
3906	5031	-8953	-2219	1235	993	
4004	4940	-8960	-2220	1213	1019	
4101	4847	-8965	-2223	1190	1044	
4198	4755	-8969	-2224	1166	1067	
4295	4660	-8973	-2225	1143	1092	
4391	4566	-8975	-2226	1118	1114	
4487	4471	-8975	-2223	1096	1140	
4582	4375	-8975	-2223	1073	1164	
4675	4278	-8971	-2224	1047	1185	
4767	4182	-8967	-2220	1024	1210	
4860	4084	-8964	-2219	999	1233	
4953	3985	-8957	-2219	972	1254	
5044	3887	-8949	-2217	948	1277	
5135	3788	-8940	-2214	925	1301	
5224	3688	-8930	-2212	899	1323	
5312	3586	-8918	-2208	873	1344	
5399	3486	-8904	-2203	848	1367	
5487	3383	-8889	-2201	824	1387	
5574	3281	-8874	-2198	798	1409	
5659	3178	-8857	-2193	771	1431	
5743	3076	-8838	-2188	746	1451	
5827	2973	-8818	-2183	721	1472	
5910	2868	-8798	-2179	694	1491	
5991	2763	-8775	-2171	667	1513	
6071	2659	-8751	-2165	641	1534	
6152	2554	-8726	-2159	615	1553	
6232	2448	-8699	-2152	589	1573	
6310	2342	-8671	-2145	563	1593	
6388	2235	-8643	-2138	536	1612	
6465	2129	-8613	-2130	509	1629	
6540	2021	-8581	-2122	483	1649	
6614	1913	-8547	-2114	456	1668	
6687	1807	-8514	-2104	430	1686	
6760	1699	-8479	-2095	404	1705	
6831	1590	-8441	-2085	378	1722	
6902	1482	-8404	-2076	350	1739	
6970	1373	-8364	-2067	323	1756	
7037	1264	-8323	-2056	296	1773	
7105	1155	-8281	-2047	268	1789	
7171	1046	-8239	-2036	243	1805	
7237	937	-8194	-2024	216	1822	
7299	826	-8148	-2013	189	1838	
7361	717	-8101	-2001	163	1853	
7425	608	-8053	-1990	136	1869	
7485	497	-8004	-1976	112	1885	
7545	388	-7954	-1965	84	1898	
7604	279	-7903	-1952	59	1912	
7658	168	-7849	-1937	35	1927	
7717	58	-7796	-1923	8	1942	
7772	-52	-7741	-1910	-23	1954	
7824	-162	-7684	-1896	-56	1967	
7878	-272	-7626	-1882	-93	1980	
7929	-382	-7568	-1867	-129	1992	
7979	-492	-7508	-1853	-158	2005	
8028	-602	-7447	-1838	-178	2017	
8075	-712	-7386	-1822	-200	2029	
8121	-821	-7323	-1807	-226	2041	
8168	-930	-7258	-1790	-254	2053	
8211	-1039	-7192	-1773	-285	2062	
8253	-1148	-7126	-1757	-311	2073	
8295	-1258	-7059	-1740	-338	2083	
8335	-1366	-6990	-1723	-366	2093	
8374	-1474	-6920	-1705	-392	2103	
8412	-1582	-6850	-1688	-420	2112	
8448	-1691	-6778	-1670	-448	2121	
8482	-1798	-6705	-1651	-474	2130	
8518	-1905	-6632	-1632	-500	2138	
8552	-2013	-6556	-1615	-527	2146	
8583	-2120	-6481	-1596	-554	2154	
8613	-2227	-6404	-1576	-581	2161	
8641	-2333	-6327	-1557	-607	2168	
8667	-2440	-6250	-1536	-633	2174	
8693	-2546	-6169	-1517	-659	2181	
8720	-2650	-6088	-1497	-685	2188	
8743	-2755	-6007	-1476	-712	2193	
8765	-2858	-5924	-1457	-738	2198	
8785	-2963	-5841	-1437	-764	2204	
8805	-3068	-5758	-1415	-790	2207	
8823	-3169	-5672	-1393	-816	2212	
8840	-3272	-5586	-1372	-842	2217	
8856	-3375	-5500	-1351	-866	2220	
8869	-3476	-5412	-1328	-892	2223	
8881	-3577	-5324	-1306	-918	2227	
8894	-3678	-5235	-1286	-943	2229	
8904	-3778	-5145	-1264	-967	2231	
8914	-3878	-5055	-1239	-990	2233	
8922	-3977	-4964	-1218	-1018	2233	
8928	-4074	-4871	-1196	-1042	2236	
8933	-4171	-4778	-1171	-1065	2239	
8935	-4268	-4685	-1148	-1091	2239	
8938	-4365	-4591	-1124	-1113	2240	
8939	-4461	-4497	-1101	-1137	2238	
8937	-4556	-4401	-1077	-1162	2237	
8936	-4651	-4304	-1053	-1184	2238	
8932	-4744	-4206	-1028	-1207	2236	
8927	-4837	-4108	-1005	-1231	2235	
8922	-4929	-4011	-981	-1253	2235	
8914	-5021	-3911	-955	-1276	2231	
8906	-5112	-3811	-931	-1299	2229	
8896	-5201	-3712	-906	-1319	2229	
8884	-5290	-3612	-881	-1343	2224	
8871	-5378	-3510	-856	-1366	2219	
8858	-5466	-3407	-830	-1387	2217	
8842	-5552	-3306	-805	-1409	2213	
8826	-5638	-3203	-781	-1430	2208	
8809	-5723	-3100	-755	-1452	2203	
8790	-5806	-2997	-729	-1472	2198	
8768	-5890	-2893	-703	-1493	2193	
8746	-5973	-2788	-677	-1514	2187	
8723	-6054	-2683	-652	-1534	2180	
8699	-6135	-2577	-624	-1553	2175	
8672	-6215	-2472	-598	-1572	2168	
8644	-6294	-2366	-574	-1593	2159	
8616	-6371	-2259	-548	-1612	2153	
8586	-6448	-2151	-521	-1631	2146	
8555	-6524	-2044	-494	-1650	2138	
8522	-6599	-1937	-468	-1668	2130	
8488	-6672	-1829	-440	-1686	2120	
8454	-6745	-1721	-415	-1705	2112	
8418	-6817	-1614	-387	-1722	2103	
8381	-6887	-1506	-361	-1740	2093	
8340	-6958	-1396	-333	-1757	2085	
8302	-7026	-1287	-306	-1774	2074	
8261	-7093	-1179	-281	-1790	2063	
8217	-7160	-1069	-253	-1807	2052	
8174	-7226	-958	-226	-1823	2041	
8130	-7290	-850	-201	-1840	2028	
8082	-7354	-741	-175	-1858	2016	
8036	-7417	-630	-149	-1871	2006	
7988	-7477	-521	-122	-1886	1994	
7937	-7536	-410	-95	-1902	1981	
7886	-7596	-300	-69	-1915	1967	
7832	-7653	-190	-42	-1929	1954	
7779	-7709	-79	-17	-1944	1941	
7725	-7765	30	8	-1957	1927	
7670	-7819	141	35	-1971	1913	
7612	-7872	251	62	-1984	1898	
7555	-7924	360	93	-1996	1884	
7497	-7974	470	126	-2009	1870	
7434	-8024	581	157	-2022	1854	
7372	-8072	690	189	-2033	1839	
7310	-8118	800	216	-2044	1823	
7247	-8165	909	240	-2056	1807	
7183	-8208	1018	264	-2067	1789	
7117	-8252	1129	291	-2078	1774	
7050	-8295	1238	320	-2088	1757	
6983	-8335	1347	347	-2097	1739	
6912	-8375	1456	374	-2107	1724	
6843	-8413	1565	402	-2116	1704	
6771	-8449	1673	430	-2123	1686	
6698	-8485	1781	454	-2134	1669	
6626	-8519	1888	482	-2143	1651	
6551	-8553	1995	509	-2150	1632	
6476	-8586	2104	533	-2159	1612	
6400	-8616	2211	562	-2165	1594	
6323	-8645	2318	587	-2172	1575	
6246	-8673	2424	612	-2181	1555	
6168	-8699	2530	639	-2185	1535	
6087	-8724	2636	666	-2193	1514	
6005	-8749	2740	692	-2199	1493	
5923	-8771	2846	718	-2202	1475	
5841	-8793	2950	744	-2208	1454	
5758	-8814	3053	770	-2212	1431	
5673	-8832	3156	797	-2216	1411	
5589	-8850	3259	820	-2222	1389	
5503	-8866	3362	846	-2226	1367	
5416	-8880	3464	871	-2229	1346	
5328	-8893	3565	895	-2232	1324	
5238	-8906	3666	921	-2235	1302	
5149	-8917	3767	945	-2237	1279	
5060	-8926	3866	970	-2239	1257	
4969	-8935	3965	994	-2242	1235	
4877	-8941	4064	1019	-2244	1212	
4784	-8945	4162	1042	-2245	1188	
4691	-8950	4259	1068	-2245	1164	
4598	-8952	4355	1092	-2245	1141	
4503	-8954	4452	1113	-2246	1116	
4408	-8953	4547	1139	-2246	1093	
4313	-8952	4642	1162	-2245	1070	
4216	-8949	4737	1184	-2245	1045	
4119	-8945	4829	1208	-2242	1021	
4022	-8940	4921	1232	-2240	997	
3923	-8932	5013	1254	-2239	971	
3823	-8924	5104	1276	-2236	947	
3723	-8916	5195	1299	-2234	922	
3625	-8904	5284	1321	-2232	896	
3524	-8891	5373	1345	-2227	873	
3422	-8878	5460	1365	-2224	847	
3322	-8863	5548	1387	-2218	822	
3219	-8847	5633	1409	-2215	798	
3116	-8829	5719	1427	-2212	771	
3011	-8811	5804	1449	-2207	746	
2908	-8791	5887	1469	-2202	719	
2805	-8769	5970	1490	-2196	692	
2700	-8745	6052	1510	-2190	667	
2596	-8723	6133	1530	-2184	640	
2491	-8696	6213	1550	-2177	614	
2384	-8669	6293	1570	-2170	588	
2279	-8641	6370	1587	-2163	562	
2172	-8611	6447	1607	-2156	536	
2066	-8582	6524	1627	-2146	509	
1959	-8549	6598	1644	-2139	481	
1850	-8515	6673	1662	-2131	455	
1744	-8482	6747	1681	-2122	430	
1637	-8445	6818	1698	-2113	403	
1528	-8408	6890	1716	-2103	375	
1418	-8369	6960	1734	-2092	349	
1310	-8329	7029	1751	-2083	322	
1200	-8289	7098	1767	-2073	295	
1092	-8246	7164	1784	-2061	269	
984	-8203	7231	1800	-2052	242	
873	-8158	7295	1816	-2040	216	
763	-8113	7359	1833	-2027	189	
656	-8066	7422	1848	-2016	162	
546	-8017	7483	1862	-2003	138	
436	-7968	7543	1877	-1991	112	
327	-7917	7602	1891	-1979	86	
218	-7865	7661	1905	-1965	62	
108	-7812	7718	1920	-1951	37	
-3	-7757	7773	1933	-1938	12	
-114	-7702	7827	1947	-1924	-16	
-224	-7645	7881	1960	-1910	-49	
-332	-7588	7934	1972	-1895	-89	
-443	-7529	7985	1985	-1880	-133	
-551	-7469	8034	1996	-1865	-165	
-662	-7407	8083	2009	-1848	-184	
-772	-7345	8131	2022	-1833	-200	
-880	-7283	8177	2032	-1818	-223	
-991	-7217	8222	2043	-1801	-253	
-1100	-7151	8266	2053	-1785	-283	
-1210	-7085	8308	2064	-1768	-312	
-1318	-7017	8349	2074	-1752	-340	
-1424	-6949	8389	2082	-1733	-364	
-1535	-6879	8428	2093	-1715	-392	
-1642	-6808	8466	2101	-1698	-419	
-1749	-6737	8501	2110	-1680	-445	
-1856	-6664	8536	2119	-1662	-472	
-1963	-6589	8570	2127	-1643	-500	
-2069	-6513	8603	2135	-1623	-526	
-2177	-6437	8633	2143	-1604	-553	
-2283	-6361	8663	2149	-1586	-580	
-2388	-6284	8692	2157	-1566	-604	
-2493	-6206	8719	2163	-1546	-631	
-2599	-6126	8744	2168	-1526	-658	
-2705	-6045	8769	2175	-1506	-684	
-2810	-5963	8792	2180	-1486	-711	
-2914	-5880	8813	2186	-1464	-737	
-3017	-5797	8835	2191	-1443	-763	
-3120	-5713	8854	2194	-1422	-788	
-3224	-5628	8871	2200	-1401	-813	
-3326	-5543	8888	2204	-1380	-838	
-3427	-5455	8903	2207	-1358	-864	
-3530	-5368	8917	2211	-1334	-889	
-3629	-5280	8930	2214	-1311	-913	
-3728	-5190	8941	2215	-1292	-940	
-3828	-5101	8950	2217	-1269	-965	
-3927	-5010	8958	2219	-1246	-989	
-4025	-4918	8966	2220	-1223	-1014	
-4124	-4826	8971	2222	-1200	-1038	
-4221	-4733	8976	2223	-1177	-1063	
-4319	-4640	8978	2224	-1153	-1087	
-4414	-4545	8979	2224	-1130	-1111	
-4509	-4450	8980	2223	-1106	-1135	
-4604	-4355	8980	2222	-1082	-1158	
-4699	-4258	8977	2224	-1056	-1180	
-4793	-4161	8974	2222	-1032	-1205	
-4884	-4063	8969	2219	-1009	-1228	
-4975	-3965	8962	2218	-983	-1249	
-5067	-3865	8954	2216	-958	-1273	
-5157	-3765	8945	2214	-934	-1295	
-5246	-3665	8935	2212	-908	-1317	
-5334	-3564	8923	2209	-884	-1340	
-5421	-3464	8910	2205	-858	-1361	
-5508	-3362	8896	2201	-831	-1383	
-5595	-3260	8879	2196	-808	-1405	
-5681	-3157	8863	2193	-781	-1425	
-5766	-3054	8844	2190	-754	-1446	
-5850	-2950	8824	2183	-730	-1468	
-5932	-2846	8803	2178	-702	-1488	
-6014	-2742	8780	2173	-676	-1508	
-6094	-2636	8756	2166	-651	-1529	
-6175	-2532	8732	2158	-626	-1549	
-6255	-2426	8706	2152	-600	-1568	
-6333	-2319	8678	2145	-573	-1587	
-6411	-2213	8648	2138	-545	-1606	
-6486	-2105	8618	2130	-519	-1626	
-6562	-1998	8587	2122	-493	-1644	
-6638	-1892	8554	2115	-466	-1662	
-6708	-1785	8519	2105	-440	-1681	
-6781	-1677	8484	2096	-411	-1699	
-6853	-1568	8446	2088	-384	-1717	
-6924	-1460	8408	2077	-359	-1734	
-6994	-1352	8369	2067	-331	-1751	
-7060	-1243	8329	2056	-306	-1768	
-7128	-1133	8287	2047	-278	-1783	
-7194	-1024	8244	2036	-251	-1801	
-7257	-915	8200	2024	-224	-1816	
-7323	-805	8154	2013	-196	-1832	
-7386	-696	8106	2002	-171	-1847	
-7446	-586	8059	1989	-144	-1863	
-7507	-476	8010	1977	-118	-1878	
-7568	-366	7960	1965	-91	-1892	
-7625	-257	7908	1952	-64	-1908	
-7684	-146	7855	1938	-40	-1922	
-7740	-36	7803	1925	-15	-1936	
-7794	74	7746	1912	11	-1949	
-7850	184	7690	1897	37	-1961	
-7900	295	7633	1882	66	-1974	
-7951	404	7573	1868	98	-1987	
-8002	513	7514	1852	133	-2000	
-8050	623	7453	1838	168	-2012	
-8097	733	7391	1822	199	-2024	
-8142	843	7328	1805	224	-2035	
-8190	951	7263	1791	247	-2046	
-8233	1062	7198	1774	271	-2056	
-8275	1171	7132	1757	298	-2067	
-8318	1279	7065	1741	327	-2077	
-8358	1388	6996	1724	356	-2087	
-8397	1497	6926	1706	382	-2098	
-8434	1605	6855	1688	408	-2106	
-8471	1713	6783	1670	435	-2115	
-8507	1821	6712	1652	462	-2124	
-8541	1929	6637	1633	490	-2132	
-8574	2036	6561	1615	516	-2140	
-8605	2143	6486	1596	542	-2148	
-8636	2250	6409	1576	570	-2155	
-8664	2356	6332	1557	595	-2163	
-8691	2461	6254	1537	622	-2170	
-8717	2568	6174	1518	650	-2176	
-8742	2673	6093	1496	674	-2183	
-8766	2778	6011	1476	700	-2188	
-8788	2882	5930	1457	727	-2192	
-8808	2985	5846	1436	752	-2197	
-8828	3089	5762	1415	779	-2202	
-8845	3192	5677	1394	806	-2207	
-8864	3295	5591	1372	831	-2210	
-8880	3397	5505	1352	856	-2214	
-8894	3499	5418	1330	881	-2218	
-8907	3600	5330	1306	906	-2221	
-8917	3700	5241	1286	932	-2222	
-8928	3801	5150	1264	957	-2225	
-8937	3900	5060	1241	982	-2228	
-8945	3999	4968	1219	1007	-2229	
-8951	4097	4876	1195	1030	-2231	
-8956	4194	4784	1172	1054	-2232	
-8960	4292	4690	1148	1079	-2231	
-8961	4389	4596	1125	1103	-2232	
-8961	4484	4501	1102	1127	-2232	
-8960	4578	4405	1078	1150	-2231	
-8959	4672	4308	1053	1174	-2232	
-8956	4767	4211	1030	1197	-2231	
-8951	4859	4114	1006	1221	-2229	
-8945	4951	4016	980	1242	-2228	
-8939	5043	3917	956	1266	-2226	
-8929	5132	3817	932	1289	-2223	
-8920	5223	3717	905	1309	-2220	
-8908	5313	3617	881	1332	-2217	
-8895	5401	3514	857	1354	-2214	
-8881	5489	3414	832	1377	-2211	
-8866	5575	3312	806	1398	-2206	
-8850	5661	3209	781	1419	-2202	
-8831	5746	3106	756	1440	-2198	
-8811	5829	3003	730	1461	-2192	
-8791	5913	2898	705	1482	-2187	
-8769	5996	2794	678	1503	-2181	
-8746	6077	2690	653	1524	-2175	
-8720	6158	2585	626	1543	-2170	
-8695	6237	2479	601	1563	-2161	
-8668	6316	2372	575	1582	-2155	
-8639	6394	2265	548	1601	-2148	
-8609	6470	2160	521	1620	-2140	
-8577	6546	2053	494	1639	-2133	
-8545	6621	1943	469	1657	-2124	
-8512	6694	1835	442	1676	-2115	
-8477	6767	1728	416	1695	-2106	
-8442	6839	1619	388	1712	-2097	
-8404	6909	1510	362	1730	-2087	
-8365	6980	1402	335	1746	-2078	
-8324	7049	1292	309	1762	-2068	
-8283	7116	1184	283	1781	-2057	
-8240	7182	1074	256	1797	-2046	
-8196	7248	964	230	1813	-2035	
-8152	7312	856	203	1828	-2025	
-8106	7376	746	177	1845	-2011	
-8058	7438	636	151	1860	-1999	
-8010	7499	527	124	1875	-1988	
-7959	7558	416	99	1890	-1974	
-7907	7617	306	72	1904	-1962	
-7856	7675	196	47	1918	-1948	
-7802	7732	85	20	1932	-1935	
-7747	7787	-24	-8	1945	-1922	
-7692	7840	-134	-39	1959	-1907	
-7634	7894	-246	-75	1973	-1894	
-7579	7946	-354	-109	1985	-1880	
-7519	7996	-463	-138	1997	-1864	
-7458	8046	-575	-162	2010	-1848	
-7396	8094	-685	-185	2020	-1832	
-7334	8141	-794	-210	2032	-1816	
-7271	8186	-904	-238	2043	-1801	
-7204	8231	-1014	-267	2055	-1785	
-7139	8274	-1124	-294	2066	-1769	
-7072	8316	-1233	-321	2077	-1751	
-7004	8358	-1341	-347	2087	-1734	
-6937	8396	-1448	-373	2096	-1716	
-6865	8435	-1558	-401	2105	-1699	
-6794	8472	-1667	-428	2115	-1681	
-6722	8506	-1774	-454	2125	-1662	
-6648	8542	-1882	-482	2132	-1644	
-6574	8575	-1989	-510	2139	-1626	
-6499	8607	-2096	-536	2148	-1607	
-6423	8638	-2204	-561	2155	-1589	
-6347	8666	-2310	-587	2162	-1568	
-6269	8695	-2417	-613	2169	-1550	
-6189	8721	-2523	-640	2175	-1529	
-6110	8746	-2628	-666	2182	-1508	
-6029	8770	-2734	-691	2187	-1488	
-5947	8793	-2839	-719	2191	-1468	
-5865	8814	-2943	-744	2197	-1448	
-5781	8834	-3046	-769	2202	-1425	
-5695	8853	-3150	-797	2206	-1406	
-5611	8870	-3253	-822	2211	-1384	
-5525	8887	-3355	-845	2215	-1361	
-5439	8902	-3456	-871	2218	-1340	
-5350	8914	-3559	-896	2222	-1318	
-5261	8926	-3660	-921	2224	-1295	
-5172	8937	-3760	-946	2226	-1274	
-5082	8947	-3860	-971	2229	-1251	
-4992	8955	-3959	-996	2230	-1228	
-4900	8961	-4057	-1020	2232	-1205	
-4807	8966	-4155	-1042	2235	-1180	
-4716	8971	-4252	-1067	2235	-1158	
-4621	8972	-4350	-1091	2236	-1135	
-4526	8974	-4446	-1113	2236	-1110	
-4432	8975	-4541	-1139	2234	-1087	
-4336	8972	-4635	-1163	2233	-1064	
-4239	8970	-4729	-1186	2232	-1040	
-4142	8965	-4823	-1209	2232	-1015	
-4044	8960	-4914	-1232	2230	-991	
-3946	8953	-5007	-1253	2228	-966	
-3846	8944	-5098	-1277	2225	-942	
-3747	8935	-5188	-1299	2223	-916	
-3647	8924	-5278	-1322	2220	-891	
-3546	8912	-5366	-1344	2217	-866	
-3444	8899	-5454	-1364	2215	-841	
-3342	8884	-5541	-1385	2210	-816	
-3242	8867	-5628	-1408	2205	-791	
-3138	8850	-5714	-1428	2201	-764	
-3034	8831	-5798	-1449	2196	-738	
-2931	8810	-5880	-1470	2191	-714	
-2826	8789	-5964	-1490	2184	-687	
-2722	8766	-6046	-1510	2178	-661	
-2618	8743	-6127	-1530	2173	-635	
-2511	8717	-6207	-1550	2167	-608	
-2406	8689	-6286	-1570	2159	-581	
-2301	8661	-6364	-1588	2152	-554	
-2194	8632	-6442	-1607	2145	-528	
-2086	8602	-6519	-1626	2138	-502	
-1980	8570	-6593	-1643	2130	-475	
-1875	8536	-6667	-1663	2121	-448	
-1768	8501	-6740	-1681	2112	-422	
-1661	8466	-6812	-1698	2102	-396	
-1552	8429	-6884	-1716	2092	-368	
-1444	8390	-6954	-1734	2082	-342	
-1334	8351	-7023	-1751	2073	-316	
-1225	8309	-7091	-1767	2063	-288	
-1116	8267	-7158	-1784	2051	-261	
-1007	8223	-7223	-1799	2040	-234	
-898	8179	-7288	-1816	2029	-207	
-788	8133	-7354	-1831	2018	-181	
-679	8086	-7414	-1846	2006	-155	
-568	8038	-7477	-1862	1993	-129	
-458	7988	-7538	-1876	1981	-102	
-350	7937	-7596	-1892	1967	-76	
-239	7886	-7654	-1906	1955	-52	
-130	7832	-7711	-1920	1940	-28	
-21	7778	-7767	-1934	1927	-3	
90	7723	-7822	-1946	1914	22	
200	7666	-7876	-1960	1898	48	
310	7608	-7927	-1972	1884	80	
419	7550	-7978	-1984	1870	118	
528	7489	-8028	-1997	1854	157	
638	7429	-8077	-2009	1839	192	
747	7366	-8124	-2020	1824	217	
856	7302	-8171	-2033	1807	235	
966	7238	-8216	-2044	1791	258	
1076	7173	-8260	-2054	1773	283	
1185	7106	-8302	-2064	1757	312	
1293	7038	-8343	-2073	1741	343	
1403	6968	-8383	-2083	1724	370	
1510	6899	-8421	-2092	1705	396	
1619	6829	-8459	-2102	1688	424	
1726	6757	-8495	-2111	1669	450	
1833	6684	-8530	-2119	1650	477	
1943	6610	-8564	-2127	1633	505	
2049	6535	-8595	-2135	1615	529	
2155	6458	-8627	-2141	1595	556	
2262	6382	-8658	-2149	1576	585	
2369	6305	-8686	-2157	1555	610	
2472	6226	-8713	-2163	1535	637	
2578	6146	-8738	-2169	1515	664	
2685	6066	-8762	-2176	1494	690	
2789	5983	-8786	-2181	1475	716	
2893	5901	-8808	-2186	1455	742	
2996	5817	-8828	-2191	1434	767	
3099	5733	-8848	-2195	1413	793	
3202	5649	-8867	-2200	1390	819	
3304	5562	-8882	-2205	1367	844	
3406	5476	-8897	-2206	1348	870	
3507	5388	-8910	-2210	1326	894	
3608	5300	-8924	-2214	1301	919	
3708	5211	-8935	-2216	1280	945	
3807	5120	-8944	-2218	1259	970	
3907	5030	-8954	-2220	1235	995	
4005	4939	-8960	-2221	1212	1018	
4103	4845	-8966	-2222	1189	1042	
4201	4753	-8970	-2224	1164	1067	
4297	4659	-8973	-2224	1143	1091	
4394	4565	-8975	-2225	1120	1116	
4488	4470	-8976	-2224	1095	1140	
4581	4374	-8974	-2222	1072	1164	
4676	4278	-8971	-2223	1047	1187	
4771	4180	-8968	-2221	1023	1210	
4863	4083	-8963	-2219	999	1234	
4953	3985	-8957	-2218	973	1256	
5046	3885	-8949	-2218	947	1277	
5134	3787	-8941	-2215	923	1300	
5224	3686	-8930	-2211	898	1323	
5312	3586	-8917	-2209	873	1345	
5401	3485	-8905	-2205	847	1366	
5489	3382	-8889	-2202	822	1388	
5573	3281	-8874	-2196	797	1410	
5660	3178	-8857	-2193	770	1430	
5745	3075	-8838	-2188	745	1451	
5828	2972	-8818	-2181	722	1473	
5912	2867	-8797	-2178	694	1492	
5993	2763	-8775	-2173	666	1512	
6074	2658	-8750	-2165	642	1534	
6153	2552	-8726	-2159	615	1554	
6234	2447	-8699	-2152	589	1572	
6312	2340	-8672	-2146	563	1592	
6389	2234	-8643	-2138	536	1612	
6465	2127	-8611	-2130	509	1631	
6540	2019	-8581	-2122	483	1650	
6615	1912	-8547	-2113	457	1668	
6687	1805	-8513	-2104	429	1686	
6760	1697	-8478	-2096	404	1704	
6833	1589	-8441	-2087	377	1721	
6902	1481	-8402	-2077	350	1740	
6971	1373	-8363	-2066	323	1757	
7038	1263	-8323	-2056	295	1773	
7104	1154	-8281	-2047	268	1790	
7172	1046	-8238	-2036	241	1805	
7237	936	-8193	-2024	215	1822	
7301	826	-8147	-2012	189	1838	
7365	716	-8100	-2002	162	1853	
7426	607	-8054	-1990	136	1868	
7486	496	-8004	-1976	110	1885	
7546	386	-7953	-1963	85	1901	
7604	277	-7902	-1950	60	1914	
7661	167	-7849	-1938	35	1928	
7717	57	-7795	-1924	8	1941	
7771	-54	-7740	-1911	-23	1954	
7825	-164	-7683	-1897	-57	1967	
7878	-274	-7626	-1881	-94	1980	
7928	-383	-7567	-1867	-129	1993	
7979	-492	-7508	-1852	-157	2005	
8027	-602	-7447	-1837	-180	2018	
8075	-712	-7384	-1822	-201	2029	
8122	-822	-7321	-1805	-227	2040	
8166	-932	-7256	-1790	-256	2052	
8212	-1041	-7192	-1774	-285	2062	
8255	-1149	-7126	-1756	-313	2073	
8295	-1258	-7058	-1740	-338	2084	
8336	-1367	-6989	-1724	-366	2093	
8375	-1476	-6919	-1705	-393	2103	
8413	-1585	-6848	-1687	-421	2111	
8450	-1692	-6777	-1670	-448	2120	
8485	-1799	-6704	-1651	-474	2130	
8518	-1908	-6631	-1633	-500	2138	
8550	-2014	-6556	-1615	-528	2146	
8582	-2122	-6479	-1594	-555	2153	
8612	-2228	-6404	-1576	-580	2160	
8641	-2334	-6326	-1556	-607	2169	
8670	-2440	-6248	-1536	-634	2175	
8694	-2546	-6167	-1517	-659	2181	
8718	-2651	-6086	-1494	-685	2187	
8743	-2755	-6006	-1475	-712	2193	
8765	-2860	-5924	-1458	-739	2199	
8786	-2964	-5840	-1436	-765	2204	
8805	-3067	-5756	-1415	-790	2208	
8823	-3171	-5671	-1393	-817	2212	
8841	-3274	-5585	-1372	-842	2215	
8856	-3376	-5499	-1350	-867	2220	
8871	-3477	-5411	-1328	-893	2224	
8885	-3579	-5323	-1306	-918	2227	
8894	-3678	-5235	-1285	-944	2229	
8905	-3778	-5144	-1262	-968	2230	
8914	-3879	-5054	-1238	-991	2233	
8921	-3978	-4962	-1217	-1018	2233	
8927	-4075	-4870	-1194	-1042	2236	
8932	-4173	-4778	-1171	-1066	2237	
8936	-4270	-4684	-1149	-1090	2238	
8937	-4366	-4590	-1124	-1113	2239	
8938	-4462	-4495	-1099	-1137	2238	
8938	-4557	-4399	-1077	-1161	2238	
8935	-4651	-4302	-1053	-1185	2238	
8933	-4745	-4204	-1028	-1208	2235	
8928	-4838	-4107	-1005	-1231	2235	
8922	-4930	-4009	-979	-1253	2234	
8914	-5022	-3911	-955	-1277	2231	
8905	-5112	-3811	-931	-1299	2229	
8896	-5201	-3711	-904	-1321	2226	
8885	-5290	-3611	-880	-1343	2223	
8873	-5379	-3508	-856	-1366	2219	
8859	-5467	-3406	-831	-1389	2216	
8843	-5554	-3305	-805	-1409	2212	
8826	-5640	-3203	-781	-1431	2208	
8808	-5725	-3099	-755	-1452	2204	
8788	-5809	-2995	-729	-1473	2196	
8766	-5891	-2891	-702	-1493	2192	
8745	-5974	-2787	-677	-1513	2188	
8721	-6055	-2681	-652	-1535	2180	
8697	-6136	-2577	-625	-1553	2174	
8672	-6216	-2471	-598	-1573	2168	
8644	-6295	-2364	-573	-1593	2161	
8615	-6372	-2257	-548	-1613	2153	
8585	-6448	-2150	-520	-1632	2146	
8555	-6524	-2043	-494	-1650	2138	
8524	-6599	-1935	-468	-1668	2129	
8490	-6673	-1828	-440	-1687	2121	
8454	-6746	-1720	-413	-1705	2111	
8417	-6818	-1613	-387	-1722	2103	
8380	-6889	-1504	-361	-1740	2094	
8340	-6959	-1394	-334	-1758	2084	
8299	-7027	-1285	-306	-1774	2073	
8260	-7093	-1176	-280	-1790	2062	
8217	-7161	-1067	-253	-1807	2052	
8173	-7227	-958	-227	-1825	2041	
8127	-7291	-848	-200	-1839	2030	
8081	-7355	-739	-174	-1856	2018	
8034	-7416	-629	-147	-1872	2007	
7985	-7477	-518	-120	-1886	1994	
7935	-7537	-408	-94	-1901	1980	
7885	-7596	-298	-68	-1915	1967	
7833	-7654	-188	-44	-1930	1953	
7780	-7710	-78	-18	-1944	1941	
7724	-7765	32	9	-1958	1927	
7669	-7820	141	35	-1970	1913	
7612	-7873	251	63	-1983	1898	
7554	-7924	362	93	-1996	1884	
7495	-7974	472	124	-2008	1870	
7434	-8025	582	158	-2022	1852	
7373	-8073	691	188	-2035	1836	
7311	-8120	800	215	-2045	1822	
7247	-8166	910	239	-2056	1807	
7181	-8210	1020	265	-2067	1790	
7115	-8253	1130	292	-2077	1774	
7049	-8295	1239	320	-2087	1757	
6980	-8336	1348	347	-2097	1740	
6911	-8376	1457	374	-2107	1722	
6842	-8414	1565	401	-2117	1705	
6771	-8450	1674	428	-2124	1686	
6698	-8487	1781	453	-2135	1667	
6625	-8521	1889	481	-2143	1650	
6550	-8554	1997	509	-2150	1632	
6475	-8585	2104	533	-2158	1613	
6401	-8616	2212	561	-2167	1593	
6323	-8646	2319	587	-2173	1573	
6244	-8675	2427	613	-2178	1555	
6165	-8700	2532	641	-2186	1535	
6086	-8725	2637	667	-2192	1514	
6005	-8750	2741	692	-2198	1494	
5925	-8771	2845	719	-2202	1474	
5842	-8793	2950	744	-2208	1454	
5756	-8813	3053	769	-2214	1432	
5673	-8832	3157	797	-2216	1412	
5587	-8850	3261	821	-2222	1390	
5500	-8867	3363	845	-2226	1367	
5414	-8880	3465	871	-2230	1346	
5326	-8893	3566	896	-2233	1324	
5237	-8906	3667	921	-2235	1302	
5148	-8916	3767	946	-2237	1279	
5060	-8925	3867	970	-2240	1256	
4970	-8933	3966	995	-2242	1234	
4877	-8940	4065	1019	-2244	1211	
4783	-8946	4163	1042	-2246	1187	
4691	-8949	4259	1067	-2245	1164	
4596	-8952	4356	1092	-2245	1140	
4501	-8953	4453	1115	-2246	1117	
4407	-8954	4549	1139	-2246	1093	
4312	-8952	4642	1163	-2245	1069	
4215	-8950	4737	1185	-2244	1046	
4117	-8945	4830	1208	-2243	1021	
4019	-8939	4922	1231	-2241	997	
3921	-8932	5015	1254	-2239	972	
3823	-8924	5105	1278	-2236	947	
3723	-8915	5196	1298	-2234	922	
3623	-8904	5286	1321	-2231	897	
3522	-8891	5374	1344	-2227	873	
3421	-8877	5462	1363	-2224	846	
3320	-8863	5550	1386	-2219	821	
3217	-8847	5635	1408	-2215	797	
3116	-8829	5721	1428	-2212	770	
3013	-8810	5807	1449	-2206	745	
2908	-8790	5889	1469	-2202	719	
2804	-8768	5971	1489	-2195	692	
2699	-8746	6053	1511	-2190	667	
2594	-8722	6134	1531	-2183	640	
2488	-8695	6215	1550	-2176	615	
2383	-8669	6293	1569	-2170	589	
2278	-8641	6371	1587	-2163	562	
2171	-8610	6449	1608	-2156	534	
2065	-8580	6524	1627	-2146	508	
1958	-8549	6601	1644	-2138	482	
1850	-8515	6674	1663	-2131	455	
1743	-8481	6747	1681	-2122	429	
1634	-8444	6821	1699	-2112	403	
1526	-8407	6891	1716	-2103	375	
1419	-8369	6961	1733	-2093	349	
1310	-8330	7031	1751	-2083	321	
1201	-8288	7099	1767	-2072	293	
1092	-8246	7165	1784	-2061	267	
983	-8202	7231	1800	-2051	241	
872	-8158	7296	1815	-2040	216	
762	-8111	7360	1832	-2028	189	
653	-8065	7422	1849	-2015	161	
544	-8017	7484	1862	-2003	137	
435	-7967	7545	1877	-1991	110	
324	-7917	7603	1892	-1978	87	
215	-7864	7662	1905	-1966	62	
105	-7812	7719	1920	-1952	36	
-5	-7757	7774	1934	-1938	12	
-114	-7701	7830	1947	-1924	-16	
-223	-7646	7882	1959	-1909	-49	
-333	-7587	7934	1972	-1895	-91	
-443	-7528	7985	1985	-1880	-134	
-554	-7468	8035	1996	-1864	-165	
-663	-7407	8083	2009	-1849	-185	
-772	-7345	8130	2020	-1833	-201	
-881	-7281	8178	2032	-1816	-223	
-991	-7217	8222	2043	-1802	-252	
-1101	-7152	8266	2052	-1786	-284	
-1210	-7085	8309	2064	-1769	-312	
-1319	-7016	8350	2072	-1752	-338	
-1428	-6948	8389	2083	-1734	-365	
-1536	-6879	8428	2093	-1716	-393	
-1645	-6807	8465	2101	-1698	-420	
-1752	-6735	8502	2111	-1680	-446	
-1858	-6662	8537	2119	-1662	-473	
-1964	-6589	8570	2126	-1644	-500	
-2071	-6513	8603	2136	-1624	-525	
-2176	-6436	8633	2142	-1604	-554	
-2283	-6361	8663	2148	-1586	-580	
-2390	-6283	8691	2157	-1566	-605	
-2496	-6204	8719	2163	-1546	-633	
-2601	-6125	8745	2170	-1526	-658	
-2705	-6044	8769	2176	-1506	-686	
-2810	-5961	8792	2180	-1485	-712	
-2913	-5880	8814	2186	-1464	-736	
-3018	-5797	8834	2191	-1443	-763	
-3121	-5711	8853	2195	-1422	-789	
