-3701	-5217	8938	2215	-1297	-932	
-3799	-5128	8947	2217	-1276	-957	
-3898	-5037	8955	2220	-1252	-980	
-3997	-4946	8963	2221	-1229	-1006	
-4095	-4854	8970	2222	-1206	-1031	
-4192	-4761	8974	2224	-1183	-1055	
-4289	-4668	8978	2225	-1160	-1079	
-4386	-4574	8980	2225	-1136	-1104	
-4482	-4479	8980	2224	-1113	-1127	
-4576	-4384	8979	2224	-1088	-1149	
-4669	-4287	8978	2223	-1065	-1174	
-4763	-4189	8975	2223	-1041	-1198	
-4856	-4092	8971	2221	-1015	-1221	
-4948	-3995	8965	2219	-991	-1244	
-5040	-3896	8957	2217	-966	-1266	
-5129	-3795	8948	2215	-941	-1288	
-5220	-3696	8938	2213	-917	-1311	
-5308	-3595	8927	2210	-890	-1332	
-5395	-3493	8913	2206	-864	-1353	
-5484	-3392	8900	2203	-839	-1377	
-5571	-3290	8885	2198	-813	-1398	
-5656	-3188	8868	2195	-788	-1419	
-5741	-3085	8849	2190	-764	-1441	
-5825	-2981	8830	2185	-739	-1461	
-5907	-2877	8810	2179	-712	-1482	
-5991	-2772	8787	2173	-685	-1501	
-6072	-2667	8763	2168	-659	-1522	
-6153	-2563	8740	2161	-633	-1542	
-6232	-2457	8714	2155	-606	-1560	
-6310	-2351	8686	2148	-579	-1580	
-6389	-2245	8657	2139	-555	-1601	
-6463	-2138	8627	2131	-528	-1620	
-6539	-2031	8596	2125	-500	-1638	
-6615	-1924	8563	2117	-474	-1658	
-6687	-1816	8530	2109	-447	-1675	
-6760	-1709	8495	2099	-420	-1693	
-6831	-1601	8458	2089	-394	-1712	
-6902	-1492	8420	2081	-367	-1727	
-6972	-1384	8382	2070	-339	-1745	
-7041	-1275	8341	2061	-312	-1763	
-7109	-1167	8299	2051	-286	-1779	
-7176	-1057	8257	2039	-259	-1795	
-7241	-947	8212	2028	-233	-1811	
-7303	-839	8168	2017	-203	-1827	
-7366	-728	8122	2005	-177	-1843	
-7429	-618	8074	1993	-152	-1858	
-7490	-509	8025	1982	-124	-1873	
-7550	-399	7975	1967	-99	-1889	
-7609	-289	7924	1954	-75	-1903	
-7666	-179	7871	1942	-48	-1917	
-7722	-69	7817	1928	-23	-1931	
-7777	41	7762	1915	3	-1943	
-7831	151	7706	1901	28	-1958	
-7884	260	7649	1886	56	-1972	
-7936	370	7591	1871	88	-1983	
-7988	480	7531	1857	122	-1995	
-8036	590	7471	1842	157	-2009	
-8082	700	7410	1826	190	-2020	
-8130	810	7346	1811	217	-2032	
-8176	919	7282	1794	238	-2044	
-8220	1029	7217	1779	263	-2054	
-8265	1138	7152	1762	289	-2064	
-8307	1246	7085	1745	317	-2074	
-8347	1356	7016	1728	347	-2084	
-8386	1465	6947	1710	373	-2094	
-8422	1572	6877	1693	400	-2103	
-8461	1681	6804	1675	428	-2113	
-8496	1790	6733	1657	455	-2121	
-8529	1897	6660	1639	482	-2129	
-8564	2004	6584	1622	508	-2138	
-8595	2112	6509	1602	536	-2146	
-8626	2219	6433	1583	563	-2152	
-8655	2324	6356	1563	588	-2159	
-8683	2431	6277	1543	614	-2167	
-8709	2536	6197	1524	640	-2172	
-8734	2641	6117	1503	667	-2178	
-8758	2746	6037	1483	693	-2185	
-8781	2851	5955	1464	720	-2190	
-8803	2955	5872	1443	745	-2196	
-8822	3059	5788	1422	771	-2200	
-8841	3161	5703	1401	797	-2204	
-8858	3265	5617	1380	822	-2209	
-8875	3367	5530	1357	849	-2212	
-8889	3468	5443	1335	875	-2216	
-8902	3571	5356	1313	899	-2220	
-8915	3670	5268	1292	923	-2222	
-8925	3771	5178	1270	949	-2224	
-8935	3871	5088	1247	974	-2227	
-8942	3968	4997	1225	998	-2228	
-8947	4068	4904	1201	1022	-2230	
-8953	4165	4811	1179	1048	-2230	
-8958	4262	4718	1157	1073	-2232	
-8960	4359	4624	1132	1095	-2233	
-8961	4454	4529	1108	1119	-2233	
-8962	4550	4435	1085	1144	-2232	
-8960	4645	4339	1062	1167	-2232	
-8958	4738	4240	1037	1191	-2232	
-8952	4831	4143	1014	1214	-2229	
-8947	4923	4045	988	1237	-2227	
-8941	5015	3947	963	1260	-2226	
-8932	5107	3847	938	1281	-2223	
-8923	5196	3748	913	1304	-2221	
-8911	5286	3648	890	1326	-2218	
-8898	5375	3546	864	1348	-2215	
-8885	5462	3444	840	1370	-2211	
-8871	5549	3343	814	1392	-2207	
-8854	5635	3240	788	1413	-2203	
-8836	5720	3136	764	1434	-2198	
-8817	5805	3034	737	1456	-2193	
-8798	5889	2930	712	1477	-2188	
-8777	5971	2826	686	1496	-2184	
-8754	6053	2721	660	1516	-2176	
-8730	6133	2616	635	1537	-2170	
-8705	6213	2511	609	1556	-2165	
-8675	6292	2404	581	1576	-2157	
-8648	6371	2298	556	1596	-2149	
-8619	6447	2191	529	1614	-2141	
-8588	6523	2083	501	1632	-2135	
-8555	6598	1975	476	1652	-2127	
-8522	6672	1866	451	1671	-2117	
-8487	6745	1760	424	1689	-2108	
-8452	6818	1651	396	1706	-2100	
-8416	6889	1543	371	1726	-2091	
-8375	6959	1435	344	1742	-2080	
-8338	7028	1325	317	1757	-2072	
-8298	7096	1218	291	1776	-2061	
-8254	7162	1107	264	1791	-2049	
-8210	7229	998	237	1807	-2039	
-8165	7293	888	211	1824	-2028	
-8120	7357	778	185	1840	-2016	
-8072	7419	669	159	1856	-2002	
-8024	7480	559	132	1871	-1991	
-7975	7541	448	107	1884	-1978	
-7924	7599	339	80	1900	-1965	
-7872	7657	229	55	1915	-1953	
-7819	7714	119	29	1928	-1940	
-7765	7770	9	0	1943	-1926	
-7710	7825	-102	-29	1956	-1911	
-7653	7878	-212	-65	1967	-1898	
-7596	7930	-321	-99	1980	-1883	
-7539	7981	-431	-130	1993	-1868	
-7476	8031	-542	-156	2005	-1854	
-7414	8079	-651	-179	2017	-1837	
-7352	8126	-760	-203	2029	-1821	
-7288	8172	-871	-229	2041	-1805	
-7224	8217	-980	-258	2052	-1789	
-7159	8262	-1089	-286	2063	-1774	
-7093	8303	-1199	-312	2074	-1757	
-7023	8345	-1308	-340	2084	-1739	
-6956	8385	-1416	-367	2092	-1722	
-6887	8424	-1525	-394	2101	-1705	
-6815	8461	-1634	-420	2111	-1686	
-6744	8497	-1741	-448	2120	-1669	
-6671	8532	-1849	-474	2128	-1650	
-6597	8565	-1957	-500	2137	-1630	
-6521	8597	-2064	-527	2145	-1612	
-6446	8629	-2171	-553	2152	-1593	
-6368	8658	-2278	-580	2158	-1574	
-6291	8685	-2384	-607	2166	-1554	
-6213	8713	-2491	-632	2173	-1534	
-6132	8739	-2596	-658	2179	-1515	
-6053	8764	-2702	-684	2186	-1495	
-5971	8787	-2808	-710	2191	-1474	
-5889	8809	-2911	-737	2196	-1453	
-5806	8829	-3015	-762	2201	-1432	
-5722	8847	-3118	-787	2205	-1411	
-5636	8866	-3222	-814	2209	-1390	
-5550	8882	-3324	-839	2213	-1368	
-5464	8897	-3425	-863	2217	-1346	
-5376	8911	-3527	-889	2220	-1324	
-5287	8923	-3629	-914	2223	-1302	
-5199	8934	-3729	-939	2225	-1280	
-5110	8944	-3828	-963	2228	-1258	
-5018	8952	-3929	-987	2231	-1235	
-4927	8960	-4028	-1013	2232	-1211	
-4837	8965	-4125	-1037	2232	-1189	
-4743	8970	-4225	-1060	2234	-1165	
-4650	8972	-4321	-1085	2235	-1142	
-4557	8973	-4416	-1109	2234	-1120	
-4461	8974	-4512	-1132	2233	-1095	
-4364	8973	-4607	-1155	2234	-1072	
-4267	8972	-4701	-1179	2233	-1047	
-4169	8967	-4794	-1202	2232	-1024	
-4072	8962	-4887	-1224	2230	-999	
-3976	8955	-4978	-1248	2229	-973	
-3877	8948	-5070	-1270	2228	-950	
-3777	8939	-5162	-1292	2224	-924	
-3677	8928	-5251	-1314	2222	-899	
-3576	8917	-5340	-1336	2218	-874	
-3474	8903	-5428	-1359	2214	-849	
-3374	8889	-5515	-1380	2211	-823	
-3273	8873	-5602	-1400	2207	-798	
-3170	8855	-5687	-1422	2203	-772	
-3066	8838	-5772	-1442	2198	-745	
-2962	8817	-5856	-1464	2193	-721	
-2858	8796	-5939	-1484	2187	-695	
-2754	8774	-6021	-1505	2181	-668	
-2649	8750	-6102	-1524	2175	-642	
-2544	8726	-6182	-1543	2169	-616	
-2437	8698	-6262	-1564	2162	-589	
-2331	8670	-6341	-1583	2155	-562	
-2226	8641	-6418	-1603	2147	-538	
-2119	8611	-6495	-1621	2139	-510	
-2013	8579	-6570	-1640	2130	-483	
-1908	8547	-6645	-1658	2123	-457	
-1800	8512	-6719	-1677	2114	-430	
-1692	8476	-6791	-1695	2104	-403	
-1585	8440	-6863	-1712	2094	-378	
-1476	8401	-6933	-1730	2084	-352	
-1369	8362	-7002	-1745	2076	-322	
-1259	8322	-7071	-1762	2065	-295	
-1149	8281	-7138	-1779	2055	-270	
-1041	8237	-7204	-1794	2044	-243	
-932	8192	-7269	-1810	2033	-215	
-821	8147	-7334	-1826	2021	-188	
-711	8100	-7396	-1844	2008	-163	
-602	8052	-7457	-1857	1997	-136	
-492	8003	-7518	-1872	1984	-110	
-383	7953	-7578	-1887	1972	-85	
-274	7902	-7637	-1900	1958	-59	
-163	7849	-7694	-1915	1945	-34	
-54	7794	-7751	-1929	1933	-10	
57	7740	-7806	-1943	1916	14	
167	7683	-7859	-1956	1903	39	
276	7625	-7911	-1968	1889	68	
386	7567	-7963	-1981	1875	105	
495	7507	-8013	-1992	1858	145	
604	7447	-8063	-2005	1843	182	
716	7385	-8111	-2017	1828	211	
824	7322	-8157	-2029	1811	230	
932	7258	-8202	-2040	1796	251	
1041	7192	-8246	-2051	1778	276	
1150	7127	-8289	-2061	1761	303	
1261	7059	-8330	-2070	1745	334	
1369	6990	-8370	-2081	1728	362	
1478	6921	-8410	-2090	1712	390	
1587	6850	-8448	-2099	1693	415	
1695	6778	-8484	-2107	1676	441	
1802	6706	-8519	-2116	1657	468	
1909	6631	-8554	-2125	1637	496	
2017	6557	-8587	-2133	1620	523	
2124	6482	-8618	-2141	1599	549	
2230	6405	-8648	-2148	1580	575	
2336	6328	-8677	-2155	1561	602	
2441	6249	-8705	-2161	1541	630	
2546	6170	-8731	-2167	1522	655	
2651	6089	-8756	-2173	1502	682	
2755	6008	-8779	-2179	1480	707	
2862	5927	-8801	-2186	1460	734	
2966	5843	-8822	-2190	1441	760	
3067	5759	-8842	-2194	1419	784	
3172	5675	-8860	-2198	1397	810	
3273	5589	-8877	-2202	1375	835	
3376	5502	-8893	-2206	1354	863	
3478	5415	-8907	-2209	1332	887	
3577	5327	-8920	-2213	1309	912	
3678	5236	-8932	-2215	1287	938	
3777	5147	-8942	-2217	1265	963	
3877	5057	-8951	-2219	1244	988	
3975	4966	-8958	-2221	1219	1011	
4073	4874	-8965	-2222	1196	1036	
4171	4781	-8970	-2222	1173	1061	
4268	4688	-8972	-2224	1150	1084	
4363	4593	-8974	-2224	1126	1108	
4459	4498	-8975	-2224	1102	1132	
4554	4404	-8975	-2223	1078	1156	
4648	4307	-8973	-2224	1053	1178	
4742	4209	-8969	-2223	1029	1202	
4835	4112	-8964	-2221	1005	1225	
4926	4014	-8958	-2220	981	1247	
5017	3916	-8952	-2217	956	1271	
5108	3816	-8943	-2215	931	1293	
5198	3716	-8933	-2212	907	1315	
5287	3616	-8922	-2210	881	1337	
5375	3515	-8909	-2207	855	1359	
5462	3413	-8895	-2202	832	1381	
5549	3311	-8879	-2198	805	1403	
5634	3209	-8862	-2194	779	1425	
5719	3106	-8844	-2190	753	1444	
5803	3003	-8824	-2184	727	1466	
5887	2898	-8804	-2179	701	1486	
5969	2794	-8782	-2173	675	1507	
6050	2689	-8758	-2168	650	1527	
6130	2584	-8733	-2161	624	1547	
6208	2478	-8708	-2154	597	1567	
6288	2372	-8680	-2148	571	1586	
6364	2266	-8651	-2139	544	1606	
6441	2159	-8621	-2131	518	1625	
6518	2052	-8590	-2124	492	1643	
6592	1944	-8558	-2116	464	1663	
6666	1838	-8523	-2107	437	1681	
6738	1731	-8488	-2099	410	1699	
6810	1622	-8452	-2091	383	1716	
6880	1514	-8414	-2079	358	1735	
6950	1405	-8375	-2071	331	1752	
7020	1296	-8335	-2060	304	1768	
7087	1187	-8295	-2049	278	1786	
7152	1078	-8251	-2039	250	1802	
7219	969	-8207	-2028	223	1817	
7283	859	-8162	-2017	197	1833	
7344	749	-8115	-2005	171	1848	
7407	640	-8068	-1992	145	1864	
7468	530	-8019	-1981	118	1879	
7527	420	-7969	-1969	92	1893	
7586	310	-7918	-1955	67	1909	
7643	200	-7865	-1941	41	1922	
7701	90	-7811	-1929	15	1936	
7756	-20	-7756	-1915	-14	1950	
7810	-129	-7700	-1900	-46	1963	
7863	-240	-7643	-1886	-81	1976	
7913	-350	-7585	-1872	-119	1988	
7964	-461	-7526	-1856	-149	2001	
8012	-570	-7465	-1840	-171	2014	
8060	-679	-7403	-1826	-193	2025	
8108	-789	-7341	-1810	-217	2037	
8153	-898	-7276	-1793	-244	2049	
8198	-1007	-7211	-1778	-276	2060	
8241	-1117	-7146	-1762	-304	2070	
8283	-1226	-7079	-1744	-332	2079	
8324	-1335	-7011	-1728	-358	2090	
8364	-1443	-6941	-1711	-385	2100	
8402	-1551	-6871	-1693	-412	2110	
8438	-1659	-6800	-1675	-439	2117	
8473	-1767	-6727	-1657	-466	2126	
8509	-1874	-6653	-1640	-494	2135	
8542	-1982	-6578	-1621	-520	2142	
8572	-2090	-6503	-1600	-545	2151	
8602	-2196	-6427	-1581	-572	2158	
8632	-2302	-6350	-1563	-600	2165	
8660	-2409	-6271	-1544	-626	2173	
8685	-2514	-6192	-1524	-653	2179	
8711	-2619	-6111	-1504	-679	2185	
8735	-2725	-6030	-1485	-705	2191	
8758	-2828	-5948	-1463	-731	2196	
8780	-2932	-5865	-1442	-756	2201	
8800	-3037	-5782	-1421	-782	2206	
8819	-3139	-5697	-1400	-808	2211	
8835	-3242	-5611	-1378	-834	2215	
8850	-3345	-5525	-1356	-860	2218	
8866	-3448	-5438	-1336	-884	2222	
8879	-3548	-5350	-1313	-910	2226	
8890	-3648	-5261	-1291	-935	2227	
8900	-3748	-5172	-1269	-960	2230	
8911	-3849	-5082	-1247	-985	2232	
8918	-3948	-4990	-1224	-1009	2235	
8924	-4046	-4898	-1202	-1034	2236	
8932	-4143	-4806	-1179	-1059	2236	
8935	-4240	-4713	-1155	-1083	2237	
8938	-4337	-4618	-1132	-1107	2237	
8940	-4433	-4524	-1108	-1130	2238	
8939	-4528	-4428	-1085	-1155	2237	
8938	-4623	-4332	-1061	-1177	2237	
8934	-4716	-4235	-1036	-1199	2236	
8928	-4809	-4137	-1011	-1224	2234	
8923	-4902	-4039	-988	-1248	2234	
8917	-4994	-3940	-963	-1271	2232	
8909	-5085	-3841	-938	-1293	2230	
8897	-5175	-3740	-914	-1315	2227	
8887	-5264	-3640	-888	-1336	2224	
8876	-5353	-3539	-863	-1359	2221	
8861	-5441	-3438	-839	-1380	2216	
8848	-5527	-3336	-813	-1402	2214	
8831	-5613	-3232	-788	-1425	2209	
8813	-5698	-3130	-762	-1444	2205	
8796	-5783	-3027	-736	-1465	2198	
8774	-5866	-2923	-710	-1485	2194	
8753	-5949	-2819	-683	-1506	2190	
8729	-6031	-2714	-658	-1528	2183	
8705	-6112	-2609	-634	-1548	2177	
8680	-6191	-2502	-606	-1567	2170	
8653	-6271	-2396	-581	-1587	2163	
8625	-6349	-2290	-555	-1606	2155	
8595	-6426	-2183	-527	-1625	2148	
8565	-6502	-2075	-501	-1645	2140	
8533	-6577	-1967	-473	-1662	2131	
8499	-6651	-1861	-448	-1681	2124	
8465	-6723	-1753	-423	-1701	2115	
8430	-6796	-1646	-395	-1717	2105	
8391	-6867	-1537	-368	-1735	2095	
8352	-6938	-1429	-342	-1753	2086	
8314	-7007	-1320	-316	-1770	2076	
8273	-7074	-1210	-288	-1787	2066	
8231	-7141	-1101	-260	-1803	2054	
8186	-7207	-991	-234	-1819	2044	
8141	-7271	-881	-208	-1835	2033	
8097	-7336	-773	-182	-1851	2020	
8049	-7398	-662	-155	-1866	2010	
8002	-7458	-553	-129	-1881	1996	
7951	-7519	-443	-101	-1897	1984	
7900	-7579	-332	-74	-1909	1972	
7849	-7636	-222	-51	-1924	1957	
7796	-7693	-111	-24	-1938	1945	
7741	-7748	-2	2	-1952	1931	
7686	-7803	108	27	-1966	1917	
7630	-7856	218	54	-1980	1902	
7572	-7909	328	83	-1992	1888	
7512	-7960	438	116	-2004	1874	
7452	-8009	548	149	-2017	1859	
7391	-8058	658	180	-2029	1843	
7329	-8104	768	208	-2040	1827	
7266	-8151	878	233	-2051	1811	
7201	-8197	988	257	-2064	1794	
7136	-8239	1097	283	-2073	1778	
7070	-8282	1205	311	-2083	1762	
7001	-8323	1315	338	-2094	1744	
6932	-8363	1424	366	-2104	1727	
6863	-8401	1532	393	-2113	1710	
6793	-8439	1640	419	-2123	1692	
6721	-8476	1747	446	-2133	1673	
6647	-8510	1855	474	-2140	1656	
6573	-8545	1963	500	-2148	1637	
6498	-8577	2072	525	-2156	1618	
6422	-8607	2180	553	-2163	1599	
6346	-8637	2286	580	-2172	1578	
6268	-8665	2393	608	-2177	1561	
6188	-8692	2499	634	-2183	1540	
6109	-8718	2605	658	-2190	1520	
6030	-8742	2710	685	-2195	1501	
5948	-8765	2814	711	-2202	1480	
5866	-8787	2918	736	-2208	1460	
5782	-8808	3022	762	-2212	1438	
5697	-8827	3126	787	-2217	1417	
5613	-8844	3229	812	-2221	1395	
5527	-8860	3331	838	-2225	1373	
5440	-8876	3433	863	-2229	1352	
5353	-8890	3536	888	-2232	1330	
5265	-8903	3636	913	-2234	1308	
5175	-8913	3736	937	-2239	1285	
5085	-8923	3837	963	-2239	1263	
4996	-8932	3936	987	-2240	1241	
4904	-8939	4035	1010	-2243	1216	
4813	-8944	4134	1035	-2245	1194	
4720	-8949	4231	1060	-2245	1173	
4626	-8951	4328	1085	-2245	1149	
4531	-8953	4424	1109	-2245	1125	
4436	-8954	4519	1131	-2246	1101	
4339	-8953	4615	1155	-2246	1076	
4244	-8950	4708	1179	-2243	1053	
4148	-8946	4800	1202	-2242	1028	
4050	-8942	4894	1225	-2242	1004	
3953	-8934	4987	1249	-2239	981	
3853	-8926	5078	1271	-2237	954	
3753	-8918	5168	1293	-2234	930	
3653	-8907	5258	1316	-2231	907	
3553	-8896	5347	1336	-2229	881	
3453	-8883	5434	1357	-2225	855	
3351	-8868	5524	1380	-2222	829	
3249	-8853	5609	1400	-2219	804	
3145	-8835	5694	1422	-2213	779	
3043	-8816	5780	1444	-2208	753	
2940	-8796	5863	1462	-2203	726	
2835	-8775	5946	1484	-2196	701	
2730	-8752	6028	1504	-2193	675	
2626	-8728	6110	1523	-2187	647	
2522	-8704	6190	1545	-2177	622	
2415	-8678	6269	1563	-2172	595	
2310	-8650	6347	1581	-2166	569	
2204	-8620	6426	1602	-2157	544	
2098	-8590	6501	1621	-2150	516	
1991	-8559	6577	1638	-2141	491	
1882	-8526	6652	1658	-2133	464	
1775	-8492	6725	1677	-2125	437	
1667	-8456	6798	1694	-2114	410	
1559	-8419	6869	1711	-2106	383	
1450	-8381	6940	1729	-2097	358	
1342	-8342	7009	1747	-2085	332	
1235	-8301	7077	1763	-2075	304	
1126	-8259	7145	1779	-2065	276	
1015	-8216	7211	1796	-2053	251	
906	-8172	7277	1811	-2043	225	
797	-8126	7340	1826	-2032	197	
687	-8079	7403	1843	-2020	171	
578	-8032	7464	1858	-2008	144	
468	-7982	7526	1872	-1997	119	
357	-7932	7586	1887	-1982	94	
248	-7880	7644	1901	-1969	69	
138	-7828	7701	1916	-1956	44	
29	-7773	7757	1930	-1942	20	
-81	-7719	7812	1941	-1929	-7	
-189	-7662	7865	1956	-1913	-40	
-299	-7605	7918	1969	-1898	-77	
-410	-7547	7969	1978	-1885	-122	
-520	-7486	8019	1992	-1870	-158	
-630	-7425	8069	2005	-1854	-179	
-738	-7364	8117	2018	-1838	-195	
-848	-7300	8163	2029	-1823	-215	
-958	-7237	8208	2039	-1806	-243	
-1069	-7172	8253	2050	-1789	-275	
-1177	-7105	8296	2060	-1772	-303	
-1287	-7038	8338	2071	-1757	-331	
-1395	-6970	8378	2081	-1739	-356	
-1501	-6899	8416	2091	-1719	-382	
-1610	-6828	8455	2100	-1702	-411	
-1717	-6757	8490	2109	-1684	-438	
-1825	-6685	8526	2118	-1666	-463	
-1931	-6611	8560	2126	-1648	-491	
-2038	-6536	8593	2133	-1630	-517	
-2145	-6461	8624	2140	-1611	-545	
-2250	-6384	8653	2147	-1591	-572	
-2358	-6307	8683	2154	-1571	-598	
-2462	-6229	8710	2162	-1551	-624	
-2569	-6149	8737	2168	-1532	-651	
-2674	-6068	8762	2173	-1511	-676	
-2779	-5986	8785	2180	-1492	-701	
-2885	-5905	8808	2184	-1472	-729	
-2987	-5822	8828	2190	-1449	-754	
-3090	-5737	8848	2194	-1429	-781	
-3192	-5653	8866	2197	-1409	-807	
-3295	-5568	8883	2203	-1385	-831	
-3397	-5482	8899	2207	-1363	-858	
-3498	-5394	8913	2210	-1343	-882	
-3599	-5305	8926	2213	-1319	-906	
-3699	-5217	8937	2216	-1296	-932	
-3800	-5128	8948	2218	-1275	-957	
-3900	-5037	8956	2220	-1251	-982	
-3999	-4946	8964	2221	-1231	-1007	
-4095	-4853	8970	2223	-1206	-1031	
-4192	-4761	8974	2224	-1182	-1054	
-4290	-4667	8977	2223	-1160	-1079	
-4387	-4573	8980	2226	-1133	-1103	
-4481	-4479	8981	2226	-1110	-1126	
-4576	-4384	8980	2225	-1088	-1150	
-4671	-4286	8978	2224	-1064	-1174	
-4763	-4189	8975	2222	-1040	-1198	
-4857	-4092	8970	2220	-1016	-1219	
-4948	-3993	8964	2220	-990	-1243	
-5040	-3894	8957	2218	-966	-1267	
-5131	-3795	8949	2215	-941	-1288	
-5221	-3695	8937	2212	-917	-1311	
-5310	-3595	8927	2207	-892	-1333	
-5396	-3494	8914	2205	-865	-1355	
-5485	-3392	8899	2204	-840	-1376	
-5571	-3290	8885	2197	-816	-1399	
-5656	-3188	8867	2194	-791	-1419	
-5742	-3084	8850	2190	-764	-1439	
-5825	-2980	8831	2185	-738	-1462	
-5908	-2877	8809	2179	-712	-1481	
-5990	-2773	8786	2173	-684	-1502	
-6072	-2668	8763	2168	-660	-1522	
-6152	-2562	8738	2161	-633	-1541	
-6232	-2456	8713	2155	-607	-1562	
-6311	-2351	8686	2148	-581	-1580	
-6387	-2244	8657	2141	-553	-1599	
-6464	-2138	8627	2133	-527	-1619	
-6540	-2031	8596	2125	-499	-1639	
-6615	-1923	8562	2119	-473	-1657	
-6688	-1816	8529	2108	-446	-1674	
-6761	-1707	8495	2098	-420	-1693	
-6832	-1599	8457	2090	-394	-1710	
-6902	-1492	8420	2080	-366	-1729	
-6972	-1383	8381	2070	-340	-1746	
-7040	-1275	8341	2060	-312	-1762	
-7108	-1166	8300	2051	-285	-1779	
-7174	-1056	8257	2039	-259	-1795	
-7240	-947	8213	2027	-232	-1811	
-7304	-838	8167	2015	-206	-1828	
-7367	-728	8121	2005	-178	-1843	
-7430	-618	8073	1994	-151	-1857	
-7490	-509	8025	1979	-126	-1874	
-7550	-398	7975	1968	-98	-1887	
-7610	-290	7923	1956	-73	-1902	
-7667	-179	7871	1941	-48	-1917	
-7722	-68	7817	1929	-22	-1930	
-7777	41	7762	1915	3	-1945	
-7831	152	7705	1901	28	-1959	
-7884	261	7649	1887	56	-1971	
-7936	371	7591	1872	88	-1983	
-7987	481	7531	1857	122	-1996	
-8035	591	7471	1843	158	-2007	
-8083	701	7409	1827	191	-2020	
-8131	811	7346	1811	218	-2031	
-8177	921	7282	1797	240	-2041	
-8221	1030	7217	1778	262	-2056	
-8264	1138	7151	1762	288	-2064	
-8306	1247	7085	1745	317	-2074	
-8346	1356	7015	1727	346	-2084	
-8385	1465	6945	1711	374	-2094	
-8423	1574	6875	1693	401	-2104	
-8460	1682	6804	1675	427	-2112	
-8496	1790	6732	1657	454	-2121	
-8531	1897	6659	1639	481	-2129	
-8563	2005	6585	1619	508	-2138	
-8595	2112	6509	1603	537	-2145	
-8625	2218	6432	1582	561	-2153	
-8654	2324	6355	1561	587	-2160	
-8683	2431	6277	1545	616	-2166	
-8710	2537	6199	1524	641	-2173	
-8736	2642	6118	1504	667	-2179	
-8759	2747	6036	1485	693	-2185	
-8781	2852	5954	1463	719	-2190	
-8802	2955	5871	1442	746	-2195	
-8821	3059	5788	1422	771	-2200	
-8841	3163	5702	1400	797	-2204	
-8858	3265	5617	1379	824	-2208	
-8874	3368	5531	1358	849	-2213	
-8889	3469	5444	1336	874	-2217	
-8901	3570	5356	1315	899	-2219	
-8914	3672	5266	1293	925	-2223	
-8925	3771	5177	1270	950	-2225	
-8933	3870	5087	1248	973	-2226	
-8941	3970	4995	1225	999	-2229	
-8949	4068	4904	1201	1023	-2230	
-8954	4165	4812	1178	1047	-2231	
-8957	4263	4718	1154	1072	-2232	
-8961	4359	4623	1133	1096	-2232	
-8961	4455	4529	1109	1119	-2233	
-8961	4550	4433	1083	1142	-2233	
-8961	4645	4337	1060	1167	-2232	
-8956	4739	4239	1037	1191	-2231	
-8952	4832	4142	1012	1214	-2230	
-8947	4924	4045	989	1237	-2227	
-8941	5016	3946	963	1258	-2224	
-8933	5107	3846	939	1281	-2223	
-8922	5197	3747	914	1304	-2222	
-8911	5286	3647	889	1325	-2219	
-8899	5375	3546	865	1349	-2214	
-8885	5463	3444	839	1371	-2211	
-8870	5549	3341	813	1391	-2209	
-8854	5635	3240	789	1413	-2203	
-8837	5720	3137	764	1435	-2197	
-8819	5805	3033	737	1455	-2194	
-8798	5889	2929	712	1477	-2189	
-8774	5971	2824	687	1498	-2183	
-8753	6053	2720	659	1516	-2178	
-8729	6133	2615	634	1536	-2171	
-8703	6213	2510	608	1556	-2164	
-8677	6293	2404	581	1576	-2157	
-8647	6370	2297	555	1596	-2150	
-8618	6447	2191	529	1614	-2143	
-8587	6523	2083	503	1635	-2135	
-8555	6598	1975	476	1653	-2125	
-8522	6673	1867	448	1669	-2117	
-8487	6746	1760	421	1687	-2110	
-8452	6818	1652	397	1708	-2099	
-8416	6889	1543	372	1725	-2090	
-8376	6959	1434	343	1741	-2081	
-8336	7028	1325	317	1758	-2071	
-8295	7096	1216	291	1775	-2060	
-8254	7163	1107	263	1792	-2049	
-8211	7229	997	238	1807	-2038	
-8166	7294	887	211	1825	-2027	
-8119	7357	778	185	1841	-2015	
-8072	7419	669	159	1855	-2004	
-8024	7480	558	132	1870	-1992	
-7974	7541	448	106	1885	-1979	
-7924	7600	339	81	1901	-1965	
-7874	7658	229	55	1914	-1953	
-7819	7714	118	29	1930	-1939	
-7765	7770	8	2	1944	-1924	
-7709	7825	-102	-30	1954	-1912	
-7652	7878	-212	-64	1968	-1898	
-7595	7930	-322	-99	1981	-1883	
-7537	7982	-432	-131	1993	-1869	
-7476	8030	-542	-156	2006	-1853	
-7415	8079	-652	-178	2018	-1838	
-7353	8127	-761	-203	2030	-1822	
-7289	8173	-872	-229	2041	-1806	
-7225	8217	-981	-258	2051	-1790	
-7158	8261	-1089	-287	2063	-1775	
-7092	8304	-1199	-312	2074	-1757	
-7025	8345	-1309	-340	2083	-1740	
-6955	8385	-1418	-367	2092	-1722	
-6885	8424	-1526	-393	2102	-1704	
-6814	8461	-1634	-421	2111	-1687	
-6743	8496	-1742	-447	2121	-1667	
-6671	8532	-1850	-474	2129	-1650	
-6597	8565	-1958	-500	2137	-1631	
-6522	8597	-2064	-527	2145	-1613	
-6446	8629	-2172	-554	2151	-1594	
-6369	8658	-2278	-580	2159	-1573	
-6293	8687	-2384	-606	2167	-1553	
-6213	8713	-2491	-632	2173	-1534	
-6132	8739	-2597	-658	2180	-1515	
-6052	8764	-2702	-684	2186	-1494	
-5971	8787	-2807	-711	2191	-1474	
-5889	8809	-2911	-737	2196	-1454	
-5805	8828	-3016	-762	2201	-1432	
-5720	8847	-3119	-788	2205	-1411	
-5636	8865	-3222	-813	2210	-1389	
-5551	8883	-3324	-838	2213	-1367	
-5464	8898	-3427	-863	2217	-1346	
-5377	8910	-3528	-889	2221	-1324	
-5289	8923	-3628	-915	2222	-1302	
-5199	8933	-3729	-940	2225	-1281	
-5108	8944	-3830	-963	2229	-1258	
-5019	8953	-3930	-988	2231	-1234	
-4929	8959	-4027	-1013	2232	-1213	
-4835	8965	-4126	-1036	2233	-1189	
-4743	8970	-4224	-1061	2233	-1166	
-4650	8972	-4321	-1085	2233	-1143	
-4554	8974	-4417	-1108	2234	-1118	
-4460	8975	-4512	-1132	2234	-1095	
-4365	8973	-4608	-1155	2234	-1070	
-4268	8970	-4701	-1179	2233	-1046	
-4171	8967	-4795	-1202	2231	-1022	
-4074	8962	-4888	-1224	2230	-998	
-3976	8955	-4979	-1247	2229	-973	
-3875	8947	-5072	-1270	2227	-949	
-3775	8939	-5162	-1292	2224	-924	
-3676	8928	-5251	-1314	2221	-899	
-3574	8916	-5341	-1337	2217	-874	
-3473	8903	-5428	-1357	2213	-848	
-3373	8888	-5516	-1379	2211	-823	
-3272	8873	-5603	-1401	2206	-798	
-3169	8856	-5688	-1422	2202	-771	
-3066	8837	-5772	-1444	2197	-747	
-2962	8818	-5856	-1464	2192	-720	
-2859	8796	-5940	-1484	2187	-693	
-2754	8773	-6021	-1505	2180	-669	
-2647	8750	-6103	-1525	2175	-643	
-2542	8724	-6183	-1544	2169	-616	
-2437	8698	-6262	-1564	2161	-591	
-2332	8671	-6341	-1584	2153	-564	
-2224	8642	-6418	-1601	2148	-536	
-2118	8611	-6494	-1621	2139	-512	
-2012	8579	-6571	-1640	2131	-484	
-1905	8546	-6645	-1658	2123	-456	
-1800	8512	-6718	-1676	2112	-430	
-1692	8476	-6791	-1693	2104	-403	
-1585	8439	-6863	-1711	2096	-376	
-1477	8401	-6933	-1728	2085	-350	
-1367	8362	-7002	-1745	2075	-323	
-1260	8321	-7071	-1762	2065	-296	
-1149	8279	-7138	-1778	2056	-270	
-1039	8236	-7204	-1794	2044	-242	
-930	8192	-7270	-1811	2032	-216	
-822	8148	-7334	-1828	2020	-189	
-711	8101	-7396	-1842	2009	-162	
-600	8053	-7459	-1858	1997	-138	
-491	8004	-7519	-1873	1984	-110	
-382	7952	-7579	-1887	1971	-85	
-273	7901	-7637	-1902	1958	-59	
-163	7849	-7695	-1915	1945	-34	
-53	7794	-7750	-1929	1932	-10	
57	7739	-7805	-1943	1917	14	
166	7683	-7859	-1956	1904	38	
276	7625	-7912	-1970	1889	70	
386	7566	-7964	-1983	1872	103	
495	7507	-8014	-1994	1859	142	
606	7447	-8062	-2006	1843	180	
714	7385	-8111	-2017	1827	209	
825	7322	-8156	-2028	1813	232	
933	7257	-8202	-2039	1795	252	
1043	7192	-8247	-2050	1779	275	
1152	7126	-8290	-2061	1762	304	
1260	7058	-8331	-2071	1746	333	
1370	6989	-8371	-2080	1727	362	
1478	6920	-8411	-2090	1711	390	
1586	6849	-8448	-2098	1694	416	
1695	6778	-8484	-2108	1675	442	
1804	6705	-8520	-2117	1657	470	
1911	6631	-8554	-2125	1637	496	
2016	6557	-8587	-2133	1619	521	
2124	6481	-8619	-2141	1601	549	
2231	6406	-8649	-2149	1580	575	
2337	6328	-8677	-2154	1561	603	
2443	6248	-8705	-2160	1541	629	
2547	6169	-8731	-2167	1522	655	
2652	6088	-8756	-2173	1501	682	
2757	6008	-8780	-2179	1481	707	
2862	5926	-8802	-2185	1460	733	
2966	5843	-8822	-2189	1440	759	
3068	5758	-8842	-2193	1420	785	
3171	5673	-8861	-2199	1398	811	
3273	5587	-8878	-2202	1376	837	
3375	5501	-8893	-2207	1354	861	
3477	5415	-8908	-2210	1331	887	
3578	5326	-8920	-2212	1309	912	
3679	5238	-8932	-2216	1287	938	
3778	5147	-8942	-2218	1265	962	
3877	5056	-8950	-2220	1241	986	
3977	4965	-8958	-2221	1219	1012	
4074	4872	-8965	-2223	1196	1036	
4172	4782	-8969	-2224	1173	1060	
4268	4688	-8973	-2224	1150	1084	
4365	4593	-8975	-2223	1126	1108	
4461	4498	-8975	-2224	1102	1133	
4554	4402	-8975	-2224	1077	1156	
4647	4306	-8972	-2222	1053	1180	
4741	4209	-8968	-2223	1030	1202	
4835	4112	-8965	-2221	1005	1225	
4928	4013	-8959	-2220	980	1249	
5019	3915	-8952	-2217	955	1272	
5110	3816	-8943	-2214	930	1294	
5198	3716	-8933	-2213	906	1316	
5287	3617	-8922	-2210	880	1338	
5376	3515	-8908	-2206	856	1360	
5462	3413	-8894	-2201	831	1381	
5548	3311	-8878	-2198	805	1403	
5633	3208	-8862	-2194	779	1425	
5718	3105	-8844	-2189	753	1446	
5803	3002	-8825	-2185	727	1466	
5885	2898	-8804	-2179	702	1488	
5968	2793	-8782	-2175	676	1508	
6051	2689	-8757	-2168	649	1528	
6130	2583	-8733	-2161	622	1547	
6210	2478	-8708	-2155	597	1567	
6289	2372	-8680	-2148	570	1587	
6366	2265	-8651	-2141	543	1607	
6443	2160	-8621	-2131	518	1625	
6519	2052	-8590	-2125	492	1643	
6594	1944	-8558	-2115	465	1663	
6666	1837	-8523	-2107	436	1680	
6738	1730	-8488	-2100	410	1698	
6810	1621	-8452	-2089	384	1717	
6880	1513	-8414	-2081	357	1734	
6951	1405	-8376	-2070	331	1751	
7019	1295	-8335	-2060	303	1768	
7087	1186	-8294	-2050	277	1785	
7153	1077	-8251	-2039	251	1801	
7219	968	-8207	-2028	222	1817	
7283	858	-8160	-2015	197	1833	
7345	749	-8114	-2005	171	1849	
7407	640	-8068	-1992	146	1863	
7467	529	-8018	-1980	118	1880	
7527	420	-7969	-1967	92	1895	
7585	310	-7918	-1955	67	1909	
7643	199	-7865	-1942	41	1923	
7700	89	-7811	-1928	15	1937	
7756	-20	-7756	-1915	-14	1950	
7810	-130	-7701	-1900	-45	1963	
7863	-241	-7644	-1887	-81	1976	
7915	-350	-7585	-1872	-119	1989	
7965	-460	-7525	-1856	-149	2001	
8013	-570	-7465	-1843	-173	2014	
8061	-680	-7402	-1825	-193	2025	
8109	-789	-7340	-1810	-218	2037	
8154	-899	-7276	-1795	-246	2048	
8198	-1008	-7212	-1778	-276	2059	
8241	-1117	-7146	-1762	-305	2070	
8282	-1226	-7079	-1745	-331	2081	
8323	-1335	-7010	-1727	-358	2090	
8364	-1443	-6940	-1710	-385	2099	
8402	-1551	-6870	-1693	-412	2109	
8438	-1659	-6799	-1675	-439	2119	
8475	-1768	-6727	-1657	-466	2127	
8509	-1875	-6653	-1638	-494	2135	
8540	-1982	-6579	-1619	-519	2143	
8572	-2089	-6502	-1601	-545	2151	
8603	-2196	-6426	-1581	-572	2158	
8631	-2302	-6349	-1562	-599	2165	
8660	-2409	-6271	-1542	-625	2172	
8687	-2515	-6192	-1523	-653	2178	
8711	-2620	-6111	-1504	-679	2185	
8734	-2725	-6030	-1483	-704	2191	
8757	-2830	-5948	-1463	-732	2195	
8779	-2934	-5866	-1443	-758	2201	
8800	-3037	-5781	-1422	-783	2206	
8819	-3140	-5696	-1401	-808	2210	
8835	-3243	-5612	-1379	-834	2214	
8850	-3345	-5525	-1357	-859	2218	
8866	-3447	-5438	-1335	-883	2221	
8880	-3549	-5349	-1313	-910	2224	
8891	-3649	-5260	-1291	-937	2228	
8902	-3749	-5171	-1269	-961	2229	
8912	-3849	-5082	-1247	-986	2231	
8918	-3948	-4990	-1225	-1010	2234	
8924	-4046	-4897	-1201	-1034	2236	
8931	-4144	-4805	-1179	-1058	2236	
8935	-4240	-4712	-1156	-1083	2237	
8938	-4338	-4618	-1132	-1108	2238	
8939	-4433	-4523	-1108	-1131	2237	
8937	-4528	-4427	-1083	-1154	2238	
8936	-4623	-4331	-1059	-1177	2237	
8933	-4717	-4234	-1036	-1201	2235	
8929	-4810	-4137	-1011	-1224	2235	
8924	-4902	-4038	-987	-1247	2234	
8917	-4994	-3940	-963	-1269	2231	
8909	-5086	-3842	-940	-1294	2229	
8897	-5176	-3740	-914	-1315	2227	
8888	-5264	-3640	-888	-1338	2223	
8875	-5353	-3539	-863	-1359	2220	
8862	-5441	-3436	-839	-1381	2218	
8847	-5527	-3335	-813	-1402	2212	
8830	-5614	-3233	-787	-1423	2208	
8814	-5699	-3130	-762	-1446	2204	
8794	-5783	-3027	-735	-1466	2199	
8772	-5867	-2922	-710	-1485	2193	
8752	-5949	-2818	-684	-1506	2188	
8730	-6031	-2713	-659	-1528	2181	
8706	-6111	-2607	-633	-1549	2175	
8682	-6192	-2503	-606	-1568	2170	
8654	-6272	-2397	-580	-1587	2163	
8623	-6349	-2289	-553	-1607	2156	
8595	-6425	-2182	-529	-1627	2148	
8564	-6502	-2075	-501	-1643	2140	
8532	-6577	-1967	-474	-1662	2132	
8499	-6651	-1860	-449	-1682	2123	
8464	-6724	-1752	-420	-1700	2116	
8429	-6796	-1644	-395	-1718	2105	
8390	-6867	-1536	-368	-1734	2096	
8352	-6937	-1427	-340	-1751	2086	
8315	-7006	-1318	-315	-1769	2076	
8274	-7074	-1210	-287	-1787	2066	
8230	-7142	-1100	-261	-1803	2055	
8186	-7207	-991	-235	-1820	2045	
8141	-7273	-882	-207	-1835	2033	
8095	-7335	-772	-181	-1850	2021	
8049	-7397	-661	-156	-1866	2009	
7999	-7459	-550	-129	-1881	1998	
7950	-7519	-441	-102	-1897	1985	
7902	-7579	-331	-77	-1911	1971	
7849	-7637	-221	-51	-1924	1958	
7794	-7694	-111	-25	-1940	1944	
7739	-7749	-1	0	-1954	1931	
7685	-7803	109	26	-1967	1918	
7630	-7857	219	54	-1979	1903	
7573	-7909	329	83	-1992	1888	
7512	-7960	440	117	-2004	1874	
7452	-8009	548	149	-2017	1858	
7391	-8057	659	181	-2030	1844	
7329	-8106	769	210	-2040	1829	
7267	-8151	878	233	-2053	1810	
7201	-8196	988	259	-2063	1795	
7135	-8239	1096	284	-2072	1780	
7070	-8282	1205	310	-2084	1762	
7001	-8324	1315	340	-2093	1744	
6932	-8363	1424	368	-2102	1728	
6864	-8402	1532	394	-2114	1711	
6792	-8439	1641	419	-2123	1691	
6720	-8476	1749	446	-2131	1673	
6647	-8511	1857	474	-2141	1655	
6572	-8544	1965	499	-2148	1637	
6498	-8576	2073	526	-2156	1618	
6422	-8607	2180	554	-2163	1599	
6345	-8637	2287	580	-2170	1580	
6268	-8666	2394	605	-2179	1560	
6188	-8694	2500	632	-2184	1540	
6110	-8719	2606	658	-2189	1520	
6028	-8742	2711	683	-2197	1499	
5947	-8766	2815	709	-2203	1479	
5866	-8787	2919	735	-2207	1459	
5782	-8808	3022	762	-2212	1437	
5697	-8826	3127	788	-2217	1417	
5612	-8844	3228	814	-2221	1396	
5526	-8862	3331	838	-2224	1373	
5440	-8877	3435	863	-2228	1352	
5353	-8890	3536	889	-2232	1330	
5264	-8901	3637	914	-2236	1308	
5175	-8913	3737	940	-2237	1286	
5085	-8923	3838	964	-2239	1263	
4995	-8932	3935	988	-2240	1240	
4905	-8939	4035	1014	-2241	1218	
4813	-8944	4134	1037	-2243	1195	
4720	-8949	4230	1060	-2245	1172	
4626	-8951	4328	1084	-2245	1148	
4531	-8954	4424	1109	-2245	1125	
4434	-8954	4520	1130	-2246	1102	
4339	-8952	4614	1155	-2245	1077	
4243	-8951	4708	1179	-2244	1052	
4146	-8946	4803	1202	-2244	1030	
4049	-8941	4894	1225	-2242	1005	
3951	-8935	4986	1247	-2241	978	
3853	-8927	5078	1270	-2236	955	
3752	-8919	5169	1293	-2234	929	
3652	-8907	5258	1313	-2234	904	
3553	-8894	5348	1336	-2230	881	
3453	-8882	5435	1358	-2226	854	
3351	-8868	5523	1379	-2222	829	
3247	-8852	5609	1401	-2217	804	
3145	-8835	5695	1422	-2213	778	
3042	-8816	5780	1442	-2208	753	
2938	-8796	5864	1463	-2203	727	
2834	-8774	5947	1484	-2198	700	
2730	-8753	6028	1506	-2191	675	
2626	-8729	6109	1525	-2183	650	
2521	-8704	6191	1544	-2179	622	
2415	-8678	6270	1565	-2171	597	
2311	-8650	6347	1584	-2164	570	
2205	-8621	6426	1601	-2158	543	
2098	-8590	6503	1620	-2150	517	
1991	-8558	6577	1639	-2142	490	
1882	-8525	6652	1658	-2134	463	
1775	-8491	6726	1676	-2124	436	
1667	-8455	6799	1694	-2115	410	
1558	-8419	6869	1711	-2106	383	
1450	-8381	6940	1729	-2095	357	
1341	-8342	7009	1745	-2088	328	
1233	-8301	7077	1762	-2077	302	
1124	-8259	7145	1780	-2063	277	
1015	-8215	7212	1794	-2056	249	
906	-8172	7277	1810	-2044	222	
795	-8126	7340	1828	-2031	196	
687	-8079	7403	1842	-2020	171	
578	-8031	7465	1858	-2008	145	
468	-7983	7525	1872	-1995	119	
357	-7932	7586	1887	-1982	93	
247	-7880	7644	1902	-1968	69	
139	-7828	7701	1916	-1955	43	
28	-7774	7757	1929	-1942	19	
-81	-7718	7813	1943	-1927	-6	
-190	-7662	7866	1957	-1912	-38	
-301	-7604	7918	1968	-1898	-78	
-411	-7546	7971	1982	-1883	-120	
-520	-7487	8020	1994	-1870	-158	
-630	-7424	8069	2005	-1855	-180	
-740	-7363	8116	2017	-1839	-194	
-848	-7301	8164	2029	-1822	-216	
-960	-7236	8209	2039	-1807	-243	
-1069	-7171	8253	2050	-1790	-274	
-1177	-7105	8296	2060	-1773	-304	
-1288	-7037	8337	2070	-1756	-330	
-1396	-6968	8378	2081	-1738	-356	
-1504	-6898	8417	2089	-1723	-384	
-1612	-6828	8454	2099	-1703	-411	
-1718	-6756	8491	2108	-1684	-438	
-1824	-6684	8526	2115	-1668	-465	
-1933	-6611	8560	2125	-1647	-491	
-2040	-6536	8592	2133	-1629	-518	
-2145	-6460	8624	2140	-1611	-545	
-2251	-6384	8654	2148	-1591	-573	
-2356	-6307	8683	2155	-1571	-598	
-2463	-6229	8711	2162	-1552	-623	
-2568	-6149	8737	2168	-1532	-650	
-2675	-6068	8762	2173	-1512	-677	
-2778	-5986	8785	2179	-1492	-703	
-2883	-5904	8807	2186	-1469	-727	
-2987	-5821	8828	2190	-1449	-755	
-3089	-5737	8847	2195	-1428	-781	
-3194	-5653	8867	2200	-1406	-804	
-3296	-5568	8884	2202	-1387	-831	
-3398	-5480	8899	2206	-1363	-857	
-3498	-5393	8912	2209	-1342	-882	
-3600	-5305	8925	2212	-1321	-908	
