-4041	-4904	8967	2222	-1218	-1018	
-4141	-4813	8972	2222	-1196	-1043	
-4237	-4719	8976	2223	-1173	-1067	
-4332	-4625	8979	2224	-1148	-1090	
-4428	-4532	8980	2224	-1125	-1114	
-4525	-4436	8980	2224	-1101	-1138	
-4620	-4340	8979	2224	-1077	-1161	
-4712	-4243	8978	2223	-1054	-1184	
-4805	-4146	8973	2222	-1029	-1207	
-4898	-4048	8968	2220	-1005	-1231	
-4989	-3949	8962	2218	-980	-1253	
-5081	-3850	8953	2218	-954	-1276	
-5172	-3750	8944	2215	-930	-1299	
-5260	-3650	8933	2213	-904	-1321	
-5348	-3550	8921	2210	-879	-1341	
-5437	-3447	8908	2205	-854	-1364	
-5523	-3346	8893	2200	-829	-1386	
-5609	-3244	8877	2197	-804	-1408	
-5695	-3142	8859	2190	-779	-1431	
-5780	-3038	8841	2185	-754	-1451	
-5863	-2935	8821	2182	-726	-1469	
-5945	-2830	8800	2176	-700	-1491	
-6025	-2724	8776	2171	-674	-1510	
-6108	-2620	8753	2165	-648	-1531	
-6188	-2515	8728	2157	-621	-1552	
-6267	-2410	8701	2152	-593	-1570	
-6345	-2303	8673	2144	-568	-1590	
-6422	-2197	8644	2135	-542	-1609	
-6499	-2090	8612	2129	-515	-1627	
-6575	-1982	8581	2121	-489	-1646	
-6649	-1875	8549	2112	-462	-1665	
-6721	-1767	8514	2104	-435	-1684	
-6792	-1659	8478	2095	-408	-1701	
-6864	-1551	8441	2086	-381	-1718	
-6935	-1443	8403	2075	-354	-1736	
-7003	-1335	8364	2065	-327	-1753	
-7070	-1225	8322	2056	-301	-1769	
-7138	-1116	8280	2045	-272	-1785	
-7204	-1008	8236	2034	-246	-1802	
-7268	-898	8192	2025	-219	-1818	
-7332	-789	8147	2012	-192	-1834	
-7396	-679	8100	1999	-167	-1850	
-7457	-569	8052	1988	-140	-1866	
-7517	-459	8003	1974	-114	-1880	
-7576	-349	7952	1963	-88	-1895	
-7634	-240	7900	1949	-62	-1909	
-7692	-130	7847	1936	-36	-1923	
-7748	-19	7792	1923	-10	-1937	
-7803	91	7738	1909	14	-1952	
-7856	199	7681	1895	40	-1964	
-7908	310	7622	1880	70	-1976	
-7959	421	7565	1866	103	-1990	
-8009	530	7504	1850	140	-2002	
-8057	640	7442	1835	173	-2013	
-8105	749	7380	1820	202	-2026	
-8151	860	7318	1803	227	-2037	
-8196	969	7254	1787	249	-2048	
-8240	1078	7188	1770	273	-2058	
-8284	1188	7122	1754	301	-2069	
-8325	1297	7054	1738	330	-2079	
-8365	1405	6985	1719	358	-2089	
-8403	1514	6915	1703	385	-2098	
-8441	1621	6844	1684	412	-2109	
-8476	1730	6772	1667	441	-2118	
-8512	1839	6699	1649	466	-2126	
-8547	1945	6627	1629	492	-2133	
-8578	2052	6551	1611	520	-2141	
-8609	2160	6474	1594	547	-2149	
-8639	2266	6398	1573	573	-2156	
-8668	2372	6321	1554	599	-2163	
-8695	2479	6242	1536	627	-2170	
-8721	2584	6161	1515	652	-2176	
-8746	2688	6082	1495	679	-2182	
-8768	2795	6001	1474	705	-2188	
-8791	2899	5917	1454	731	-2193	
-8812	3003	5834	1435	758	-2197	
-8832	3105	5750	1413	784	-2203	
-8848	3208	5664	1392	810	-2206	
-8865	3312	5579	1371	835	-2211	
-8881	3413	5492	1348	860	-2215	
-8895	3514	5404	1326	884	-2218	
-8908	3615	5316	1305	910	-2222	
-8920	3715	5227	1282	935	-2224	
-8930	3817	5138	1261	959	-2226	
-8938	3916	5046	1237	985	-2228	
-8944	4015	4954	1214	1010	-2230	
-8951	4113	4862	1192	1035	-2231	
-8956	4210	4769	1167	1057	-2232	
-8959	4307	4676	1143	1082	-2233	
-8961	4403	4581	1122	1109	-2232	
-8962	4498	4486	1097	1130	-2234	
-8960	4593	4390	1074	1154	-2234	
-8959	4687	4293	1052	1177	-2231	
-8956	4780	4196	1025	1201	-2231	
-8952	4873	4099	1001	1225	-2229	
-8946	4966	4001	978	1246	-2228	
-8936	5057	3902	953	1269	-2227	
-8927	5147	3801	927	1292	-2222	
-8918	5236	3702	902	1314	-2219	
-8906	5326	3601	878	1336	-2216	
-8894	5414	3500	853	1359	-2213	
-8878	5501	3398	829	1381	-2209	
-8862	5589	3297	803	1402	-2206	
-8847	5674	3193	779	1425	-2201	
-8827	5759	3090	752	1444	-2195	
-8809	5843	2987	725	1464	-2192	
-8788	5926	2882	701	1485	-2186	
-8765	6008	2779	675	1505	-2179	
-8741	6088	2674	649	1526	-2174	
-8717	6170	2569	623	1546	-2168	
-8691	6249	2463	596	1565	-2161	
-8664	6328	2356	569	1585	-2153	
-8634	6405	2249	543	1604	-2147	
-8604	6482	2142	518	1623	-2139	
-8574	6558	2035	491	1643	-2131	
-8542	6632	1926	464	1662	-2123	
-8508	6705	1819	437	1678	-2114	
-8473	6778	1711	411	1697	-2105	
-8436	6851	1603	384	1714	-2096	
-8398	6921	1495	358	1732	-2088	
-8357	6989	1385	331	1749	-2077	
-8318	7058	1276	304	1765	-2066	
-8277	7126	1166	278	1783	-2056	
-8234	7192	1058	252	1799	-2044	
-8190	7258	948	225	1815	-2034	
-8145	7323	838	199	1831	-2022	
-8098	7385	729	172	1846	-2011	
-8051	7447	619	147	1863	-1999	
-8002	7508	509	121	1879	-1985	
-7950	7568	398	95	1892	-1973	
-7900	7626	289	69	1906	-1960	
-7848	7683	179	44	1920	-1947	
-7794	7741	68	16	1934	-1934	
-7739	7795	-41	-13	1948	-1919	
-7684	7848	-151	-45	1960	-1906	
-7628	7902	-261	-80	1974	-1892	
-7569	7953	-371	-114	1987	-1878	
-7510	8004	-480	-143	1999	-1862	
-7449	8052	-591	-165	2012	-1845	
-7388	8100	-701	-187	2024	-1829	
-7324	8148	-810	-214	2035	-1815	
-7259	8193	-921	-241	2046	-1799	
-7195	8237	-1030	-270	2057	-1782	
-7128	8280	-1139	-298	2067	-1766	
-7061	8323	-1248	-326	2076	-1748	
-6994	8363	-1356	-351	2088	-1731	
-6925	8402	-1466	-377	2097	-1715	
-6856	8441	-1574	-406	2106	-1697	
-6783	8477	-1683	-433	2116	-1679	
-6710	8513	-1791	-460	2124	-1661	
-6637	8547	-1897	-486	2134	-1641	
-6562	8579	-2005	-513	2140	-1623	
-6489	8611	-2113	-541	2147	-1604	
-6412	8641	-2220	-564	2157	-1585	
-6334	8671	-2326	-591	2163	-1567	
-6256	8698	-2433	-619	2168	-1547	
-6177	8725	-2539	-644	2176	-1526	
-6098	8750	-2644	-671	2182	-1506	
-6016	8773	-2750	-697	2187	-1485	
-5934	8797	-2855	-722	2193	-1465	
-5851	8817	-2959	-748	2197	-1444	
-5768	8838	-3062	-774	2203	-1422	
-5683	8856	-3166	-800	2209	-1402	
-5596	8873	-3269	-825	2211	-1380	
-5511	8889	-3371	-849	2216	-1357	
-5423	8903	-3473	-874	2219	-1337	
-5336	8916	-3573	-900	2222	-1316	
-5249	8928	-3674	-924	2226	-1293	
-5160	8939	-3774	-950	2227	-1270	
-5070	8948	-3875	-974	2229	-1247	
-4977	8956	-3974	-999	2231	-1225	
-4886	8963	-4072	-1024	2231	-1203	
-4794	8967	-4170	-1047	2233	-1179	
-4700	8971	-4268	-1072	2234	-1156	
-4607	8973	-4364	-1096	2234	-1132	
-4514	8974	-4460	-1118	2234	-1107	
-4417	8973	-4556	-1143	2234	-1084	
-4320	8972	-4650	-1166	2234	-1059	
-4224	8969	-4743	-1189	2234	-1036	
-4127	8964	-4836	-1211	2233	-1011	
-4028	8959	-4929	-1234	2230	-987	
-3930	8952	-5021	-1257	2229	-963	
-3831	8944	-5112	-1280	2226	-937	
-3731	8934	-5202	-1303	2223	-913	
-3629	8922	-5292	-1323	2220	-888	
-3530	8910	-5380	-1345	2217	-863	
-3429	8896	-5467	-1367	2214	-838	
-3326	8881	-5555	-1390	2209	-812	
-3226	8865	-5640	-1411	2204	-786	
-3123	8847	-5726	-1431	2200	-761	
-3018	8827	-5810	-1452	2195	-736	
-2916	8808	-5893	-1472	2191	-708	
-2810	8785	-5977	-1492	2186	-683	
-2704	8762	-6059	-1512	2179	-657	
-2599	8739	-6140	-1533	2170	-631	
-2496	8712	-6219	-1553	2164	-604	
-2389	8686	-6298	-1573	2158	-577	
-2283	8657	-6376	-1592	2151	-551	
-2177	8627	-6452	-1610	2144	-525	
-2073	8597	-6529	-1630	2136	-500	
-1966	8565	-6604	-1646	2127	-471	
-1857	8531	-6678	-1665	2119	-445	
-1751	8497	-6752	-1684	2110	-419	
-1643	8460	-6823	-1700	2101	-391	
-1535	8423	-6896	-1718	2092	-365	
-1428	8384	-6965	-1735	2082	-339	
-1317	8344	-7034	-1752	2072	-311	
-1208	8303	-7102	-1770	2061	-284	
-1100	8261	-7167	-1786	2049	-258	
-992	8217	-7234	-1802	2039	-231	
-882	8173	-7299	-1818	2028	-203	
-773	8127	-7362	-1833	2015	-177	
-663	8079	-7425	-1849	2004	-151	
-551	8030	-7485	-1865	1992	-125	
-441	7981	-7545	-1878	1980	-98	
-331	7931	-7605	-1894	1966	-74	
-223	7878	-7663	-1908	1951	-48	
-112	7825	-7719	-1920	1940	-23	
-2	7770	-7775	-1935	1926	0	
106	7715	-7829	-1949	1911	25	
217	7658	-7883	-1962	1897	52	
327	7599	-7935	-1974	1883	85	
436	7540	-7985	-1986	1867	124	
544	7480	-8035	-1998	1853	163	
653	7419	-8084	-2010	1836	197	
763	7356	-8132	-2022	1821	219	
873	7292	-8178	-2033	1805	239	
983	7228	-8223	-2045	1787	260	
1092	7162	-8267	-2053	1771	288	
1201	7095	-8308	-2064	1756	318	
1309	7027	-8349	-2076	1739	345	
1419	6958	-8390	-2083	1721	375	
1527	6888	-8428	-2094	1704	401	
1635	6817	-8465	-2103	1685	426	
1743	6745	-8501	-2112	1667	454	
1850	6672	-8535	-2121	1647	480	
1958	6598	-8569	-2129	1629	507	
2065	6522	-8601	-2137	1610	535	
2172	6447	-8632	-2144	1591	560	
2278	6370	-8662	-2150	1572	587	
2384	6291	-8690	-2158	1552	614	
2489	6213	-8717	-2166	1532	639	
2594	6133	-8743	-2171	1513	666	
2700	6052	-8766	-2176	1493	692	
2804	5971	-8789	-2184	1470	718	
2907	5888	-8812	-2187	1451	745	
3011	5804	-8831	-2191	1430	771	
3114	5720	-8851	-2196	1408	796	
3217	5636	-8868	-2200	1388	822	
3321	5550	-8885	-2204	1365	847	
3423	5463	-8900	-2207	1343	873	
3523	5374	-8913	-2211	1321	898	
3623	5285	-8926	-2214	1300	924	
3724	5197	-8936	-2216	1278	950	
3824	5106	-8947	-2218	1255	974	
3921	5016	-8954	-2220	1232	998	
4020	4924	-8960	-2222	1210	1023	
4119	4831	-8967	-2222	1187	1048	
4214	4739	-8970	-2225	1162	1071	
4311	4644	-8973	-2224	1139	1096	
4408	4550	-8976	-2225	1115	1120	
4503	4456	-8976	-2226	1091	1142	
4598	4359	-8975	-2223	1068	1166	
4690	4263	-8971	-2222	1044	1190	
4783	4165	-8967	-2222	1019	1214	
4876	4068	-8962	-2220	994	1235	
4967	3970	-8956	-2218	969	1258	
5060	3870	-8948	-2216	944	1283	
5150	3771	-8939	-2214	921	1303	
5238	3670	-8928	-2211	896	1325	
5326	3570	-8916	-2209	869	1348	
5416	3469	-8902	-2204	845	1370	
5502	3367	-8887	-2201	819	1392	
5587	3265	-8871	-2197	793	1413	
5672	3162	-8854	-2191	768	1435	
5757	3060	-8836	-2187	742	1455	
5841	2955	-8815	-2182	716	1476	
5923	2850	-8793	-2177	689	1495	
6005	2746	-8771	-2170	663	1517	
6086	2641	-8747	-2165	637	1536	
6166	2536	-8722	-2159	611	1555	
6245	2430	-8695	-2150	586	1576	
6323	2324	-8667	-2145	559	1595	
6399	2218	-8637	-2137	531	1613	
6475	2111	-8608	-2127	505	1634	
6552	2004	-8576	-2121	479	1653	
6626	1896	-8542	-2113	451	1670	
6698	1788	-8508	-2104	425	1689	
6771	1681	-8472	-2094	399	1706	
6842	1572	-8435	-2086	372	1723	
6913	1463	-8397	-2076	346	1742	
6981	1355	-8357	-2066	318	1758	
7049	1246	-8317	-2055	293	1776	
7116	1138	-8274	-2043	266	1792	
7182	1029	-8231	-2034	238	1807	
7247	917	-8188	-2021	212	1825	
7311	809	-8141	-2010	185	1842	
7373	699	-8094	-2000	159	1857	
7435	590	-8046	-1987	132	1871	
7494	480	-7996	-1975	106	1886	
7554	370	-7946	-1962	81	1900	
7614	261	-7894	-1950	56	1915	
7670	150	-7841	-1936	29	1929	
7726	39	-7787	-1921	2	1942	
7781	-71	-7731	-1909	-28	1956	
7834	-180	-7675	-1894	-63	1969	
7886	-290	-7617	-1880	-98	1981	
7937	-400	-7558	-1864	-133	1994	
7986	-510	-7499	-1850	-162	2006	
8035	-620	-7437	-1836	-182	2019	
8082	-730	-7375	-1818	-204	2031	
8128	-840	-7311	-1803	-230	2043	
8175	-947	-7247	-1787	-259	2053	
8218	-1056	-7182	-1770	-288	2063	
8260	-1166	-7115	-1754	-315	2074	
8303	-1275	-7048	-1737	-343	2086	
8343	-1384	-6979	-1719	-370	2094	
8382	-1493	-6909	-1703	-397	2104	
8420	-1600	-6839	-1684	-423	2114	
8455	-1708	-6767	-1667	-450	2122	
8489	-1816	-6693	-1649	-477	2131	
8523	-1924	-6620	-1630	-502	2139	
8556	-2032	-6544	-1612	-532	2147	
8587	-2138	-6468	-1593	-559	2155	
8617	-2244	-6392	-1573	-584	2163	
8645	-2351	-6313	-1554	-612	2169	
8674	-2457	-6235	-1534	-638	2174	
8699	-2563	-6156	-1515	-665	2181	
8722	-2668	-6075	-1494	-691	2188	
8746	-2772	-5993	-1473	-717	2193	
8768	-2877	-5911	-1454	-743	2198	
8789	-2980	-5828	-1433	-768	2203	
8808	-3084	-5744	-1411	-794	2208	
8826	-3187	-5658	-1391	-820	2213	
8842	-3290	-5572	-1369	-846	2216	
8859	-3392	-5486	-1347	-871	2220	
8873	-3493	-5398	-1325	-897	2224	
8885	-3594	-5309	-1304	-922	2226	
8896	-3694	-5221	-1282	-946	2229	
8905	-3795	-5130	-1259	-972	2230	
8915	-3894	-5040	-1236	-996	2233	
8922	-3992	-4948	-1214	-1020	2235	
8927	-4091	-4856	-1189	-1044	2237	
8932	-4187	-4763	-1167	-1069	2237	
8936	-4285	-4670	-1145	-1094	2237	
8937	-4382	-4575	-1120	-1117	2239	
8938	-4477	-4480	-1097	-1141	2237	
8937	-4572	-4385	-1073	-1166	2238	
8935	-4666	-4288	-1050	-1189	2237	
8933	-4760	-4191	-1026	-1212	2235	
8927	-4853	-4092	-1000	-1235	2234	
8920	-4944	-3993	-977	-1257	2232	
8913	-5035	-3895	-952	-1281	2231	
8904	-5126	-3796	-928	-1304	2228	
8895	-5216	-3696	-903	-1325	2225	
8883	-5305	-3594	-878	-1348	2223	
8870	-5393	-3493	-852	-1369	2221	
8855	-5480	-3391	-825	-1389	2216	
8840	-5566	-3289	-801	-1411	2211	
8824	-5653	-3186	-776	-1433	2208	
8805	-5737	-3083	-750	-1455	2203	
8785	-5822	-2979	-725	-1475	2197	
8764	-5905	-2876	-698	-1497	2192	
8741	-5987	-2771	-674	-1517	2186	
8719	-6068	-2665	-647	-1537	2180	
8695	-6148	-2560	-621	-1558	2174	
8668	-6228	-2454	-596	-1577	2167	
8641	-6306	-2348	-569	-1596	2160	
8611	-6384	-2241	-542	-1615	2152	
8582	-6461	-2133	-517	-1635	2143	
8551	-6536	-2027	-490	-1653	2136	
8517	-6611	-1919	-462	-1671	2129	
8483	-6685	-1811	-437	-1691	2119	
8448	-6757	-1703	-410	-1708	2111	
8411	-6828	-1595	-383	-1725	2102	
8373	-6899	-1487	-358	-1743	2092	
8335	-6969	-1378	-329	-1760	2082	
8295	-7038	-1270	-303	-1777	2071	
8253	-7105	-1160	-276	-1793	2061	
8211	-7171	-1051	-248	-1810	2051	
8166	-7237	-942	-222	-1827	2039	
8122	-7301	-832	-196	-1843	2029	
8075	-7364	-722	-168	-1857	2017	
8027	-7427	-611	-141	-1872	2004	
7980	-7487	-502	-116	-1889	1991	
7930	-7546	-393	-89	-1902	1979	
7878	-7605	-283	-64	-1918	1966	
7824	-7662	-172	-40	-1932	1952	
7772	-7719	-61	-14	-1945	1939	
7717	-7774	48	12	-1959	1925	
7660	-7828	158	39	-1971	1911	
7603	-7881	268	68	-1986	1897	
7544	-7932	379	98	-1999	1883	
7485	-7983	489	130	-2010	1867	
7424	-8032	600	163	-2022	1853	
7362	-8080	709	194	-2034	1838	
7301	-8126	818	221	-2046	1820	
7236	-8171	927	246	-2057	1804	
7172	-8216	1037	269	-2067	1788	
7106	-8259	1146	295	-2079	1771	
7039	-8301	1255	324	-2089	1755	
6971	-8342	1364	351	-2099	1737	
6900	-8382	1473	378	-2109	1719	
6830	-8420	1582	406	-2117	1702	
6760	-8456	1690	433	-2126	1684	
6688	-8492	1798	458	-2136	1666	
6614	-8525	1906	485	-2143	1648	
6540	-8558	2015	511	-2153	1629	
6465	-8590	2121	538	-2160	1609	
6389	-8621	2228	567	-2165	1590	
6310	-8650	2336	591	-2174	1570	
6232	-8677	2442	617	-2181	1551	
6154	-8705	2548	644	-2187	1532	
6073	-8729	2653	671	-2193	1511	
5991	-8752	2757	696	-2198	1491	
5910	-8775	2862	722	-2205	1471	
5828	-8795	2966	748	-2210	1449	
5745	-8816	3070	773	-2215	1429	
5660	-8835	3172	800	-2218	1409	
5575	-8853	3276	824	-2223	1386	
5488	-8868	3379	851	-2227	1365	
5400	-8883	3480	876	-2229	1344	
5313	-8895	3580	899	-2233	1320	
5225	-8907	3681	927	-2235	1299	
5134	-8918	3782	950	-2238	1277	
5044	-8927	3882	974	-2241	1252	
4954	-8935	3982	999	-2242	1230	
4862	-8942	4080	1024	-2244	1208	
4769	-8946	4177	1047	-2244	1184	
4677	-8950	4276	1070	-2245	1161	
4582	-8952	4371	1096	-2246	1138	
4488	-8953	4467	1119	-2245	1114	
4393	-8953	4563	1142	-2245	1090	
4297	-8951	4657	1165	-2246	1065	
4201	-8948	4750	1189	-2244	1040	
4103	-8944	4845	1213	-2241	1017	
4005	-8938	4937	1233	-2241	993	
3906	-8932	5028	1257	-2239	969	
3808	-8923	5120	1281	-2235	944	
3708	-8914	5209	1302	-2235	918	
3608	-8902	5298	1324	-2231	892	
3509	-8889	5387	1346	-2226	869	
3405	-8876	5475	1368	-2224	843	
3303	-8860	5562	1389	-2220	817	
3202	-8845	5648	1410	-2215	792	
3099	-8827	5733	1431	-2210	767	
2995	-8808	5819	1453	-2204	742	
2892	-8787	5901	1473	-2200	715	
2787	-8764	5983	1494	-2192	689	
2683	-8742	6065	1514	-2188	664	
2578	-8717	6146	1533	-2184	636	
2474	-8691	6227	1553	-2176	610	
2369	-8666	6305	1573	-2169	585	
2261	-8636	6383	1591	-2161	557	
2154	-8606	6461	1611	-2154	532	
2047	-8575	6537	1631	-2146	505	
1941	-8544	6612	1648	-2138	477	
1835	-8510	6686	1666	-2131	450	
1726	-8476	6759	1685	-2120	424	
1618	-8439	6831	1703	-2111	399	
1510	-8401	6902	1719	-2102	370	
1401	-8363	6972	1736	-2091	344	
1293	-8323	7040	1754	-2081	318	
1183	-8283	7109	1770	-2071	292	
1074	-8240	7175	1786	-2061	264	
965	-8197	7241	1802	-2050	237	
855	-8152	7306	1818	-2038	211	
746	-8105	7369	1834	-2026	185	
637	-8058	7431	1849	-2013	159	
527	-8009	7493	1863	-2002	132	
419	-7959	7553	1879	-1989	108	
310	-7909	7612	1893	-1977	82	
199	-7857	7670	1907	-1964	56	
88	-7803	7726	1923	-1949	33	
-22	-7748	7782	1936	-1936	7	
-131	-7692	7837	1948	-1923	-22	
-241	-7636	7891	1961	-1908	-56	
-350	-7579	7942	1974	-1893	-98	
-460	-7519	7993	1985	-1878	-140	
-571	-7459	8043	1999	-1862	-169	
-680	-7397	8092	2012	-1847	-186	
-787	-7334	8138	2022	-1831	-202	
-897	-7272	8184	2034	-1815	-227	
-1007	-7207	8230	2044	-1800	-258	
-1117	-7140	8272	2055	-1782	-287	
-1228	-7074	8316	2067	-1765	-315	
-1336	-7006	8356	2074	-1748	-342	
-1444	-6937	8395	2087	-1729	-367	
-1552	-6866	8435	2096	-1712	-395	
-1660	-6796	8472	2103	-1696	-422	
-1768	-6724	8507	2113	-1678	-449	
-1874	-6651	8542	2121	-1659	-476	
-1981	-6576	8576	2128	-1640	-503	
-2086	-6502	8608	2136	-1620	-530	
-2193	-6426	8639	2144	-1602	-556	
-2299	-6348	8668	2152	-1583	-583	
-2405	-6271	8696	2158	-1562	-609	
-2511	-6192	8724	2164	-1544	-636	
-2615	-6111	8748	2170	-1523	-663	
-2722	-6030	8773	2176	-1501	-687	
-2826	-5949	8796	2181	-1483	-714	
-2930	-5867	8816	2187	-1461	-739	
-3035	-5783	8838	2192	-1439	-765	
-3137	-5699	8858	2196	-1418	-792	
-3239	-5614	8875	2200	-1398	-817	
-3342	-5528	8890	2204	-1376	-843	
-3444	-5441	8906	2207	-1354	-869	
-3547	-5354	8919	2211	-1332	-894	
-3647	-5264	8932	2213	-1310	-920	
-3746	-5175	8942	2216	-1287	-944	
-3846	-5085	8952	2219	-1264	-968	
-3945	-4995	8960	2220	-1241	-993	
-4041	-4903	8965	2222	-1218	-1018	
-4139	-4811	8971	2223	-1195	-1042	
-4237	-4718	8976	2224	-1173	-1066	
-4334	-4624	8979	2225	-1149	-1089	
-4429	-4530	8980	2224	-1125	-1114	
-4525	-4435	8980	2224	-1102	-1138	
-4620	-4339	8979	2224	-1078	-1161	
-4714	-4242	8977	2223	-1054	-1184	
-4807	-4145	8973	2222	-1028	-1208	
-4900	-4047	8968	2220	-1004	-1231	
-4991	-3948	8961	2219	-980	-1254	
-5082	-3849	8953	2216	-954	-1276	
-5172	-3748	8944	2214	-929	-1299	
-5262	-3649	8933	2211	-904	-1321	
-5350	-3548	8921	2207	-880	-1343	
-5436	-3447	8908	2205	-854	-1364	
-5524	-3346	8893	2200	-830	-1386	
-5610	-3243	8877	2196	-804	-1408	
-5695	-3140	8859	2192	-777	-1428	
-5780	-3036	8841	2186	-752	-1450	
-5864	-2933	8821	2181	-726	-1471	
-5946	-2829	8800	2177	-701	-1491	
-6028	-2724	8777	2171	-673	-1512	
-6109	-2619	8753	2163	-648	-1531	
-6188	-2513	8728	2157	-622	-1552	
-6268	-2408	8700	2152	-594	-1572	
-6347	-2301	8673	2145	-568	-1590	
-6424	-2195	8643	2136	-541	-1610	
-6499	-2089	8613	2129	-515	-1628	
-6575	-1981	8582	2122	-488	-1646	
-6650	-1874	8548	2113	-460	-1665	
-6722	-1766	8514	2103	-434	-1683	
-6795	-1659	8477	2094	-408	-1703	
-6865	-1550	8440	2084	-383	-1722	
-6935	-1442	8402	2075	-355	-1737	
-7003	-1334	8362	2065	-327	-1754	
-7072	-1224	8323	2056	-300	-1770	
-7139	-1116	8280	2046	-272	-1787	
-7204	-1006	8237	2033	-246	-1803	
-7269	-896	8192	2024	-218	-1817	
-7334	-788	8145	2013	-192	-1833	
-7397	-678	8099	1999	-167	-1850	
-7458	-568	8051	1987	-140	-1866	
-7518	-458	8001	1975	-114	-1881	
-7577	-348	7951	1962	-87	-1896	
-7634	-238	7900	1949	-61	-1910	
-7693	-128	7846	1936	-36	-1924	
-7748	-18	7792	1922	-10	-1938	
-7802	92	7736	1909	16	-1952	
-7857	202	7680	1893	40	-1965	
-7910	313	7623	1880	70	-1978	
-7960	422	7564	1867	105	-1990	
-8009	532	7504	1848	138	-2003	
-8059	642	7443	1835	173	-2014	
-8105	751	7380	1820	204	-2025	
-8152	861	7317	1803	227	-2037	
-8197	970	7253	1788	250	-2048	
-8240	1080	7188	1771	275	-2059	
-8284	1188	7120	1754	302	-2068	
-8325	1296	7052	1737	330	-2079	
-8365	1406	6985	1720	359	-2089	
-8404	1515	6914	1702	386	-2098	
-8442	1623	6842	1685	413	-2108	
-8477	1731	6772	1668	440	-2117	
-8511	1839	6699	1649	467	-2126	
-8546	1947	6625	1631	494	-2133	
-8578	2054	6550	1611	519	-2141	
-8610	2161	6474	1592	547	-2150	
-8639	2268	6396	1573	574	-2157	
-8667	2373	6319	1554	599	-2163	
-8697	2479	6241	1535	627	-2169	
-8722	2585	6160	1514	653	-2176	
-8746	2689	6080	1495	679	-2182	
-8769	2795	5998	1474	705	-2188	
-8791	2899	5916	1453	732	-2194	
-8814	3003	5834	1433	759	-2199	
-8833	3106	5749	1413	783	-2202	
-8849	3210	5663	1392	809	-2207	
-8866	3313	5578	1369	835	-2211	
-8881	3414	5491	1348	860	-2213	
-8896	3515	5403	1326	885	-2217	
-8908	3617	5315	1304	910	-2221	
-8920	3717	5226	1281	937	-2223	
-8931	3817	5136	1259	960	-2226	
-8939	3916	5045	1237	984	-2227	
-8945	4015	4953	1213	1009	-2229	
-8951	4114	4862	1191	1033	-2230	
-8956	4211	4768	1168	1057	-2231	
-8958	4307	4674	1144	1083	-2234	
-8960	4404	4580	1121	1108	-2233	
-8963	4500	4485	1097	1130	-2233	
-8961	4594	4389	1074	1154	-2232	
-8959	4688	4294	1050	1177	-2231	
-8956	4782	4196	1026	1201	-2230	
-8951	4875	4098	1001	1224	-2229	
-8945	4967	4000	977	1246	-2228	
-8936	5059	3901	952	1269	-2225	
-8927	5148	3800	928	1292	-2223	
-8917	5238	3700	903	1314	-2220	
-8905	5327	3600	877	1336	-2217	
-8892	5415	3499	854	1358	-2214	
-8878	5503	3397	829	1381	-2210	
-8863	5588	3295	802	1402	-2206	
-8846	5674	3192	779	1424	-2200	
-8828	5760	3089	752	1444	-2196	
-8808	5843	2985	724	1465	-2192	
-8788	5927	2882	700	1485	-2186	
-8766	6009	2777	674	1505	-2180	
-8741	6090	2671	647	1526	-2175	
-8717	6171	2566	622	1546	-2167	
-8692	6251	2460	597	1566	-2161	
-8664	6329	2354	569	1585	-2154	
-8635	6406	2248	544	1604	-2147	
-8604	6483	2141	517	1623	-2140	
-8573	6558	2033	491	1642	-2132	
-8541	6633	1925	465	1662	-2123	
-8506	6707	1818	436	1679	-2114	
-8472	6779	1710	410	1696	-2106	
-8435	6852	1601	385	1714	-2095	
-8397	6921	1492	358	1732	-2086	
-8358	6991	1383	331	1750	-2076	
-8317	7060	1275	304	1767	-2065	
-8276	7126	1165	278	1783	-2055	
-8234	7193	1056	252	1799	-2044	
-8190	7259	947	225	1815	-2033	
-8144	7323	837	199	1831	-2021	
-8097	7385	728	174	1848	-2009	
-8049	7448	618	146	1863	-1999	
-8001	7509	507	120	1878	-1985	
-7951	7569	397	95	1893	-1972	
-7900	7627	289	68	1907	-1960	
-7847	7685	178	42	1920	-1947	
-7793	7741	67	16	1935	-1933	
-7739	7795	-42	-13	1947	-1920	
-7684	7850	-152	-45	1961	-1906	
-7627	7903	-263	-81	1974	-1892	
-7568	7954	-373	-114	1986	-1877	
-7508	8005	-483	-142	1999	-1862	
-7447	8054	-592	-167	2012	-1846	
-7386	8102	-702	-189	2023	-1830	
-7324	8148	-812	-213	2035	-1815	
-7259	8194	-922	-241	2047	-1798	
-7195	8238	-1031	-270	2058	-1782	
-7129	8281	-1141	-299	2068	-1765	
-7061	8323	-1250	-326	2077	-1748	
-6993	8363	-1359	-352	2087	-1731	
-6924	8402	-1468	-379	2098	-1714	
-6854	8441	-1576	-405	2107	-1696	
-6783	8478	-1684	-433	2116	-1677	
-6710	8514	-1792	-461	2124	-1661	
-6637	8547	-1899	-486	2132	-1642	
-6562	8581	-2007	-513	2140	-1622	
-6486	8612	-2114	-540	2148	-1604	
-6411	8641	-2221	-565	2157	-1585	
-6334	8671	-2328	-592	2163	-1565	
-6255	8699	-2434	-619	2169	-1546	
-6176	8725	-2540	-645	2176	-1526	
-6097	8750	-2646	-672	2182	-1505	
-6016	8773	-2751	-697	2188	-1485	
-5933	8796	-2856	-723	2192	-1465	
-5850	8818	-2960	-750	2197	-1444	
-5766	8837	-3063	-774	2203	-1423	
-5682	8856	-3167	-799	2208	-1401	
-5596	8874	-3270	-826	2211	-1380	
-5510	8889	-3371	-850	2215	-1358	
-5424	8904	-3474	-874	2221	-1336	
-5336	8917	-3575	-900	2223	-1315	
-5247	8928	-3675	-924	2226	-1292	
-5157	8939	-3776	-949	2228	-1270	
-5068	8948	-3875	-975	2228	-1248	
-4977	8956	-3975	-1000	2230	-1225	
-4886	8961	-4074	-1024	2233	-1202	
-4792	8967	-4171	-1048	2234	-1178	
-4699	8970	-4269	-1073	2234	-1155	
-4607	8973	-4365	-1096	2235	-1131	
-4511	8974	-4461	-1120	2235	-1108	
-4415	8973	-4555	-1144	2236	-1083	
-4320	8973	-4652	-1168	2233	-1060	
-4223	8969	-4745	-1190	2233	-1037	
-4125	8964	-4838	-1212	2232	-1011	
-4027	8959	-4931	-1237	2228	-987	
-3929	8952	-5022	-1257	2227	-963	
-3829	8943	-5113	-1280	2226	-937	
-3730	8934	-5202	-1302	2222	-912	
-3630	8923	-5292	-1324	2221	-887	
-3528	8910	-5382	-1348	2216	-863	
-3428	8896	-5469	-1368	2213	-838	
-3327	8881	-5556	-1390	2209	-812	
-3226	8865	-5641	-1411	2205	-786	
-3122	8847	-5726	-1431	2200	-761	
-3017	8827	-5813	-1452	2195	-733	
-2913	8807	-5895	-1472	2190	-708	
-2809	8785	-5976	-1493	2185	-683	
-2705	8763	-6059	-1512	2179	-656	
-2599	8739	-6140	-1533	2172	-630	
-2494	8713	-6219	-1554	2165	-604	
-2386	8686	-6299	-1572	2158	-577	
-2281	8657	-6377	-1593	2151	-551	
-2177	8628	-6454	-1610	2144	-524	
-2070	8597	-6530	-1628	2135	-498	
-1964	8564	-6605	-1647	2127	-471	
-1857	8531	-6679	-1666	2118	-444	
-1750	8496	-6752	-1685	2110	-418	
-1642	8460	-6825	-1701	2100	-391	
-1532	8422	-6896	-1718	2092	-364	
-1427	8384	-6965	-1736	2083	-338	
-1317	8343	-7034	-1754	2070	-311	
-1207	8302	-7102	-1771	2061	-282	
-1099	8261	-7169	-1787	2050	-257	
-990	8217	-7235	-1803	2038	-230	
-879	8172	-7300	-1819	2027	-202	
-770	8126	-7363	-1834	2014	-177	
-661	8078	-7426	-1849	2004	-151	
-550	8030	-7486	-1864	1992	-124	
-441	7980	-7546	-1879	1978	-99	
-332	7929	-7606	-1893	1965	-73	
-222	7878	-7664	-1908	1953	-48	
-111	7824	-7720	-1921	1940	-24	
0	7769	-7776	-1935	1925	2	
108	7714	-7830	-1948	1912	26	
218	7657	-7884	-1961	1897	53	
327	7599	-7937	-1974	1882	86	
437	7539	-7988	-1986	1868	123	
546	7479	-8036	-1999	1851	163	
655	7417	-8084	-2010	1836	196	
766	7354	-8132	-2022	1820	219	
875	7292	-8179	-2034	1805	238	
985	7227	-8223	-2045	1788	260	
1094	7162	-8267	-2055	1771	290	
1202	7095	-8309	-2065	1755	318	
1311	7026	-8350	-2075	1738	346	
1421	6957	-8390	-2084	1721	375	
1528	6888	-8428	-2094	1703	402	
1635	6817	-8465	-2103	1684	427	
1744	6744	-8501	-2113	1666	454	
1852	6671	-8537	-2121	1648	482	
1960	6597	-8571	-2129	1629	507	
2068	6521	-8602	-2136	1610	535	
2174	6445	-8633	-2145	1590	561	
2279	6368	-8663	-2152	1572	587	
2385	6290	-8691	-2158	1551	615	
2491	6211	-8718	-2167	1530	640	
2594	6132	-8743	-2171	1513	667	
2700	6050	-8768	-2175	1492	692	
2805	5969	-8790	-2183	1470	716	
2909	5887	-8812	-2187	1450	744	
3013	5804	-8832	-2192	1428	771	
3116	5720	-8851	-2197	1407	797	
3221	5634	-8869	-2201	1386	823	
3323	5548	-8884	-2204	1365	849	
3423	5461	-8899	-2207	1342	874	
3524	5373	-8913	-2211	1321	898	
3623	5285	-8925	-2214	1300	924	
3724	5195	-8937	-2217	1277	948	
3825	5105	-8947	-2218	1255	974	
3923	5015	-8954	-2220	1232	998	
4021	4923	-8961	-2220	1210	1022	
4119	4830	-8967	-2221	1186	1048	
4217	4737	-8971	-2225	1162	1071	
4313	4644	-8974	-2225	1139	1096	
4409	4549	-8975	-2224	1114	1120	
4505	4454	-8975	-2224	1090	1144	
4598	4358	-8974	-2223	1066	1167	
4692	4262	-8971	-2223	1043	1189	
4784	4165	-8967	-2221	1018	1214	
4877	4066	-8963	-2220	993	1236	
4968	3968	-8955	-2219	969	1259	
5060	3869	-8947	-2217	943	1282	
5151	3770	-8938	-2213	920	1303	
5239	3670	-8927	-2211	895	1326	
5328	3568	-8915	-2209	868	1347	
5417	3467	-8902	-2204	844	1370	
5503	3365	-8888	-2201	819	1392	
5589	3263	-8871	-2196	793	1413	
5674	3160	-8853	-2191	768	1434	
5757	3057	-8835	-2187	742	1455	
5841	2953	-8815	-2181	716	1475	
5925	2850	-8793	-2177	689	1495	
6006	2745	-8771	-2171	664	1517	
6086	2640	-8746	-2164	637	1536	
6166	2536	-8721	-2158	611	1556	
6247	2428	-8695	-2151	586	1576	
6325	2322	-8668	-2144	558	1595	
6401	2216	-8638	-2137	531	1615	
6477	2109	-8606	-2129	505	1634	
6553	2002	-8576	-2121	479	1653	
6626	1894	-8542	-2112	452	1671	
6699	1788	-8507	-2103	425	1689	
6772	1680	-8472	-2095	399	1706	
6844	1571	-8435	-2085	371	1724	
6913	1463	-8397	-2074	345	1742	
6982	1354	-8357	-2066	319	1758	
7049	1246	-8317	-2054	292	1776	
7116	1137	-8274	-2044	265	1793	
7183	1027	-8230	-2034	238	1808	
7248	918	-8185	-2021	213	1825	
7312	808	-8140	-2010	185	1841	
7373	698	-8094	-1999	159	1856	
7435	589	-8045	-1988	133	1871	
7496	478	-7995	-1975	106	1886	
7556	368	-7944	-1961	80	1901	
7614	258	-7893	-1949	54	1916	
7671	148	-7840	-1936	30	1929	
7726	38	-7785	-1922	3	1943	
7781	-73	-7730	-1908	-27	1957	
7834	-181	-7675	-1896	-63	1969	
7886	-291	-7617	-1880	-100	1981	
7938	-402	-7557	-1863	-132	1994	
7987	-511	-7497	-1851	-162	2006	
8036	-620	-7436	-1835	-183	2019	
8083	-731	-7374	-1818	-204	2031	
8128	-840	-7311	-1803	-231	2043	
8175	-949	-7246	-1786	-259	2053	
8220	-1060	-7181	-1769	-289	2064	
8261	-1167	-7115	-1754	-317	2075	
8302	-1276	-7047	-1736	-342	2084	
8342	-1386	-6978	-1719	-370	2095	
8381	-1494	-6908	-1702	-397	2104	
8419	-1602	-6837	-1683	-423	2114	
8454	-1711	-6765	-1666	-451	2122	
8490	-1818	-6693	-1647	-478	2131	
8523	-1926	-6619	-1628	-503	2141	
8556	-2032	-6544	-1611	-532	2147	
8587	-2139	-6467	-1593	-559	2154	
8618	-2246	-6390	-1574	-586	2161	
8646	-2351	-6313	-1553	-612	2168	
8672	-2459	-6235	-1533	-639	2176	
8698	-2564	-6154	-1514	-664	2182	
8722	-2668	-6074	-1494	-690	2188	
8746	-2773	-5992	-1474	-717	2194	
8768	-2878	-5910	-1453	-743	2199	
8789	-2982	-5827	-1433	-769	2203	
8810	-3086	-5742	-1412	-794	2208	
8827	-3189	-5657	-1390	-820	2213	
8842	-3291	-5572	-1369	-846	2216	
8858	-3393	-5484	-1346	-870	2221	
8873	-3495	-5397	-1325	-896	2223	
8884	-3596	-5309	-1304	-921	2225	
8895	-3696	-5220	-1282	-947	2228	
8906	-3795	-5130	-1259	-973	2231	
8915	-3894	-5039	-1236	-996	2234	
8923	-3994	-4947	-1214	-1022	2235	
8928	-4091	-4855	-1190	-1046	2236	
8932	-4189	-4761	-1168	-1070	2237	
8935	-4287	-4667	-1144	-1093	2238	
8937	-4382	-4575	-1120	-1116	2238	
8939	-4478	-4479	-1098	-1141	2237	
8937	-4573	-4383	-1073	-1164	2237	
8934	-4668	-4287	-1049	-1189	2236	
8931	-4761	-4189	-1025	-1213	2235	
8927	-4854	-4091	-1001	-1235	2233	
8920	-4946	-3991	-977	-1259	2233	
8913	-5036	-3893	-952	-1282	2231	
8905	-5127	-3794	-928	-1305	2228	
8895	-5216	-3694	-903	-1327	2226	
8883	-5306	-3594	-878	-1347	2222	
8869	-5395	-3492	-851	-1369	2219	
8854	-5481	-3390	-825	-1390	2217	
8839	-5567	-3287	-801	-1411	2211	
8822	-5654	-3184	-776	-1433	2207	
8805	-5738	-3082	-750	-1454	2203	
8783	-5822	-2978	-725	-1475	2198	
8763	-5905	-2874	-699	-1496	2191	
8742	-5989	-2770	-673	-1517	2185	
8718	-6069	-2664	-647	-1538	2180	
8694	-6150	-2559	-620	-1557	2174	
8668	-6229	-2453	-595	-1577	2167	
8640	-6307	-2347	-569	-1596	2160	
8610	-6385	-2240	-542	-1615	2153	
8580	-6462	-2132	-518	-1636	2145	
8550	-6537	-2026	-490	-1654	2137	
8517	-6612	-1918	-462	-1670	2129	
8483	-6685	-1809	-437	-1690	2119	
8448	-6758	-1703	-410	-1708	2111	
8412	-6830	-1595	-382	-1726	2102	
8374	-6900	-1485	-356	-1744	2092	
8335	-6970	-1377	-329	-1760	2081	
8296	-7038	-1268	-303	-1777	2071	
8253	-7105	-1158	-276	-1795	2061	
8209	-7173	-1049	-249	-1811	2050	
8165	-7237	-940	-222	-1827	2040	
8120	-7302	-831	-194	-1842	2029	
8075	-7365	-721	-167	-1857	2017	
8025	-7426	-611	-141	-1874	2003	
7976	-7487	-501	-115	-1887	1991	
7928	-7548	-391	-89	-1902	1979	
7877	-7606	-281	-64	-1918	1966	
7825	-7663	-171	-39	-1931	1953	
7771	-7720	-61	-12	-1946	1938	
7716	-7776	50	13	-1959	1925	
7659	-7829	160	39	-1972	1911	
7602	-7882	269	67	-1986	1896	
7543	-7933	380	97	-1998	1882	
7484	-7983	490	131	-2011	1867	
7423	-8032	600	164	-2023	1851	
7362	-8081	710	192	-2035	1836	
7300	-8127	819	220	-2046	1820	
7235	-8172	930	246	-2056	1803	
7171	-8217	1038	269	-2068	1787	
7105	-8260	1147	296	-2078	1772	
7038	-8302	1256	323	-2089	1755	
6969	-8343	1365	352	-2099	1737	
6899	-8382	1475	380	-2108	1720	
6830	-8419	1584	406	-2119	1702	
6758	-8456	1692	434	-2127	1683	
6687	-8492	1799	460	-2136	1666	
6613	-8526	1908	486	-2144	1648	
6538	-8560	2015	512	-2152	1629	
6462	-8591	2123	539	-2160	1609	
6387	-8621	2231	567	-2167	1589	
6312	-8650	2337	593	-2173	1570	
6232	-8679	2443	618	-2181	1551	
6152	-8704	2549	644	-2189	1531	
6073	-8729	2654	671	-2193	1511	
5992	-8754	2759	697	-2199	1491	
5909	-8776	2864	722	-2204	1470	
5826	-8797	2968	747	-2209	1449	
5743	-8816	3072	774	-2215	1429	
5659	-8835	3174	799	-2219	1407	
5573	-8852	3277	824	-2223	1385	
5487	-8868	3380	850	-2226	1364	
5398	-8883	3482	875	-2230	1342	
5311	-8895	3583	901	-2233	1319	
5224	-8907	3683	927	-2234	1298	
5132	-8918	3784	952	-2238	1276	
5044	-8928	3885	976	-2240	1253	
4952	-8935	3984	999	-2242	1230	
4859	-8941	4081	1024	-2243	1208	
4769	-8947	4179	1048	-2244	1184	
4676	-8950	4277	1073	-2245	1160	
4580	-8952	4373	1096	-2245	1136	
4487	-8954	4469	1119	-2246	1112	
4392	-8954	4564	1144	-2244	1090	
4296	-8952	4659	1166	-2245	1065	
4200	-8949	4751	1189	-2244	1042	
4102	-8944	4844	1213	-2241	1016	
4004	-8939	4937	1233	-2241	991	
3906	-8931	5029	1257	-2239	968	
3806	-8922	5121	1280	-2237	943	
3707	-8913	5211	1303	-2234	918	
3608	-8902	5300	1325	-2231	893	
3506	-8890	5388	1346	-2226	868	
3403	-8877	5476	1368	-2224	842	
3302	-8860	5563	1390	-2221	817	
3199	-8845	5649	1411	-2216	792	
3097	-8827	5735	1431	-2211	766	
2995	-8807	5819	1454	-2205	741	
2890	-8787	5902	1474	-2200	714	
2787	-8764	5984	1493	-2195	689	
2681	-8741	6066	1515	-2188	663	
2577	-8717	6147	1533	-2183	637	
2472	-8691	6227	1553	-2176	611	
2366	-8664	6305	1572	-2169	584	
2259	-8636	6384	1593	-2163	557	
2153	-8607	6462	1611	-2154	531	
2048	-8576	6538	1629	-2146	504	
1939	-8543	6613	1648	-2138	477	
1833	-8509	6686	1667	-2129	452	
1725	-8475	6760	1684	-2120	424	
1617	-8438	6832	1701	-2112	398	
1510	-8401	6903	1721	-2101	372	
1398	-8363	6973	1738	-2091	344	
1290	-8323	7041	1753	-2083	317	
1182	-8282	7109	1772	-2071	290	
1072	-8240	7176	1787	-2060	264	
964	-8195	7242	1802	-2050	237	
853	-8151	7307	1818	-2038	210	
745	-8105	7370	1833	-2026	184	
637	-8057	7433	1850	-2014	158	
525	-8010	7494	1864	-2002	132	
417	-7959	7554	1880	-1990	106	
309	-7908	7613	1894	-1977	81	
196	-7857	7671	1908	-1963	56	
87	-7802	7727	1922	-1949	31	
-23	-7748	7783	1936	-1936	7	
-133	-7693	7837	1949	-1922	-21	
-244	-7635	7890	1961	-1908	-56	
-353	-7577	7943	1974	-1893	-98	
-462	-7519	7994	1987	-1878	-140	
-571	-7458	8043	1999	-1863	-169	
-680	-7397	8092	2011	-1847	-186	
-791	-7334	8140	2023	-1831	-202	
-901	-7270	8185	2034	-1815	-227	
-1010	-7206	8230	2044	-1799	-257	
-1119	-7140	8273	2057	-1781	-288	
-1227	-7073	8315	2066	-1764	-316	
-1336	-7005	8357	2075	-1746	-343	
-1445	-6935	8395	2086	-1729	-368	
-1552	-6865	8435	2096	-1712	-395	
-1661	-6794	8473	2105	-1695	-423	
-1769	-6724	8509	2112	-1678	-449	
-1875	-6650	8543	2121	-1658	-476	
-1981	-6576	8576	2129	-1640	-503	
-2087	-6501	8608	2137	-1622	-530	
-2195	-6423	8639	2144	-1602	-557	
-2302	-6348	8668	2151	-1583	-582	
-2407	-6269	8696	2158	-1563	-608	
-2513	-6191	8724	2163	-1544	-636	
-2618	-6111	8749	2170	-1523	-663	
-2722	-6030	8774	2177	-1501	-689	
-2827	-5948	8796	2181	-1482	-716	
-2932	-5865	8817	2187	-1461	-740	
-3035	-5782	8838	2192	-1440	-766	
-3138	-5697	8857	2195	-1420	-792	
-3241	-5614	8875	2200	-1397	-818	
-3344	-5528	8890	2205	-1375	-843	
-3447	-5440	8905	2207	-1353	-869	
-3547	-5353	8920	2210	-1332	-893	
-3647	-5263	8932	2214	-1309	-919	
-3748	-5174	8943	2216	-1287	-944	
-3846	-5085	8952	2219	-1264	-967	
-3946	-4994	8960	2221	-1241	-993	
