-3822	-5106	8949	2218	-1269	-962	
-3922	-5016	8958	2219	-1247	-988	
-4021	-4924	8965	2221	-1225	-1011	
-4118	-4832	8970	2223	-1201	-1036	
-4215	-4740	8975	2224	-1176	-1061	
-4312	-4645	8979	2226	-1153	-1085	
-4408	-4552	8980	2225	-1131	-1108	
-4502	-4457	8981	2224	-1106	-1132	
-4597	-4361	8979	2224	-1082	-1157	
-4692	-4264	8977	2223	-1058	-1179	
-4785	-4167	8974	2222	-1035	-1202	
-4879	-4070	8969	2220	-1010	-1225	
-4970	-3971	8963	2219	-985	-1249	
-5061	-3872	8955	2216	-961	-1271	
-5152	-3773	8945	2214	-936	-1293	
-5241	-3673	8935	2210	-911	-1316	
-5329	-3572	8923	2208	-884	-1337	
-5417	-3471	8911	2206	-860	-1359	
-5506	-3369	8897	2201	-834	-1382	
-5592	-3267	8881	2198	-809	-1403	
-5675	-3165	8864	2194	-784	-1423	
-5759	-3061	8845	2188	-757	-1444	
-5845	-2956	8825	2183	-732	-1465	
-5929	-2853	8805	2177	-706	-1486	
-6010	-2748	8782	2172	-680	-1507	
-6091	-2643	8757	2165	-653	-1527	
-6171	-2538	8733	2158	-626	-1547	
-6250	-2432	8707	2152	-601	-1567	
-6328	-2325	8679	2147	-574	-1586	
-6405	-2220	8650	2139	-547	-1604	
-6481	-2113	8619	2131	-520	-1623	
-6558	-2005	8588	2123	-493	-1642	
-6632	-1899	8555	2115	-467	-1661	
-6704	-1792	8521	2106	-441	-1679	
-6778	-1684	8487	2096	-414	-1697	
-6849	-1576	8449	2087	-387	-1715	
-6921	-1467	8411	2078	-360	-1731	
-6989	-1358	8373	2069	-333	-1748	
-7056	-1249	8332	2058	-308	-1766	
-7124	-1141	8290	2047	-280	-1782	
-7189	-1031	8247	2036	-252	-1799	
-7255	-922	8203	2024	-226	-1816	
-7319	-812	8156	2015	-198	-1830	
-7382	-703	8110	2002	-172	-1847	
-7444	-594	8062	1989	-146	-1863	
-7504	-484	8013	1978	-121	-1877	
-7563	-373	7963	1966	-93	-1892	
-7623	-262	7912	1953	-68	-1906	
-7680	-154	7858	1939	-42	-1920	
-7735	-44	7804	1925	-15	-1935	
-7790	66	7749	1912	8	-1947	
-7844	176	7693	1898	35	-1960	
-7896	287	7636	1882	63	-1974	
-7948	396	7577	1869	95	-1985	
-7998	507	7517	1855	132	-1999	
-8047	616	7457	1838	167	-2011	
-8095	725	7394	1824	198	-2020	
-8140	836	7332	1808	223	-2032	
-8186	945	7268	1791	245	-2046	
-8231	1053	7202	1774	268	-2057	
-8274	1163	7137	1758	296	-2066	
-8317	1272	7069	1742	325	-2076	
-8358	1381	7000	1724	352	-2086	
-8395	1490	6930	1706	380	-2096	
-8432	1598	6859	1689	407	-2105	
-8470	1706	6788	1672	433	-2114	
-8504	1815	6715	1652	459	-2125	
-8538	1922	6642	1635	487	-2133	
-8572	2029	6567	1617	516	-2140	
-8603	2137	6491	1597	540	-2148	
-8633	2243	6414	1578	566	-2154	
-8662	2348	6337	1560	594	-2160	
-8689	2455	6259	1539	620	-2168	
-8716	2561	6179	1518	646	-2174	
-8741	2666	6099	1499	673	-2180	
-8765	2771	6017	1480	698	-2187	
-8785	2876	5935	1458	726	-2192	
-8806	2979	5852	1437	751	-2197	
-8827	3083	5768	1416	777	-2201	
-8846	3185	5683	1396	804	-2205	
-8863	3289	5597	1375	828	-2210	
-8878	3391	5511	1353	855	-2214	
-8894	3492	5424	1333	881	-2216	
-8906	3594	5335	1310	905	-2220	
-8917	3693	5246	1286	930	-2223	
-8928	3794	5157	1265	954	-2224	
-8936	3893	5066	1243	979	-2226	
-8944	3992	4975	1219	1005	-2230	
-8951	4091	4883	1197	1028	-2230	
-8955	4188	4789	1174	1053	-2231	
-8958	4285	4697	1151	1076	-2232	
-8960	4382	4602	1127	1099	-2232	
-8963	4477	4507	1102	1125	-2233	
-8963	4572	4411	1080	1150	-2231	
-8959	4667	4314	1055	1172	-2231	
-8955	4761	4218	1029	1194	-2231	
-8952	4853	4120	1007	1218	-2229	
-8946	4945	4022	982	1241	-2227	
-8937	5038	3924	958	1264	-2225	
-8930	5128	3824	935	1287	-2223	
-8920	5217	3724	909	1310	-2219	
-8908	5307	3624	884	1332	-2217	
-8895	5396	3523	860	1353	-2214	
-8881	5483	3420	834	1375	-2210	
-8867	5570	3318	809	1397	-2206	
-8850	5655	3216	784	1419	-2201	
-8832	5740	3113	758	1440	-2198	
-8813	5824	3010	733	1461	-2192	
-8791	5908	2906	707	1481	-2186	
-8771	5991	2802	680	1501	-2182	
-8747	6072	2697	655	1522	-2175	
-8723	6152	2591	628	1541	-2169	
-8698	6233	2486	602	1561	-2163	
-8669	6311	2379	576	1581	-2155	
-8641	6388	2272	549	1601	-2148	
-8611	6465	2166	523	1619	-2141	
-8579	6541	2058	497	1638	-2132	
-8548	6616	1951	469	1656	-2125	
-8514	6690	1843	443	1674	-2117	
-8479	6762	1735	417	1694	-2107	
-8444	6835	1626	390	1712	-2098	
-8406	6906	1517	364	1728	-2088	
-8367	6975	1409	338	1746	-2077	
-8328	7044	1300	310	1762	-2067	
-8286	7112	1191	284	1779	-2057	
-8244	7178	1082	257	1795	-2048	
-8199	7244	972	229	1812	-2036	
-8155	7309	863	204	1828	-2024	
-8108	7371	753	178	1843	-2013	
-8061	7433	642	152	1858	-2000	
-8013	7494	533	126	1874	-1988	
-7962	7555	423	100	1890	-1977	
-7912	7614	312	75	1904	-1963	
-7859	7672	203	48	1918	-1949	
-7806	7729	93	22	1931	-1937	
-7753	7784	-18	-6	1945	-1923	
-7697	7837	-128	-38	1958	-1910	
-7641	7890	-237	-75	1969	-1896	
-7581	7943	-347	-109	1984	-1880	
-7521	7994	-457	-137	1996	-1867	
-7461	8042	-568	-161	2009	-1849	
-7399	8090	-677	-183	2021	-1833	
-7336	8137	-786	-208	2032	-1818	
-7274	8183	-897	-235	2044	-1802	
-7209	8228	-1007	-264	2055	-1786	
-7143	8271	-1116	-291	2066	-1770	
-7077	8314	-1224	-319	2076	-1753	
-7010	8355	-1333	-345	2086	-1736	
-6940	8394	-1442	-371	2096	-1718	
-6870	8433	-1551	-401	2104	-1701	
-6800	8469	-1660	-427	2114	-1682	
-6727	8504	-1767	-454	2122	-1664	
-6653	8539	-1874	-480	2131	-1645	
-6578	8573	-1982	-507	2139	-1626	
-6503	8605	-2089	-533	2146	-1609	
-6428	8636	-2196	-559	2154	-1589	
-6351	8665	-2304	-587	2162	-1569	
-6275	8692	-2409	-612	2169	-1550	
-6194	8719	-2516	-637	2175	-1530	
-6113	8745	-2622	-665	2181	-1511	
-6034	8768	-2727	-692	2185	-1490	
-5953	8790	-2831	-717	2192	-1469	
-5870	8813	-2936	-742	2197	-1448	
-5787	8833	-3040	-768	2201	-1429	
-5702	8852	-3142	-794	2207	-1407	
-5616	8870	-3246	-819	2209	-1385	
-5529	8884	-3349	-845	2214	-1364	
-5442	8901	-3450	-871	2219	-1342	
-5356	8914	-3552	-895	2220	-1319	
-5269	8926	-3652	-919	2224	-1297	
-5181	8936	-3753	-945	2227	-1276	
-5090	8945	-3853	-969	2230	-1253	
-4998	8955	-3952	-993	2231	-1229	
-4907	8960	-4052	-1018	2232	-1206	
-4814	8966	-4149	-1044	2232	-1183	
-4721	8970	-4246	-1067	2234	-1161	
-4628	8972	-4343	-1090	2234	-1138	
-4533	8974	-4439	-1115	2234	-1113	
-4438	8975	-4534	-1138	2235	-1089	
-4342	8973	-4630	-1162	2233	-1066	
-4245	8969	-4723	-1184	2233	-1041	
-4147	8965	-4816	-1208	2232	-1017	
-4050	8961	-4909	-1231	2230	-993	
-3952	8954	-5001	-1252	2230	-967	
-3853	8945	-5093	-1276	2226	-943	
-3753	8936	-5182	-1298	2224	-919	
-3654	8926	-5271	-1321	2220	-894	
-3554	8913	-5360	-1341	2217	-869	
-3452	8899	-5448	-1362	2214	-842	
-3349	8885	-5535	-1384	2209	-818	
-3247	8869	-5621	-1406	2206	-792	
-3144	8851	-5708	-1427	2201	-766	
-3041	8832	-5793	-1447	2195	-740	
-2937	8812	-5876	-1469	2190	-715	
-2834	8791	-5958	-1488	2186	-688	
-2728	8768	-6041	-1508	2181	-662	
-2623	8744	-6122	-1529	2173	-637	
-2518	8719	-6202	-1547	2167	-610	
-2412	8692	-6281	-1567	2160	-582	
-2307	8663	-6359	-1587	2153	-557	
-2202	8634	-6436	-1607	2145	-530	
-2096	8604	-6513	-1625	2137	-504	
-1988	8572	-6588	-1643	2129	-478	
-1881	8538	-6663	-1662	2120	-450	
-1773	8504	-6735	-1680	2112	-424	
-1665	8468	-6808	-1698	2103	-397	
-1558	8431	-6879	-1715	2093	-370	
-1450	8393	-6950	-1733	2083	-345	
-1341	8354	-7018	-1749	2074	-318	
-1232	8312	-7087	-1765	2064	-290	
-1125	8270	-7153	-1784	2052	-265	
-1015	8227	-7219	-1799	2040	-237	
-905	8182	-7285	-1815	2031	-209	
-796	8136	-7348	-1831	2019	-183	
-687	8089	-7411	-1846	2005	-156	
-577	8041	-7474	-1861	1994	-130	
-465	7992	-7533	-1876	1982	-104	
-357	7941	-7592	-1890	1969	-78	
-246	7889	-7651	-1904	1955	-54	
-136	7836	-7708	-1919	1942	-29	
-27	7781	-7763	-1932	1929	-4	
83	7726	-7818	-1946	1916	20	
193	7670	-7872	-1958	1900	47	
303	7612	-7924	-1970	1886	79	
410	7553	-7975	-1983	1871	115	
519	7494	-8025	-1996	1855	154	
630	7433	-8074	-2008	1840	189	
739	7369	-8121	-2019	1824	215	
849	7306	-8167	-2031	1808	236	
959	7242	-8213	-2042	1792	256	
1068	7177	-8256	-2052	1775	281	
1177	7110	-8299	-2062	1759	311	
1287	7042	-8341	-2073	1741	340	
1394	6974	-8380	-2085	1723	367	
1503	6904	-8419	-2091	1708	395	
1613	6832	-8457	-2101	1689	421	
1721	6761	-8492	-2111	1669	447	
1827	6688	-8528	-2118	1652	476	
1934	6614	-8562	-2126	1634	503	
2041	6539	-8594	-2135	1614	528	
2149	6464	-8626	-2143	1596	554	
2255	6387	-8656	-2149	1576	581	
2361	6309	-8684	-2156	1556	608	
2467	6231	-8712	-2162	1538	634	
2572	6151	-8736	-2169	1517	661	
2677	6070	-8761	-2175	1497	688	
2782	5989	-8785	-2180	1477	714	
2885	5906	-8806	-2185	1456	739	
2988	5822	-8827	-2188	1437	766	
3093	5739	-8847	-2195	1416	792	
3195	5654	-8865	-2200	1392	816	
3297	5568	-8881	-2204	1370	842	
3399	5481	-8896	-2208	1349	868	
3500	5394	-8910	-2209	1327	894	
3602	5305	-8923	-2213	1304	918	
3702	5216	-8935	-2216	1283	944	
3801	5127	-8944	-2219	1259	969	
3901	5035	-8953	-2220	1237	993	
3998	4944	-8960	-2223	1213	1017	
4097	4852	-8966	-2225	1190	1041	
4194	4759	-8969	-2223	1169	1066	
4291	4665	-8972	-2225	1143	1089	
4388	4571	-8975	-2225	1119	1113	
4481	4476	-8975	-2224	1096	1138	
4576	4381	-8974	-2224	1072	1161	
4669	4284	-8972	-2223	1049	1185	
4764	4187	-8968	-2222	1024	1206	
4857	4089	-8963	-2222	999	1230	
4948	3991	-8957	-2220	975	1254	
5040	3893	-8950	-2217	950	1275	
5130	3793	-8941	-2214	925	1298	
5220	3693	-8930	-2212	901	1321	
5309	3593	-8919	-2209	876	1343	
5394	3491	-8906	-2205	850	1365	
5481	3390	-8890	-2200	826	1386	
5568	3288	-8874	-2197	798	1409	
5654	3185	-8858	-2194	772	1429	
5738	3082	-8839	-2189	747	1450	
5822	2978	-8819	-2182	721	1472	
5906	2874	-8798	-2177	696	1492	
5988	2769	-8776	-2173	670	1511	
6069	2665	-8753	-2166	643	1531	
6149	2559	-8728	-2159	617	1552	
6229	2453	-8702	-2153	590	1571	
6307	2346	-8673	-2146	563	1591	
6383	2241	-8644	-2138	539	1611	
6460	2135	-8615	-2130	512	1629	
6535	2028	-8583	-2124	484	1647	
6609	1920	-8549	-2115	458	1665	
6682	1813	-8515	-2106	430	1684	
6754	1705	-8481	-2097	404	1702	
6827	1596	-8444	-2087	378	1720	
6897	1487	-8406	-2078	352	1738	
6967	1379	-8366	-2068	324	1756	
7036	1270	-8326	-2058	297	1772	
7102	1161	-8285	-2047	271	1789	
7169	1051	-8241	-2037	243	1806	
7233	943	-8196	-2025	218	1821	
7297	832	-8151	-2013	191	1837	
7360	723	-8106	-2001	165	1853	
7422	614	-8056	-1989	139	1869	
7481	504	-8007	-1979	111	1883	
7541	395	-7957	-1965	86	1897	
7600	285	-7905	-1952	61	1913	
7658	175	-7853	-1938	34	1926	
7715	63	-7798	-1924	9	1940	
7768	-47	-7744	-1912	-20	1954	
7822	-157	-7688	-1898	-53	1966	
7875	-266	-7629	-1882	-90	1979	
7926	-375	-7571	-1867	-126	1992	
7976	-486	-7510	-1852	-155	2003	
8023	-595	-7450	-1836	-177	2016	
8071	-705	-7388	-1822	-199	2029	
8117	-816	-7325	-1805	-223	2040	
8164	-924	-7261	-1790	-253	2050	
8209	-1032	-7196	-1775	-283	2062	
8251	-1141	-7130	-1757	-310	2073	
8294	-1250	-7061	-1741	-337	2082	
8334	-1361	-6993	-1724	-364	2092	
8373	-1470	-6924	-1706	-391	2102	
8410	-1577	-6852	-1689	-418	2111	
8446	-1684	-6781	-1670	-445	2121	
8482	-1793	-6709	-1651	-472	2129	
8517	-1901	-6635	-1634	-499	2137	
8549	-2007	-6561	-1616	-525	2144	
8581	-2115	-6485	-1596	-551	2153	
8611	-2221	-6408	-1578	-579	2159	
8639	-2327	-6331	-1559	-606	2166	
8666	-2434	-6253	-1538	-632	2174	
8694	-2539	-6172	-1519	-658	2179	
8719	-2644	-6092	-1499	-685	2186	
8740	-2750	-6012	-1478	-711	2192	
8763	-2854	-5929	-1458	-738	2197	
8784	-2958	-5845	-1436	-764	2202	
8803	-3062	-5762	-1416	-788	2207	
8822	-3164	-5677	-1394	-815	2212	
8839	-3267	-5592	-1373	-839	2215	
8855	-3369	-5505	-1351	-864	2219	
8869	-3470	-5416	-1329	-891	2223	
8882	-3572	-5330	-1308	-915	2227	
8893	-3672	-5240	-1286	-941	2229	
8904	-3772	-5150	-1265	-965	2231	
8913	-3872	-5060	-1241	-990	2234	
8921	-3971	-4968	-1218	-1016	2234	
8927	-4069	-4876	-1195	-1040	2236	
8931	-4167	-4783	-1172	-1063	2236	
8935	-4265	-4690	-1150	-1088	2237	
8938	-4360	-4596	-1127	-1113	2238	
8938	-4456	-4501	-1102	-1138	2236	
8937	-4552	-4406	-1078	-1159	2237	
8935	-4645	-4310	-1055	-1182	2235	
8933	-4739	-4211	-1031	-1207	2234	
8927	-4832	-4112	-1007	-1230	2234	
8922	-4924	-4016	-983	-1253	2232	
8915	-5015	-3917	-957	-1276	2231	
8906	-5107	-3817	-933	-1299	2228	
8897	-5197	-3718	-907	-1320	2225	
8885	-5285	-3616	-883	-1343	2222	
8871	-5374	-3516	-859	-1364	2219	
8857	-5461	-3414	-833	-1387	2215	
8842	-5548	-3312	-806	-1408	2213	
8826	-5634	-3210	-781	-1428	2209	
8808	-5720	-3106	-756	-1450	2202	
8789	-5804	-3002	-730	-1471	2198	
8769	-5887	-2899	-704	-1491	2193	
8747	-5969	-2794	-680	-1513	2187	
8723	-6050	-2688	-654	-1534	2180	
8700	-6131	-2583	-627	-1552	2174	
8673	-6211	-2478	-601	-1572	2168	
8646	-6289	-2372	-575	-1592	2162	
8618	-6367	-2265	-547	-1611	2155	
8588	-6445	-2157	-522	-1631	2146	
8556	-6520	-2050	-495	-1649	2139	
8523	-6595	-1942	-469	-1668	2129	
8491	-6669	-1835	-444	-1686	2121	
8456	-6741	-1727	-414	-1703	2113	
8418	-6814	-1619	-390	-1722	2103	
8383	-6884	-1512	-364	-1741	2093	
8344	-6954	-1402	-336	-1757	2084	
8303	-7023	-1293	-309	-1773	2074	
8262	-7090	-1185	-282	-1791	2063	
8221	-7158	-1074	-256	-1808	2053	
8176	-7223	-965	-228	-1823	2042	
8130	-7287	-855	-201	-1839	2030	
8084	-7350	-746	-175	-1854	2019	
8037	-7412	-636	-148	-1870	2006	
7989	-7473	-527	-122	-1884	1994	
7941	-7534	-417	-96	-1900	1982	
7890	-7593	-306	-70	-1914	1968	
7836	-7651	-197	-43	-1926	1957	
7784	-7707	-86	-18	-1942	1943	
7729	-7762	25	6	-1957	1928	
7673	-7816	135	33	-1970	1915	
7616	-7869	244	61	-1983	1899	
7558	-7922	354	91	-1995	1885	
7498	-7973	465	123	-2008	1871	
7437	-8022	574	156	-2020	1856	
7376	-8070	684	187	-2032	1841	
7314	-8116	794	215	-2044	1824	
7250	-8162	903	238	-2056	1807	
7185	-8207	1013	264	-2066	1790	
7121	-8250	1122	291	-2076	1775	
7054	-8292	1231	315	-2088	1757	
6984	-8333	1340	344	-2097	1740	
6917	-8373	1449	373	-2107	1724	
6847	-8410	1558	399	-2117	1706	
6774	-8448	1666	427	-2124	1688	
6703	-8484	1774	453	-2134	1670	
6629	-8518	1883	479	-2142	1652	
6555	-8552	1991	507	-2150	1633	
6481	-8583	2098	533	-2158	1613	
6404	-8614	2205	560	-2166	1595	
6328	-8643	2312	588	-2172	1576	
6250	-8671	2419	613	-2179	1556	
6171	-8699	2525	639	-2186	1535	
6091	-8723	2630	666	-2191	1516	
6011	-8747	2735	691	-2198	1496	
5929	-8771	2840	717	-2203	1475	
5847	-8792	2943	743	-2209	1455	
5763	-8812	3046	768	-2214	1433	
5676	-8831	3150	794	-2218	1412	
5592	-8849	3254	818	-2222	1391	
5507	-8864	3357	844	-2225	1370	
5419	-8879	3458	869	-2229	1348	
5332	-8893	3559	895	-2233	1326	
5244	-8905	3661	919	-2236	1303	
5155	-8915	3761	945	-2237	1281	
5065	-8925	3860	970	-2239	1257	
4974	-8934	3960	992	-2242	1235	
4883	-8940	4059	1018	-2243	1213	
4791	-8945	4157	1043	-2244	1189	
4697	-8950	4253	1066	-2245	1167	
4602	-8952	4350	1090	-2245	1144	
4509	-8953	4447	1114	-2245	1119	
4414	-8953	4542	1138	-2245	1095	
4318	-8951	4636	1161	-2245	1071	
4222	-8949	4731	1184	-2243	1047	
4124	-8945	4824	1208	-2243	1023	
4026	-8940	4916	1230	-2241	999	
3928	-8933	5009	1253	-2238	974	
3830	-8925	5099	1276	-2236	949	
3730	-8915	5190	1298	-2234	924	
3630	-8904	5280	1320	-2232	898	
3529	-8893	5367	1342	-2228	875	
3428	-8879	5455	1363	-2225	849	
3326	-8864	5543	1384	-2221	823	
3223	-8847	5630	1406	-2216	798	
3122	-8830	5715	1427	-2212	772	
3019	-8811	5799	1448	-2207	747	
2915	-8792	5884	1469	-2202	721	
2810	-8770	5966	1489	-2196	695	
2706	-8747	6048	1509	-2190	668	
2602	-8723	6129	1529	-2183	642	
2495	-8698	6209	1549	-2178	615	
2390	-8672	6288	1569	-2171	589	
2285	-8643	6366	1588	-2162	563	
2178	-8614	6444	1607	-2156	538	
2072	-8583	6520	1626	-2148	511	
1964	-8551	6595	1644	-2140	483	
1857	-8517	6670	1662	-2132	457	
1751	-8483	6743	1679	-2122	430	
1643	-8447	6816	1698	-2113	404	
1535	-8410	6886	1716	-2103	378	
1426	-8371	6956	1732	-2094	349	
1317	-8333	7025	1750	-2083	324	
1206	-8292	7093	1766	-2072	296	
1098	-8249	7161	1783	-2063	270	
989	-8205	7227	1799	-2052	244	
879	-8160	7292	1814	-2040	217	
769	-8115	7355	1831	-2029	190	
660	-8068	7418	1846	-2017	164	
552	-8020	7480	1861	-2004	139	
442	-7971	7541	1876	-1992	113	
333	-7920	7600	1891	-1979	88	
224	-7869	7657	1905	-1966	63	
113	-7815	7715	1919	-1953	38	
2	-7760	7770	1934	-1938	15	
-106	-7705	7824	1946	-1924	-14	
-216	-7649	7878	1959	-1909	-47	
-326	-7592	7931	1973	-1894	-87	
-436	-7532	7983	1984	-1881	-132	
-547	-7472	8032	1996	-1865	-164	
-656	-7411	8080	2009	-1850	-183	
-766	-7349	8129	2020	-1835	-198	
-874	-7286	8173	2031	-1819	-221	
-983	-7221	8218	2042	-1803	-251	
-1093	-7156	8263	2052	-1786	-283	
-1202	-7090	8306	2063	-1769	-311	
-1311	-7022	8347	2073	-1753	-337	
-1419	-6952	8387	2082	-1736	-364	
-1528	-6882	8425	2094	-1716	-391	
-1637	-6811	8462	2101	-1699	-417	
-1745	-6740	8500	2108	-1682	-445	
-1851	-6667	8535	2119	-1664	-472	
-1958	-6593	8568	2127	-1645	-497	
-2066	-6519	8601	2134	-1625	-524	
-2170	-6442	8632	2142	-1606	-552	
-2276	-6366	8662	2150	-1588	-578	
-2381	-6288	8689	2157	-1568	-604	
-2487	-6210	8716	2163	-1546	-630	
-2594	-6130	8743	2169	-1527	-657	
-2698	-6048	8767	2175	-1507	-682	
-2803	-5968	8790	2182	-1486	-707	
-2906	-5885	8813	2186	-1465	-735	
-3012	-5802	8834	2191	-1444	-759	
-3115	-5718	8852	2196	-1423	-784	
-3217	-5632	8871	2199	-1402	-813	
-3321	-5547	8887	2204	-1380	-838	
-3422	-5460	8901	2207	-1359	-864	
-3522	-5372	8915	2210	-1337	-889	
-3623	-5283	8928	2214	-1314	-913	
-3724	-5195	8940	2215	-1292	-938	
-3823	-5105	8950	2218	-1270	-963	
-3922	-5015	8957	2220	-1247	-988	
-4021	-4923	8965	2221	-1225	-1013	
-4120	-4831	8971	2222	-1201	-1038	
-4216	-4739	8975	2224	-1176	-1061	
-4312	-4645	8979	2223	-1155	-1085	
-4408	-4551	8980	2223	-1131	-1109	
-4505	-4455	8981	2226	-1106	-1131	
-4600	-4360	8979	2224	-1084	-1156	
-4693	-4263	8977	2222	-1058	-1179	
-4785	-4166	8975	2222	-1034	-1201	
-4878	-4069	8970	2221	-1010	-1225	
-4971	-3970	8963	2219	-985	-1249	
-5062	-3871	8955	2218	-961	-1271	
-5152	-3772	8945	2215	-936	-1293	
-5240	-3671	8935	2212	-910	-1314	
-5329	-3571	8924	2208	-885	-1337	
-5419	-3469	8910	2205	-859	-1360	
-5505	-3367	8896	2204	-832	-1381	
-5591	-3265	8880	2197	-809	-1403	
-5678	-3162	8862	2192	-784	-1424	
-5762	-3059	8845	2188	-758	-1445	
-5845	-2956	8825	2182	-731	-1466	
-5928	-2853	8804	2178	-704	-1486	
-6011	-2748	8782	2172	-679	-1507	
-6092	-2642	8758	2166	-652	-1527	
-6170	-2537	8733	2159	-625	-1546	
-6251	-2431	8706	2152	-602	-1566	
-6328	-2325	8679	2145	-575	-1586	
-6404	-2218	8651	2139	-546	-1605	
-6483	-2111	8619	2131	-520	-1625	
-6560	-2005	8588	2121	-494	-1643	
-6634	-1898	8556	2115	-466	-1660	
-6705	-1790	8522	2106	-441	-1680	
-6777	-1682	8486	2096	-414	-1698	
-6849	-1574	8449	2088	-386	-1714	
-6919	-1466	8410	2078	-359	-1732	
-6989	-1357	8371	2068	-333	-1749	
-7058	-1249	8332	2059	-307	-1766	
-7126	-1140	8290	2048	-279	-1782	
-7189	-1030	8246	2036	-252	-1800	
-7254	-921	8202	2026	-225	-1815	
-7319	-811	8156	2014	-198	-1832	
-7381	-701	8109	2003	-170	-1847	
-7444	-592	8062	1991	-144	-1861	
-7505	-483	8013	1978	-119	-1878	
-7564	-372	7962	1966	-93	-1892	
-7624	-261	7911	1951	-68	-1906	
-7679	-152	7858	1938	-42	-1921	
-7734	-42	7803	1926	-16	-1933	
-7791	67	7749	1912	9	-1947	
-7845	178	7693	1897	35	-1962	
-7898	288	7635	1884	63	-1975	
-7949	397	7578	1870	95	-1986	
-7999	507	7517	1854	131	-1998	
-8048	616	7455	1839	167	-2010	
-8096	727	7394	1824	198	-2023	
-8142	837	7331	1807	223	-2034	
-8187	946	7266	1790	245	-2045	
-8232	1056	7201	1773	268	-2058	
-8274	1165	7136	1758	296	-2067	
-8315	1273	7068	1742	324	-2077	
-8356	1382	6999	1723	352	-2087	
-8395	1491	6929	1706	381	-2096	
-8434	1600	6858	1688	407	-2106	
-8470	1708	6788	1670	434	-2114	
-8505	1815	6714	1653	460	-2123	
-8540	1923	6641	1636	488	-2131	
-8572	2030	6566	1617	516	-2140	
-8602	2136	6490	1597	542	-2148	
-8633	2244	6414	1578	568	-2155	
-8662	2350	6336	1558	595	-2161	
-8690	2456	6258	1539	621	-2168	
-8715	2562	6178	1519	648	-2175	
-8741	2666	6098	1499	674	-2181	
-8765	2771	6017	1477	700	-2187	
-8786	2877	5935	1458	726	-2192	
-8809	2980	5852	1437	752	-2197	
-8827	3084	5767	1416	777	-2203	
-8846	3188	5682	1396	803	-2206	
-8863	3290	5596	1374	829	-2210	
-8879	3392	5510	1354	855	-2214	
-8893	3493	5423	1331	880	-2217	
-8904	3594	5334	1309	905	-2220	
-8916	3696	5245	1287	929	-2222	
-8926	3796	5155	1264	954	-2225	
-8935	3895	5066	1242	980	-2227	
-8944	3993	4974	1218	1004	-2229	
-8951	4091	4881	1197	1029	-2230	
-8955	4189	4789	1173	1053	-2231	
-8959	4286	4696	1150	1077	-2232	
-8961	4384	4601	1128	1102	-2232	
-8961	4479	4505	1101	1126	-2232	
-8961	4574	4410	1080	1150	-2232	
-8960	4668	4314	1057	1173	-2232	
-8956	4761	4217	1030	1196	-2231	
-8951	4854	4119	1007	1218	-2229	
-8945	4946	4022	983	1242	-2227	
-8938	5038	3923	958	1265	-2225	
-8930	5129	3823	934	1287	-2222	
-8920	5218	3723	909	1310	-2219	
-8909	5308	3623	883	1331	-2217	
-8896	5397	3523	859	1354	-2213	
-8882	5484	3420	834	1376	-2210	
-8867	5571	3318	808	1397	-2205	
-8851	5657	3215	784	1420	-2201	
-8832	5742	3111	758	1441	-2198	
-8812	5826	3009	732	1460	-2192	
-8792	5909	2904	707	1482	-2186	
-8769	5992	2800	680	1502	-2180	
-8746	6072	2696	653	1520	-2174	
-8722	6152	2591	627	1542	-2169	
-8697	6233	2485	601	1561	-2161	
-8671	6311	2379	575	1581	-2155	
-8642	6388	2271	549	1601	-2148	
-8612	6466	2164	522	1618	-2140	
-8581	6542	2057	497	1638	-2132	
-8548	6617	1949	470	1656	-2124	
-8513	6691	1841	443	1674	-2116	
-8478	6763	1733	418	1694	-2106	
-8443	6835	1625	390	1710	-2098	
-8406	6906	1517	363	1727	-2088	
-8367	6976	1408	337	1745	-2078	
-8326	7045	1299	310	1763	-2068	
-8285	7112	1189	284	1779	-2057	
-8244	7179	1080	258	1796	-2047	
-8200	7245	971	230	1813	-2035	
-8156	7309	862	204	1828	-2025	
-8109	7372	752	178	1843	-2013	
-8061	7435	643	151	1859	-2000	
-8012	7495	533	127	1875	-1987	
-7962	7555	422	100	1889	-1975	
-7912	7615	312	75	1904	-1963	
-7859	7672	202	50	1918	-1948	
-7806	7728	92	23	1932	-1936	
-7751	7784	-19	-6	1945	-1923	
-7695	7838	-129	-39	1958	-1908	
-7638	7891	-239	-73	1972	-1894	
-7581	7943	-348	-106	1984	-1880	
-7523	7993	-459	-137	1997	-1865	
-7462	8043	-569	-161	2009	-1848	
-7401	8091	-678	-183	2021	-1834	
-7337	8137	-788	-209	2033	-1818	
-7273	8184	-897	-238	2044	-1803	
-7208	8229	-1007	-265	2054	-1786	
-7143	8272	-1117	-292	2066	-1769	
-7077	8314	-1225	-322	2075	-1755	
-7008	8354	-1335	-347	2084	-1736	
-6939	8393	-1444	-374	2094	-1720	
-6869	8432	-1552	-401	2103	-1702	
-6799	8469	-1661	-427	2113	-1681	
-6726	8505	-1769	-454	2122	-1665	
-6653	8540	-1875	-480	2132	-1647	
-6578	8573	-1983	-506	2140	-1627	
-6503	8605	-2091	-533	2146	-1609	
-6428	8635	-2198	-560	2155	-1589	
-6349	8664	-2304	-585	2163	-1569	
-6272	8693	-2411	-613	2169	-1550	
-6194	8719	-2517	-640	2175	-1530	
-6114	8744	-2623	-664	2182	-1509	
-6033	8768	-2728	-692	2186	-1490	
-5950	8792	-2833	-719	2192	-1469	
-5868	8813	-2937	-743	2197	-1448	
-5785	8833	-3040	-769	2202	-1428	
-5702	8852	-3144	-794	2207	-1406	
-5615	8869	-3248	-819	2211	-1386	
-5529	8886	-3350	-846	2214	-1364	
-5443	8901	-3451	-870	2218	-1342	
-5355	8914	-3552	-895	2221	-1320	
-5268	8926	-3653	-921	2222	-1297	
-5179	8936	-3754	-944	2228	-1276	
-5087	8946	-3854	-970	2230	-1253	
-4997	8955	-3953	-995	2230	-1230	
-4905	8962	-4052	-1017	2233	-1207	
-4811	8966	-4150	-1043	2233	-1184	
-4720	8969	-4247	-1067	2234	-1160	
-4627	8973	-4344	-1090	2235	-1135	
-4533	8975	-4440	-1115	2234	-1113	
-4438	8974	-4535	-1138	2234	-1089	
-4341	8973	-4631	-1161	2233	-1065	
-4245	8970	-4724	-1186	2233	-1042	
-4147	8965	-4816	-1207	2233	-1016	
-4049	8961	-4910	-1229	2231	-992	
-3951	8953	-5001	-1253	2228	-969	
-3851	8945	-5092	-1275	2227	-942	
-3753	8936	-5183	-1297	2224	-917	
-3651	8924	-5273	-1320	2220	-894	
-3551	8912	-5362	-1342	2218	-868	
-3450	8899	-5450	-1363	2213	-843	
-3349	8885	-5537	-1385	2211	-817	
-3248	8869	-5623	-1407	2206	-791	
-3143	8851	-5708	-1428	2200	-765	
-3040	8832	-5793	-1449	2197	-741	
-2936	8811	-5877	-1470	2191	-714	
-2832	8790	-5959	-1490	2185	-688	
-2727	8768	-6041	-1509	2180	-663	
-2623	8744	-6123	-1529	2174	-636	
-2518	8719	-6202	-1550	2166	-611	
-2412	8691	-6281	-1568	2160	-583	
-2304	8663	-6359	-1587	2153	-556	
-2198	8634	-6437	-1607	2144	-531	
-2095	8604	-6514	-1625	2137	-504	
-1987	8572	-6589	-1644	2129	-477	
-1879	8539	-6663	-1663	2121	-450	
-1773	8504	-6736	-1680	2113	-424	
-1665	8468	-6807	-1698	2102	-397	
-1559	8431	-6880	-1716	2093	-371	
-1450	8392	-6951	-1732	2084	-343	
-1340	8353	-7020	-1750	2075	-316	
-1233	8313	-7087	-1766	2064	-290	
-1122	8270	-7154	-1782	2053	-262	
-1013	8226	-7221	-1800	2041	-236	
-904	8181	-7285	-1815	2029	-209	
-794	8136	-7349	-1831	2019	-182	
-685	8088	-7412	-1846	2006	-156	
-576	8040	-7472	-1860	1994	-129	
-465	7991	-7534	-1876	1982	-103	
-355	7940	-7593	-1891	1968	-79	
-246	7889	-7651	-1905	1955	-53	
-136	7836	-7708	-1919	1942	-26	
-26	7782	-7765	-1934	1927	-4	
86	7726	-7819	-1945	1914	19	
193	7669	-7872	-1959	1901	46	
302	7611	-7925	-1973	1885	78	
413	7552	-7976	-1983	1871	116	
522	7493	-8026	-1996	1855	155	
631	7432	-8075	-2008	1839	190	
739	7370	-8123	-2019	1825	215	
851	7306	-8168	-2032	1807	236	
960	7241	-8213	-2042	1791	256	
1069	7176	-8258	-2052	1775	281	
1179	7109	-8300	-2063	1758	311	
1288	7041	-8340	-2073	1741	341	
1396	6973	-8381	-2083	1724	370	
1504	6903	-8420	-2092	1707	396	
1615	6832	-8458	-2101	1689	422	
1721	6760	-8493	-2111	1671	449	
1829	6688	-8528	-2119	1651	475	
1937	6613	-8563	-2127	1634	503	
2042	6538	-8595	-2135	1614	529	
2150	6463	-8626	-2142	1595	556	
2256	6386	-8656	-2149	1577	583	
2362	6308	-8685	-2156	1556	609	
2469	6229	-8712	-2163	1537	636	
2574	6150	-8738	-2170	1516	661	
2677	6069	-8762	-2175	1496	688	
2780	5988	-8785	-2180	1477	715	
2886	5906	-8806	-2185	1456	739	
2991	5822	-8827	-2190	1435	767	
3093	5738	-8847	-2194	1414	792	
3196	5652	-8865	-2199	1392	818	
3299	5567	-8881	-2204	1370	843	
3400	5480	-8897	-2206	1349	868	
3502	5393	-8910	-2211	1326	893	
3603	5305	-8923	-2214	1305	918	
3702	5214	-8934	-2216	1281	944	
3803	5125	-8943	-2218	1258	967	
3902	5036	-8953	-2219	1236	993	
4001	4943	-8959	-2222	1212	1018	
4098	4851	-8965	-2223	1191	1041	
4194	4757	-8969	-2223	1169	1066	
4291	4664	-8972	-2224	1143	1089	
4387	4570	-8975	-2225	1119	1114	
4483	4475	-8975	-2225	1095	1139	
4578	4379	-8974	-2224	1072	1161	
4671	4283	-8972	-2223	1048	1185	
4764	4185	-8968	-2223	1025	1209	
4857	4089	-8963	-2222	1000	1231	
4950	3991	-8956	-2219	974	1254	
5041	3890	-8950	-2218	950	1276	
5130	3792	-8941	-2215	925	1299	
5219	3692	-8930	-2210	901	1322	
5310	3592	-8918	-2209	875	1342	
5397	3490	-8905	-2205	850	1364	
5483	3388	-8890	-2201	825	1388	
5570	3286	-8875	-2196	799	1408	
5655	3183	-8858	-2192	772	1430	
5740	3081	-8839	-2189	747	1451	
5823	2977	-8820	-2182	722	1472	
5906	2872	-8798	-2178	695	1492	
5988	2768	-8775	-2172	669	1511	
6070	2662	-8752	-2165	643	1531	
6150	2558	-8727	-2160	616	1552	
6229	2453	-8701	-2153	591	1572	
6308	2346	-8673	-2147	563	1590	
6385	2240	-8643	-2137	537	1610	
6462	2133	-8614	-2130	511	1630	
6536	2026	-8582	-2123	483	1647	
6609	1919	-8549	-2114	457	1666	
6686	1811	-8516	-2105	432	1685	
6757	1703	-8480	-2097	404	1702	
6826	1595	-8443	-2087	377	1721	
6898	1487	-8406	-2078	351	1738	
6968	1378	-8367	-2068	324	1755	
7037	1269	-8326	-2057	297	1772	
7104	1160	-8284	-2047	270	1788	
7169	1050	-8240	-2036	243	1805	
7233	942	-8196	-2024	218	1822	
7296	832	-8151	-2013	191	1837	
7361	723	-8103	-2001	165	1853	
7423	613	-8056	-1989	139	1868	
7482	502	-8007	-1978	112	1883	
7542	393	-7956	-1965	86	1898	
7600	284	-7905	-1951	60	1913	
7657	173	-7852	-1938	35	1926	
7714	63	-7797	-1925	8	1939	
7768	-47	-7743	-1911	-21	1954	
7823	-157	-7686	-1897	-54	1967	
7876	-269	-7629	-1882	-90	1979	
7927	-378	-7572	-1869	-127	1991	
7976	-487	-7511	-1854	-156	2003	
8023	-597	-7449	-1836	-176	2018	
8073	-707	-7389	-1822	-199	2028	
8120	-816	-7324	-1808	-224	2039	
8163	-926	-7260	-1790	-253	2051	
8209	-1035	-7196	-1773	-283	2062	
8251	-1143	-7128	-1756	-310	2072	
8293	-1251	-7061	-1741	-337	2083	
8335	-1361	-6993	-1724	-363	2092	
8373	-1471	-6923	-1706	-392	2102	
8412	-1578	-6853	-1688	-419	2111	
8446	-1686	-6780	-1670	-445	2120	
8483	-1793	-6708	-1651	-472	2129	
8517	-1901	-6636	-1633	-499	2137	
8549	-2009	-6560	-1615	-525	2145	
8580	-2115	-6484	-1594	-551	2153	
8610	-2222	-6408	-1576	-578	2160	
8638	-2328	-6330	-1558	-606	2167	
8666	-2434	-6252	-1538	-633	2174	
8694	-2540	-6173	-1519	-660	2180	
8718	-2646	-6092	-1498	-686	2186	
8741	-2750	-6010	-1478	-712	2192	
8764	-2855	-5927	-1458	-737	2198	
8785	-2959	-5844	-1437	-763	2202	
8804	-3063	-5761	-1416	-789	2208	
8822	-3166	-5676	-1395	-815	2211	
8841	-3268	-5590	-1374	-839	2215	
8856	-3370	-5503	-1351	-864	2221	
8869	-3472	-5416	-1330	-892	2221	
8882	-3573	-5329	-1308	-917	2226	
8893	-3673	-5239	-1286	-942	2229	
8903	-3773	-5148	-1264	-967	2231	
8914	-3873	-5058	-1241	-991	2233	
8921	-3971	-4968	-1219	-1016	2235	
8926	-4071	-4875	-1196	-1041	2237	
8932	-4168	-4782	-1173	-1064	2237	
8934	-4265	-4689	-1149	-1088	2238	
8937	-4362	-4595	-1126	-1113	2238	
8938	-4458	-4500	-1102	-1135	2238	
8936	-4552	-4404	-1078	-1159	2237	
8936	-4647	-4307	-1054	-1183	2237	
8933	-4740	-4210	-1029	-1206	2236	
8927	-4833	-4113	-1007	-1231	2233	
8921	-4925	-4015	-982	-1254	2233	
8914	-5016	-3917	-958	-1275	2230	
8907	-5107	-3817	-933	-1299	2228	
8897	-5197	-3716	-907	-1320	2227	
8885	-5286	-3616	-883	-1343	2223	
8873	-5375	-3514	-858	-1365	2219	
8857	-5463	-3413	-833	-1387	2216	
8842	-5550	-3311	-807	-1409	2212	
8826	-5635	-3208	-781	-1430	2208	
8807	-5720	-3105	-756	-1449	2202	
8789	-5804	-3001	-730	-1471	2196	
8768	-5888	-2897	-705	-1493	2192	
8746	-5970	-2792	-677	-1513	2188	
8723	-6052	-2687	-653	-1533	2181	
8700	-6131	-2583	-627	-1553	2174	
8674	-6212	-2477	-600	-1572	2167	
8646	-6290	-2370	-574	-1592	2161	
8619	-6368	-2262	-547	-1610	2154	
8588	-6445	-2157	-521	-1631	2146	
8556	-6521	-2049	-494	-1649	2139	
8524	-6595	-1941	-468	-1667	2130	
8491	-6669	-1834	-442	-1686	2122	
8455	-6743	-1726	-415	-1705	2112	
8420	-6814	-1619	-387	-1721	2103	
8382	-6885	-1510	-361	-1740	2095	
8343	-6955	-1401	-335	-1758	2083	
8302	-7023	-1292	-308	-1773	2073	
8262	-7090	-1183	-282	-1790	2063	
8220	-7157	-1075	-255	-1807	2053	
8176	-7223	-965	-228	-1823	2041	
8131	-7288	-856	-201	-1839	2030	
8084	-7351	-745	-175	-1854	2018	
8036	-7414	-635	-149	-1870	2005	
7989	-7474	-524	-122	-1886	1994	
7938	-7534	-414	-95	-1899	1982	
7888	-7593	-305	-70	-1913	1968	
7835	-7651	-194	-44	-1929	1955	
7782	-7707	-85	-18	-1942	1942	
7727	-7762	25	7	-1956	1928	
7671	-7817	136	33	-1970	1914	
7616	-7870	245	62	-1982	1900	
7558	-7922	355	91	-1996	1885	
7497	-7972	466	124	-2009	1871	
7438	-8021	576	156	-2021	1855	
7375	-8070	686	187	-2032	1839	
7312	-8118	795	216	-2044	1824	
7250	-8164	905	239	-2055	1807	
7185	-8208	1014	264	-2065	1791	
7119	-8250	1124	291	-2076	1774	
7052	-8293	1233	317	-2087	1758	
6985	-8334	1342	345	-2097	1741	
6916	-8373	1451	373	-2107	1724	
6846	-8411	1560	400	-2116	1706	
6774	-8448	1667	426	-2126	1688	
6702	-8484	1775	454	-2133	1670	
6629	-8519	1885	481	-2143	1651	
6553	-8552	1992	506	-2150	1633	
6479	-8584	2100	533	-2158	1613	
6403	-8615	2207	560	-2166	1595	
6326	-8645	2313	587	-2171	1576	
6248	-8673	2420	613	-2179	1555	
6170	-8699	2527	639	-2185	1535	
6090	-8724	2631	666	-2191	1517	
6009	-8747	2736	691	-2198	1496	
5928	-8771	2841	717	-2203	1474	
5845	-8793	2945	743	-2209	1454	
5762	-8813	3048	769	-2214	1432	
5677	-8832	3151	794	-2219	1411	
5592	-8848	3255	820	-2222	1391	
5505	-8865	3358	845	-2225	1369	
5417	-8880	3460	871	-2228	1348	
5331	-8892	3560	896	-2233	1325	
5243	-8905	3661	920	-2236	1302	
5155	-8916	3762	946	-2236	1281	
5063	-8925	3862	970	-2240	1257	
4972	-8934	3961	993	-2243	1235	
4882	-8940	4059	1019	-2243	1212	
4790	-8945	4157	1043	-2245	1189	
4697	-8948	4254	1066	-2245	1166	
4602	-8951	4351	1091	-2245	1142	
4508	-8954	4447	1115	-2245	1120	
4412	-8954	4543	1139	-2245	1095	
4316	-8952	4637	1162	-2245	1071	
4219	-8949	4732	1184	-2244	1046	
4122	-8945	4824	1208	-2242	1023	
4026	-8939	4918	1232	-2241	998	
3928	-8933	5009	1254	-2239	972	
3827	-8926	5100	1277	-2236	948	
3729	-8916	5190	1298	-2233	924	
3630	-8905	5280	1320	-2232	899	
3528	-8892	5369	1342	-2228	874	
3428	-8879	5457	1364	-2225	848	
3325	-8864	5544	1385	-2222	822	
3222	-8848	5629	1406	-2217	798	
3119	-8830	5716	1427	-2212	771	
3017	-8810	5800	1448	-2206	746	
2913	-8792	5885	1469	-2202	721	
2808	-8770	5968	1488	-2197	694	
2705	-8746	6048	1509	-2189	669	
2600	-8723	6129	1530	-2183	642	
2495	-8697	6210	1546	-2178	615	
2390	-8670	6289	1567	-2171	590	
2283	-8642	6366	1588	-2163	564	
2179	-8613	6444	1606	-2156	537	
2070	-8582	6521	1626	-2148	511	
1963	-8550	6596	1643	-2139	484	
1857	-8517	6670	1662	-2131	456	
1749	-8482	6744	1682	-2122	430	
1642	-8448	6815	1698	-2113	405	
1533	-8410	6887	1716	-2103	377	
1424	-8371	6958	1734	-2093	351	
1315	-8331	7026	1751	-2082	324	
1206	-8291	7094	1767	-2072	296	
1097	-8249	7163	1785	-2062	270	
987	-8205	7228	1800	-2052	243	
878	-8161	7292	1815	-2041	216	
768	-8115	7357	1831	-2029	190	
659	-8068	7419	1846	-2017	164	
551	-8020	7480	1861	-2005	138	
441	-7970	7541	1876	-1994	111	
332	-7920	7601	1891	-1980	86	
223	-7868	7658	1905	-1965	62	
112	-7814	7714	1918	-1953	37	
2	-7759	7770	1932	-1939	13	
-108	-7704	7826	1946	-1924	-14	
-218	-7648	7879	1958	-1910	-48	
-327	-7590	7932	1971	-1896	-89	
-438	-7532	7983	1984	-1881	-131	
-547	-7472	8032	1996	-1866	-162	
-657	-7410	8081	2008	-1851	-183	
-768	-7348	8129	2020	-1835	-199	
-876	-7284	8175	2032	-1819	-221	
-986	-7220	8220	2043	-1802	-251	
-1095	-7154	8263	2053	-1786	-281	
-1204	-7089	8306	2062	-1769	-310	
-1314	-7021	8347	2074	-1751	-336	
-1421	-6952	8387	2083	-1734	-362	
-1530	-6882	8426	2092	-1716	-390	
-1638	-6811	8463	2103	-1698	-417	
-1744	-6740	8499	2111	-1681	-444	
-1852	-6666	8535	2118	-1663	-470	
-1958	-6593	8569	2127	-1644	-497	
-2066	-6518	8601	2135	-1624	-524	
-2172	-6441	8631	2142	-1606	-551	
-2277	-6365	8661	2150	-1586	-578	
-2384	-6287	8691	2157	-1567	-604	
-2489	-6208	8718	2163	-1548	-631	
-2594	-6129	8742	2168	-1527	-658	
-2700	-6048	8768	2176	-1507	-683	
-2805	-5967	8792	2180	-1486	-709	
-2908	-5885	8813	2186	-1465	-735	
-3013	-5801	8834	2191	-1444	-761	
-3117	-5716	8853	2195	-1423	-786	
-3219	-5632	8871	2200	-1402	-812	
-3321	-5546	8887	2204	-1381	-839	
-3424	-5459	8902	2207	-1359	-863	
-3525	-5372	8916	2210	-1336	-889	
-3623	-5283	8928	2213	-1315	-913	
-3724	-5194	8941	2216	-1293	-939	
