-4163	-4791	8973	2223	-1192	-1047	
-4260	-4697	8978	2223	-1167	-1071	
-4356	-4604	8981	2224	-1143	-1095	
-4451	-4508	8981	2225	-1120	-1120	
-4545	-4413	8980	2224	-1096	-1143	
-4639	-4318	8979	2223	-1072	-1166	
-4733	-4221	8975	2222	-1048	-1190	
-4826	-4124	8971	2221	-1024	-1212	
-4918	-4026	8966	2220	-999	-1236	
-5010	-3927	8959	2219	-974	-1259	
-5101	-3828	8951	2215	-949	-1281	
-5191	-3727	8941	2213	-923	-1303	
-5280	-3627	8930	2212	-899	-1326	
-5369	-3526	8918	2207	-874	-1349	
-5457	-3424	8905	2203	-847	-1369	
-5543	-3323	8889	2199	-822	-1392	
-5629	-3220	8873	2195	-798	-1413	
-5714	-3119	8856	2191	-772	-1433	
-5799	-3015	8837	2186	-746	-1455	
-5883	-2910	8816	2181	-720	-1474	
-5965	-2806	8795	2174	-693	-1496	
-6046	-2701	8772	2169	-667	-1515	
-6126	-2596	8748	2163	-640	-1536	
-6207	-2492	8722	2157	-614	-1556	
-6286	-2385	8695	2149	-589	-1575	
-6362	-2278	8666	2142	-562	-1595	
-6438	-2171	8636	2135	-535	-1613	
-6515	-2065	8606	2127	-509	-1633	
-6590	-1958	8573	2119	-483	-1652	
-6665	-1851	8540	2110	-456	-1670	
-6739	-1743	8506	2103	-427	-1688	
-6810	-1634	8469	2093	-402	-1705	
-6881	-1527	8433	2083	-376	-1723	
-6951	-1419	8394	2074	-348	-1739	
-7019	-1309	8354	2063	-322	-1757	
-7085	-1201	8313	2054	-294	-1774	
-7153	-1091	8271	2042	-266	-1791	
-7220	-982	8228	2031	-240	-1807	
-7284	-873	8183	2020	-215	-1823	
-7348	-763	8137	2008	-188	-1838	
-7409	-654	8090	1997	-160	-1853	
-7471	-544	8040	1985	-134	-1870	
-7532	-434	7991	1972	-108	-1884	
-7590	-324	7940	1959	-81	-1897	
-7648	-214	7887	1947	-55	-1912	
-7704	-105	7834	1933	-31	-1927	
-7760	7	7781	1920	-5	-1940	
-7815	116	7725	1907	21	-1953	
-7868	226	7668	1892	49	-1968	
-7919	336	7610	1877	79	-1980	
-7970	445	7551	1863	112	-1992	
-8021	556	7491	1847	147	-2004	
-8068	665	7430	1831	180	-2016	
-8117	774	7367	1816	209	-2028	
-8163	884	7303	1800	232	-2039	
-8206	995	7238	1783	255	-2052	
-8249	1104	7173	1768	280	-2062	
-8291	1212	7106	1751	308	-2072	
-8333	1321	7037	1733	337	-2081	
-8373	1430	6969	1716	365	-2091	
-8413	1539	6899	1699	392	-2102	
-8450	1647	6828	1682	421	-2110	
-8485	1755	6757	1662	445	-2120	
-8518	1862	6683	1644	471	-2129	
-8554	1970	6608	1628	500	-2135	
-8587	2077	6533	1607	526	-2143	
-8617	2184	6456	1588	552	-2151	
-8646	2291	6381	1570	580	-2158	
-8674	2396	6303	1551	606	-2164	
-8701	2503	6223	1530	632	-2171	
-8726	2608	6143	1509	659	-2177	
-8752	2712	6062	1490	685	-2183	
-8774	2818	5981	1471	711	-2189	
-8795	2923	5898	1450	738	-2193	
-8817	3026	5815	1428	764	-2200	
-8835	3129	5730	1408	790	-2204	
-8852	3233	5645	1387	815	-2207	
-8870	3335	5560	1364	839	-2212	
-8885	3436	5473	1343	866	-2214	
-8898	3538	5384	1322	891	-2220	
-8910	3638	5295	1299	917	-2222	
-8922	3738	5206	1277	941	-2224	
-8932	3838	5116	1255	967	-2227	
-8940	3938	5025	1232	992	-2227	
-8948	4037	4934	1209	1015	-2229	
-8953	4134	4841	1187	1039	-2231	
-8957	4232	4748	1163	1064	-2231	
-8959	4329	4654	1141	1089	-2232	
-8961	4425	4559	1117	1113	-2232	
-8962	4519	4464	1092	1136	-2232	
-8959	4615	4368	1068	1160	-2231	
-8958	4710	4271	1045	1183	-2231	
-8955	4803	4174	1021	1207	-2230	
-8949	4894	4076	996	1228	-2229	
-8943	4986	3978	971	1251	-2227	
-8935	5078	3880	947	1274	-2225	
-8925	5168	3780	922	1296	-2222	
-8914	5258	3679	897	1318	-2219	
-8902	5347	3578	871	1340	-2217	
-8889	5434	3477	848	1364	-2214	
-8876	5522	3376	822	1386	-2209	
-8860	5608	3272	796	1405	-2205	
-8843	5694	3170	772	1427	-2201	
-8825	5779	3067	746	1448	-2195	
-8804	5862	2962	720	1469	-2190	
-8783	5945	2860	694	1489	-2186	
-8760	6027	2754	668	1509	-2179	
-8735	6108	2649	642	1531	-2173	
-8710	6188	2544	616	1551	-2167	
-8685	6267	2438	590	1570	-2160	
-8657	6345	2332	564	1588	-2152	
-8628	6422	2224	538	1610	-2144	
-8599	6499	2117	511	1628	-2138	
-8567	6575	2009	486	1646	-2129	
-8533	6649	1902	460	1666	-2120	
-8499	6722	1794	431	1683	-2113	
-8464	6796	1686	405	1700	-2103	
-8427	6867	1578	379	1719	-2094	
-8388	6937	1469	351	1736	-2085	
-8349	7007	1360	325	1753	-2074	
-8309	7074	1251	299	1771	-2063	
-8267	7141	1141	272	1787	-2053	
-8224	7207	1032	246	1804	-2042	
-8182	7273	923	219	1819	-2031	
-8134	7337	813	192	1834	-2020	
-8087	7399	703	167	1852	-2008	
-8041	7461	594	141	1866	-1995	
-7991	7522	485	114	1881	-1982	
-7940	7582	374	89	1896	-1970	
-7888	7640	263	63	1909	-1957	
-7835	7697	154	37	1924	-1943	
-7780	7753	44	10	1937	-1930	
-7727	7807	-66	-21	1951	-1916	
-7671	7862	-177	-52	1965	-1902	
-7614	7914	-286	-88	1977	-1889	
-7555	7965	-396	-121	1990	-1874	
-7495	8015	-507	-147	2003	-1858	
-7436	8063	-616	-170	2014	-1842	
-7372	8111	-725	-194	2027	-1827	
-7308	8158	-835	-219	2039	-1810	
-7244	8204	-946	-248	2049	-1796	
-7181	8249	-1055	-277	2059	-1779	
-7115	8291	-1164	-304	2070	-1761	
-7046	8332	-1274	-331	2081	-1745	
-6979	8372	-1381	-358	2090	-1728	
-6909	8411	-1491	-385	2100	-1709	
-6838	8449	-1598	-411	2109	-1691	
-6766	8486	-1706	-438	2118	-1674	
-6693	8521	-1815	-467	2126	-1657	
-6622	8555	-1923	-491	2135	-1638	
-6545	8587	-2030	-517	2144	-1619	
-6470	8618	-2137	-544	2151	-1599	
-6394	8648	-2244	-570	2159	-1580	
-6316	8677	-2350	-598	2164	-1561	
-6239	8705	-2458	-624	2171	-1541	
-6160	8731	-2563	-650	2178	-1522	
-6080	8756	-2669	-676	2184	-1501	
-5997	8778	-2775	-703	2189	-1481	
-5915	8801	-2877	-728	2194	-1460	
-5832	8822	-2982	-754	2200	-1441	
-5747	8841	-3087	-780	2204	-1419	
-5663	8860	-3189	-805	2210	-1396	
-5578	8877	-3291	-831	2213	-1376	
-5493	8892	-3393	-855	2217	-1355	
-5404	8906	-3495	-881	2221	-1334	
-5316	8919	-3597	-907	2221	-1311	
-5227	8931	-3698	-931	2225	-1287	
-5137	8941	-3798	-956	2228	-1264	
-5048	8950	-3897	-980	2229	-1242	
-4957	8958	-3997	-1005	2232	-1220	
-4864	8964	-4095	-1028	2234	-1195	
-4772	8967	-4192	-1052	2235	-1173	
-4679	8971	-4289	-1077	2235	-1149	
-4586	8975	-4386	-1101	2234	-1126	
-4490	8974	-4481	-1125	2234	-1102	
-4394	8973	-4578	-1147	2235	-1078	
-4299	8971	-4672	-1172	2234	-1056	
-4202	8969	-4766	-1195	2233	-1031	
-4105	8963	-4858	-1217	2233	-1007	
-4006	8957	-4950	-1241	2230	-983	
-3907	8951	-5043	-1263	2228	-957	
-3808	8941	-5134	-1286	2225	-932	
-3708	8932	-5223	-1308	2221	-907	
-3610	8920	-5312	-1329	2219	-883	
-3508	8907	-5401	-1352	2216	-858	
-3406	8893	-5488	-1373	2212	-832	
-3304	8877	-5575	-1394	2207	-806	
-3202	8860	-5660	-1416	2203	-780	
-3099	8843	-5745	-1437	2199	-755	
-2995	8824	-5830	-1456	2195	-730	
-2892	8802	-5913	-1477	2190	-704	
-2788	8781	-5995	-1498	2183	-677	
-2681	8757	-6077	-1518	2177	-651	
-2576	8732	-6158	-1539	2169	-626	
-2472	8706	-6237	-1558	2164	-600	
-2367	8677	-6316	-1577	2157	-572	
-2261	8649	-6394	-1596	2149	-546	
-2154	8621	-6471	-1615	2141	-519	
-2046	8590	-6546	-1634	2133	-492	
-1940	8557	-6621	-1652	2124	-466	
-1833	8523	-6695	-1671	2115	-439	
-1726	8488	-6768	-1689	2108	-413	
-1620	8451	-6839	-1705	2099	-386	
-1510	8413	-6911	-1723	2089	-358	
-1403	8375	-6981	-1741	2078	-333	
-1294	8335	-7048	-1757	2068	-305	
-1185	8293	-7117	-1774	2058	-278	
-1077	8251	-7183	-1790	2047	-251	
-966	8208	-7249	-1806	2037	-224	
-855	8162	-7314	-1823	2025	-198	
-746	8115	-7377	-1838	2012	-171	
-635	8068	-7439	-1852	2002	-145	
-526	8019	-7499	-1868	1989	-119	
-417	7969	-7559	-1881	1977	-92	
-307	7918	-7618	-1897	1963	-67	
-198	7866	-7676	-1911	1949	-42	
-88	7812	-7733	-1923	1937	-17	
22	7757	-7788	-1938	1923	6	
132	7701	-7842	-1952	1907	31	
241	7644	-7896	-1964	1893	60	
352	7587	-7947	-1977	1879	93	
461	7526	-7998	-1989	1864	132	
570	7466	-8048	-2001	1849	172	
679	7404	-8096	-2012	1832	202	
788	7341	-8142	-2024	1817	224	
898	7277	-8188	-2036	1801	244	
1006	7213	-8233	-2049	1783	267	
1116	7148	-8276	-2058	1769	294	
1226	7080	-8318	-2065	1752	324	
1335	7012	-8359	-2079	1732	352	
1444	6942	-8399	-2087	1717	380	
1552	6872	-8437	-2096	1699	407	
1661	6801	-8473	-2106	1679	434	
1769	6728	-8509	-2113	1663	460	
1876	6655	-8543	-2123	1644	488	
1982	6580	-8576	-2130	1625	515	
2089	6505	-8609	-2136	1607	541	
2195	6429	-8639	-2145	1587	568	
2301	6352	-8668	-2152	1568	594	
2408	6275	-8697	-2159	1548	621	
2513	6194	-8723	-2166	1528	646	
2618	6114	-8747	-2171	1509	672	
2723	6034	-8771	-2176	1488	699	
2828	5952	-8795	-2183	1466	725	
2932	5870	-8815	-2189	1446	752	
3036	5785	-8836	-2192	1426	777	
3138	5701	-8855	-2198	1405	803	
3240	5615	-8872	-2201	1383	829	
3343	5528	-8889	-2205	1361	855	
3444	5443	-8902	-2209	1338	880	
3545	5354	-8915	-2211	1317	904	
3647	5265	-8928	-2214	1294	930	
3746	5176	-8938	-2216	1272	954	
3846	5085	-8948	-2218	1250	979	
3945	4996	-8956	-2220	1227	1004	
4042	4904	-8962	-2221	1204	1029	
4139	4810	-8968	-2223	1181	1053	
4237	4717	-8972	-2224	1157	1076	
4333	4623	-8974	-2224	1132	1101	
4429	4529	-8975	-2226	1108	1124	
4524	4434	-8975	-2224	1086	1148	
4619	4338	-8973	-2223	1061	1172	
4714	4241	-8971	-2223	1037	1195	
4806	4144	-8967	-2220	1013	1219	
4898	4045	-8960	-2220	987	1241	
4989	3947	-8953	-2219	964	1263	
5078	3848	-8945	-2215	939	1286	
5168	3748	-8936	-2213	914	1308	
5258	3649	-8926	-2211	889	1330	
5347	3547	-8913	-2208	863	1353	
5433	3445	-8898	-2203	839	1375	
5521	3343	-8884	-2200	813	1396	
5608	3240	-8867	-2195	788	1418	
5693	3139	-8849	-2190	761	1438	
5777	3034	-8831	-2186	736	1459	
5860	2931	-8810	-2180	711	1482	
5943	2828	-8788	-2175	683	1501	
6024	2723	-8765	-2168	658	1522	
6106	2617	-8740	-2163	632	1540	
6184	2513	-8717	-2156	606	1560	
6262	2407	-8690	-2147	580	1583	
6342	2300	-8661	-2142	553	1600	
6418	2193	-8630	-2135	526	1618	
6495	2087	-8600	-2126	500	1638	
6570	1980	-8567	-2118	472	1656	
6642	1871	-8534	-2110	446	1675	
6715	1763	-8500	-2102	420	1693	
6786	1656	-8463	-2093	392	1711	
6857	1548	-8426	-2083	366	1729	
6928	1439	-8388	-2073	339	1746	
6996	1330	-8348	-2065	311	1762	
7063	1221	-8308	-2053	286	1779	
7131	1112	-8266	-2041	259	1797	
7198	1003	-8221	-2033	230	1812	
7262	894	-8177	-2019	205	1829	
7326	784	-8130	-2008	178	1845	
7389	675	-8083	-1997	152	1860	
7449	564	-8035	-1983	127	1875	
7509	454	-7985	-1972	101	1890	
7568	346	-7934	-1958	75	1904	
7625	235	-7882	-1947	49	1918	
7682	125	-7828	-1932	24	1932	
7736	15	-7773	-1918	-3	1947	
7792	-95	-7718	-1904	-35	1960	
7846	-205	-7661	-1890	-69	1972	
7897	-314	-7602	-1876	-106	1985	
7949	-424	-7544	-1860	-140	1998	
7997	-535	-7485	-1847	-166	2011	
8046	-645	-7423	-1832	-187	2023	
8094	-755	-7360	-1815	-210	2035	
8139	-864	-7297	-1799	-237	2046	
8184	-973	-7232	-1783	-266	2056	
8228	-1082	-7166	-1767	-295	2066	
8270	-1191	-7100	-1750	-323	2078	
8312	-1300	-7033	-1733	-349	2087	
8351	-1408	-6963	-1715	-375	2095	
8388	-1517	-6892	-1697	-402	2107	
8426	-1626	-6822	-1681	-430	2115	
8463	-1733	-6750	-1662	-458	2124	
8497	-1841	-6676	-1643	-484	2133	
8530	-1949	-6602	-1626	-511	2141	
8562	-2056	-6527	-1607	-537	2150	
8593	-2162	-6451	-1588	-564	2157	
8623	-2269	-6374	-1570	-591	2163	
8652	-2375	-6298	-1550	-617	2170	
8679	-2482	-6218	-1529	-643	2176	
8704	-2587	-6137	-1510	-670	2183	
8728	-2692	-6056	-1489	-696	2189	
8751	-2796	-5974	-1470	-724	2193	
8774	-2899	-5893	-1450	-750	2199	
8794	-3004	-5808	-1426	-774	2204	
8811	-3107	-5724	-1406	-800	2208	
8831	-3210	-5640	-1386	-826	2213	
8847	-3313	-5553	-1364	-852	2218	
8861	-3415	-5466	-1343	-877	2221	
8875	-3516	-5377	-1321	-902	2223	
8888	-3617	-5290	-1299	-927	2227	
8898	-3717	-5200	-1276	-952	2229	
8908	-3817	-5110	-1255	-978	2232	
8917	-3917	-5020	-1232	-1002	2234	
8923	-4015	-4927	-1208	-1026	2235	
8929	-4113	-4836	-1184	-1050	2239	
8933	-4210	-4742	-1161	-1074	2238	
8937	-4307	-4647	-1139	-1099	2238	
8938	-4403	-4553	-1114	-1122	2240	
8938	-4498	-4457	-1091	-1147	2239	
8939	-4593	-4362	-1069	-1172	2236	
8935	-4687	-4267	-1044	-1194	2236	
8931	-4781	-4169	-1020	-1217	2235	
8925	-4874	-4069	-995	-1240	2234	
8919	-4966	-3971	-971	-1263	2233	
8911	-5055	-3872	-946	-1287	2230	
8902	-5145	-3772	-922	-1308	2229	
8892	-5235	-3672	-898	-1330	2225	
8879	-5324	-3571	-872	-1353	2221	
8866	-5413	-3470	-846	-1374	2218	
8853	-5501	-3369	-820	-1395	2215	
8835	-5586	-3266	-796	-1418	2211	
8818	-5673	-3162	-770	-1438	2207	
8801	-5757	-3059	-745	-1460	2201	
8781	-5840	-2956	-719	-1482	2195	
8758	-5924	-2852	-692	-1502	2191	
8736	-6005	-2747	-667	-1522	2185	
8714	-6086	-2642	-641	-1542	2179	
8689	-6166	-2536	-616	-1562	2173	
8663	-6246	-2431	-589	-1581	2165	
8635	-6324	-2324	-562	-1601	2158	
8605	-6401	-2217	-537	-1620	2150	
8574	-6478	-2109	-509	-1637	2143	
8543	-6552	-2002	-483	-1657	2134	
8511	-6627	-1895	-458	-1676	2127	
8476	-6701	-1788	-431	-1694	2117	
8440	-6774	-1680	-404	-1712	2109	
8402	-6845	-1571	-377	-1729	2101	
8364	-6915	-1462	-350	-1747	2090	
8327	-6985	-1354	-323	-1764	2080	
8287	-7053	-1245	-297	-1781	2069	
8245	-7121	-1135	-270	-1798	2059	
8201	-7187	-1025	-243	-1814	2049	
8157	-7251	-917	-217	-1830	2038	
8110	-7315	-806	-188	-1845	2026	
8063	-7378	-697	-162	-1860	2012	
8016	-7440	-587	-136	-1876	2001	
7967	-7500	-477	-109	-1891	1989	
7916	-7559	-367	-84	-1905	1976	
7864	-7618	-256	-60	-1920	1963	
7812	-7676	-147	-34	-1935	1949	
7759	-7732	-36	-8	-1950	1935	
7703	-7786	73	19	-1962	1922	
7646	-7840	183	45	-1975	1907	
7588	-7893	294	73	-1989	1893	
7531	-7944	403	107	-2001	1880	
7472	-7994	513	137	-2014	1864	
7413	-8043	624	169	-2027	1847	
7349	-8092	733	201	-2037	1833	
7286	-8137	843	224	-2048	1817	
7222	-8183	952	249	-2060	1800	
7156	-8227	1061	276	-2071	1785	
7091	-8269	1171	302	-2081	1767	
7024	-8311	1279	330	-2091	1750	
6955	-8351	1388	357	-2102	1733	
6884	-8390	1498	384	-2112	1715	
6813	-8427	1607	411	-2119	1698	
6743	-8464	1715	437	-2129	1679	
6670	-8499	1823	465	-2138	1662	
6596	-8534	1930	494	-2146	1645	
6523	-8566	2038	520	-2154	1625	
6448	-8598	2145	544	-2161	1605	
6371	-8628	2253	572	-2167	1587	
6292	-8657	2359	599	-2175	1568	
6214	-8685	2466	623	-2183	1547	
6135	-8710	2572	650	-2188	1527	
6054	-8735	2676	678	-2194	1507	
5974	-8758	2782	702	-2201	1486	
5892	-8780	2887	728	-2206	1465	
5809	-8802	2990	754	-2211	1445	
5726	-8820	3093	780	-2216	1423	
5640	-8839	3196	805	-2221	1402	
5555	-8856	3300	830	-2225	1381	
5468	-8871	3402	855	-2227	1360	
5380	-8885	3503	881	-2230	1338	
5291	-8898	3604	906	-2234	1314	
5204	-8910	3706	932	-2236	1293	
5114	-8920	3806	955	-2239	1271	
5024	-8929	3905	979	-2240	1248	
4933	-8936	4004	1005	-2243	1226	
4841	-8943	4102	1028	-2244	1202	
4750	-8948	4200	1053	-2245	1179	
4655	-8951	4296	1077	-2245	1156	
4562	-8953	4393	1101	-2245	1132	
4467	-8954	4490	1125	-2245	1109	
4371	-8954	4584	1147	-2245	1085	
4274	-8951	4679	1172	-2244	1060	
4178	-8948	4773	1193	-2243	1036	
4081	-8943	4866	1217	-2242	1012	
3982	-8937	4958	1241	-2242	986	
3884	-8930	5049	1263	-2239	964	
3785	-8921	5141	1285	-2235	938	
3686	-8910	5229	1307	-2233	913	
3585	-8899	5319	1330	-2230	889	
3483	-8886	5408	1351	-2227	862	
3381	-8872	5495	1373	-2223	838	
3280	-8856	5582	1394	-2218	813	
3179	-8840	5668	1415	-2214	788	
3076	-8821	5753	1438	-2208	762	
2971	-8802	5838	1457	-2204	735	
2868	-8781	5920	1478	-2199	710	
2765	-8759	6003	1499	-2193	683	
2660	-8736	6084	1518	-2188	658	
2555	-8711	6166	1538	-2182	632	
2450	-8686	6245	1557	-2174	605	
2344	-8658	6322	1577	-2168	578	
2237	-8629	6400	1596	-2160	552	
2131	-8600	6477	1614	-2153	525	
2024	-8569	6553	1633	-2145	498	
1916	-8535	6629	1652	-2136	472	
1809	-8502	6702	1669	-2129	445	
1702	-8467	6775	1687	-2119	418	
1594	-8430	6847	1706	-2107	392	
1485	-8393	6917	1722	-2099	362	
1378	-8354	6987	1739	-2090	337	
1268	-8314	7056	1758	-2080	312	
1159	-8273	7124	1774	-2069	284	
1049	-8230	7190	1790	-2058	258	
940	-8186	7256	1806	-2047	232	
831	-8140	7320	1821	-2035	205	
722	-8094	7384	1837	-2023	178	
612	-8046	7446	1852	-2011	152	
504	-7998	7506	1868	-1999	126	
393	-7949	7567	1884	-1985	101	
282	-7896	7626	1897	-1972	77	
173	-7844	7683	1911	-1960	51	
64	-7791	7739	1927	-1945	28	
-45	-7736	7795	1938	-1933	2	
-157	-7681	7850	1951	-1919	-29	
-266	-7623	7903	1965	-1904	-63	
-376	-7565	7954	1976	-1891	-108	
-485	-7506	8004	1988	-1874	-148	
-594	-7445	8054	2001	-1859	-174	
-705	-7383	8101	2013	-1843	-190	
-814	-7322	8149	2024	-1827	-208	
-924	-7257	8195	2036	-1812	-235	
-1033	-7191	8240	2047	-1795	-265	
-1142	-7126	8283	2057	-1778	-296	
-1250	-7059	8324	2068	-1761	-323	
-1360	-6990	8365	2078	-1744	-348	
-1468	-6921	8404	2088	-1727	-375	
-1576	-6851	8443	2097	-1709	-402	
-1684	-6781	8480	2105	-1692	-429	
-1791	-6709	8515	2115	-1673	-456	
-1899	-6634	8550	2123	-1655	-483	
-2007	-6560	8583	2131	-1636	-510	
-2113	-6485	8615	2138	-1618	-537	
-2219	-6408	8645	2144	-1599	-564	
-2324	-6331	8674	2152	-1580	-591	
-2431	-6254	8703	2157	-1560	-618	
-2536	-6174	8729	2165	-1538	-642	
-2640	-6093	8754	2172	-1518	-668	
-2747	-6013	8778	2177	-1498	-696	
-2850	-5931	8801	2182	-1478	-720	
-2954	-5848	8821	2187	-1457	-746	
-3058	-5765	8841	2192	-1436	-773	
-3162	-5679	8861	2196	-1415	-798	
-3264	-5594	8878	2201	-1392	-824	
-3365	-5509	8894	2205	-1371	-849	
-3466	-5421	8908	2209	-1349	-874	
-3567	-5333	8921	2210	-1327	-900	
-3669	-5244	8934	2213	-1304	-925	
-3768	-5155	8946	2218	-1281	-949	
-3868	-5065	8955	2219	-1259	-975	
-3968	-4974	8962	2222	-1235	-999	
-4065	-4883	8968	2224	-1213	-1022	
-4163	-4790	8973	2223	-1191	-1048	
-4259	-4697	8978	2224	-1167	-1072	
-4357	-4602	8980	2225	-1143	-1095	
-4451	-4508	8981	2225	-1120	-1119	
-4546	-4413	8981	2224	-1097	-1142	
-4641	-4316	8979	2225	-1071	-1167	
-4734	-4220	8977	2223	-1048	-1190	
-4827	-4122	8971	2221	-1023	-1212	
-4919	-4025	8966	2219	-999	-1237	
-5011	-3926	8960	2217	-975	-1260	
-5102	-3826	8951	2216	-948	-1281	
-5191	-3727	8941	2213	-924	-1304	
-5281	-3626	8930	2209	-899	-1326	
-5369	-3526	8918	2206	-873	-1347	
-5458	-3425	8905	2204	-849	-1369	
-5545	-3322	8890	2199	-823	-1391	
-5629	-3219	8873	2195	-798	-1413	
-5715	-3116	8856	2190	-772	-1434	
-5799	-3014	8836	2186	-747	-1454	
-5882	-2911	8816	2181	-720	-1475	
-5964	-2805	8794	2175	-693	-1496	
-6046	-2700	8771	2170	-668	-1515	
-6128	-2595	8748	2164	-640	-1536	
-6208	-2490	8722	2157	-614	-1556	
-6284	-2384	8695	2151	-588	-1575	
-6362	-2277	8666	2143	-562	-1594	
-6440	-2171	8637	2134	-536	-1614	
-6515	-2065	8606	2126	-509	-1632	
-6591	-1957	8573	2118	-482	-1650	
-6664	-1849	8540	2110	-455	-1669	
-6737	-1742	8506	2103	-430	-1688	
-6811	-1634	8469	2093	-402	-1705	
-6882	-1525	8432	2083	-375	-1723	
-6952	-1418	8393	2073	-348	-1741	
-7020	-1309	8353	2064	-320	-1757	
-7087	-1199	8313	2054	-294	-1775	
-7153	-1090	8270	2042	-266	-1790	
-7220	-982	8227	2033	-239	-1806	
-7284	-873	8182	2021	-213	-1822	
-7347	-764	8136	2007	-188	-1838	
-7409	-653	8089	1996	-160	-1854	
-7470	-543	8040	1985	-133	-1869	
-7533	-435	7990	1971	-107	-1884	
-7591	-323	7940	1959	-81	-1899	
-7649	-213	7888	1946	-56	-1914	
-7706	-103	7835	1932	-30	-1927	
-7761	7	7780	1920	-5	-1940	
-7816	117	7724	1904	19	-1955	
-7868	227	7667	1892	49	-1967	
-7921	336	7609	1877	78	-1980	
-7972	447	7550	1860	110	-1994	
-8021	555	7491	1846	148	-2004	
-8069	666	7428	1831	181	-2016	
-8116	777	7367	1815	209	-2027	
-8162	885	7303	1800	233	-2039	
-8207	995	7238	1784	254	-2051	
-8250	1105	7172	1766	280	-2061	
-8293	1213	7105	1750	308	-2072	
-8333	1322	7038	1734	336	-2082	
-8374	1431	6968	1717	365	-2091	
-8412	1540	6898	1699	393	-2100	
-8449	1648	6827	1680	419	-2110	
-8486	1756	6755	1664	447	-2119	
-8520	1864	6682	1647	473	-2127	
-8555	1971	6607	1626	499	-2136	
-8586	2078	6533	1607	526	-2143	
-8618	2185	6457	1589	552	-2150	
-8647	2292	6380	1568	580	-2158	
-8674	2397	6302	1549	606	-2166	
-8701	2503	6222	1530	632	-2172	
-8727	2609	6142	1509	659	-2178	
-8751	2713	6062	1489	685	-2184	
-8774	2818	5980	1468	710	-2189	
-8796	2923	5898	1448	737	-2195	
-8815	3026	5814	1429	764	-2199	
-8835	3130	5728	1406	789	-2203	
-8853	3233	5644	1385	815	-2208	
-8870	3335	5559	1366	840	-2210	
-8886	3437	5472	1343	866	-2215	
-8898	3539	5384	1321	892	-2219	
-8910	3639	5295	1299	916	-2221	
-8921	3739	5206	1277	940	-2224	
-8931	3839	5115	1254	966	-2226	
-8941	3939	5025	1231	991	-2227	
-8947	4037	4933	1209	1015	-2229	
-8953	4134	4841	1186	1039	-2231	
-8957	4233	4747	1163	1064	-2232	
-8960	4330	4652	1139	1090	-2233	
-8960	4425	4559	1116	1113	-2232	
-8960	4520	4464	1092	1135	-2233	
-8961	4615	4367	1067	1159	-2232	
-8956	4709	4271	1044	1182	-2231	
-8953	4802	4173	1020	1206	-2230	
-8950	4894	4076	996	1229	-2228	
-8943	4987	3977	971	1252	-2227	
-8935	5079	3878	947	1275	-2223	
-8926	5168	3779	922	1297	-2221	
-8915	5258	3679	896	1318	-2219	
-8903	5347	3578	872	1341	-2214	
-8890	5435	3475	847	1364	-2213	
-8875	5522	3374	822	1386	-2209	
-8859	5608	3271	798	1408	-2203	
-8843	5694	3169	771	1429	-2199	
-8823	5778	3066	745	1447	-2196	
-8804	5863	2962	720	1468	-2191	
-8783	5945	2859	695	1490	-2184	
-8760	6026	2753	668	1509	-2179	
-8736	6109	2648	642	1530	-2172	
-8711	6188	2543	616	1551	-2166	
-8684	6268	2437	590	1570	-2160	
-8656	6346	2331	563	1589	-2152	
-8628	6424	2224	535	1607	-2145	
-8598	6500	2117	511	1628	-2136	
-8565	6575	2009	484	1646	-2130	
-8531	6651	1901	456	1663	-2122	
-8499	6723	1794	432	1683	-2111	
-8465	6796	1686	406	1701	-2102	
-8427	6867	1577	378	1718	-2093	
-8389	6938	1469	352	1735	-2084	
-8350	7007	1359	326	1753	-2074	
-8307	7075	1250	299	1770	-2063	
-8267	7142	1142	272	1787	-2053	
-8225	7208	1032	245	1804	-2041	
-8177	7274	922	219	1820	-2030	
-8132	7337	812	194	1836	-2018	
-8086	7400	703	166	1851	-2008	
-8038	7461	593	140	1867	-1996	
-7989	7522	483	116	1882	-1981	
-7939	7582	374	88	1895	-1970	
-7889	7641	264	62	1910	-1956	
-7835	7698	153	37	1925	-1943	
-7781	7754	43	9	1939	-1930	
-7728	7808	-67	-19	1951	-1916	
-7671	7861	-177	-53	1964	-1902	
-7613	7914	-288	-88	1978	-1888	
-7555	7966	-398	-121	1990	-1875	
-7496	8016	-507	-148	2002	-1857	
-7434	8064	-616	-171	2015	-1842	
-7371	8112	-727	-194	2027	-1828	
-7309	8158	-838	-220	2037	-1812	
-7246	8204	-946	-248	2048	-1795	
-7180	8248	-1056	-276	2059	-1778	
-7112	8291	-1165	-305	2069	-1763	
-7045	8333	-1274	-330	2081	-1745	
-6977	8373	-1383	-356	2091	-1728	
-6908	8411	-1492	-385	2100	-1710	
-6839	8449	-1600	-412	2109	-1692	
-6766	8486	-1708	-438	2117	-1674	
-6694	8521	-1815	-465	2127	-1655	
-6620	8554	-1923	-493	2135	-1637	
-6545	8587	-2030	-519	2142	-1619	
-6470	8619	-2138	-544	2150	-1600	
-6394	8649	-2245	-571	2158	-1581	
-6318	8678	-2352	-598	2164	-1561	
-6237	8705	-2459	-625	2171	-1541	
-6158	8730	-2564	-650	2179	-1521	
-6077	8755	-2670	-677	2183	-1501	
-5996	8780	-2775	-703	2189	-1480	
-5916	8802	-2879	-728	2195	-1460	
-5832	8822	-2982	-754	2199	-1440	
-5748	8842	-3086	-780	2204	-1419	
-5663	8860	-3191	-806	2209	-1398	
-5577	8876	-3293	-830	2213	-1375	
-5491	8892	-3395	-856	2216	-1354	
-5404	8906	-3497	-881	2220	-1332	
-5315	8919	-3598	-904	2223	-1309	
-5227	8931	-3699	-930	2225	-1288	
-5138	8941	-3798	-956	2228	-1265	
-5048	8950	-3898	-981	2230	-1242	
-4956	8957	-3997	-1004	2232	-1219	
-4864	8964	-4095	-1029	2233	-1196	
-4771	8968	-4194	-1054	2234	-1172	
-4678	8971	-4290	-1078	2234	-1149	
-4583	8973	-4387	-1101	2235	-1127	
-4489	8973	-4483	-1125	2235	-1102	
-4395	8974	-4578	-1150	2233	-1079	
-4299	8973	-4672	-1171	2234	-1055	
-4201	8968	-4766	-1194	2233	-1031	
-4103	8963	-4858	-1219	2230	-1008	
-4006	8957	-4951	-1240	2229	-982	
-3908	8950	-5043	-1263	2228	-957	
-3807	8942	-5133	-1286	2225	-933	
-3707	8931	-5224	-1308	2222	-908	
-3607	8919	-5314	-1330	2219	-882	
-3507	8907	-5401	-1351	2215	-856	
-3405	8892	-5489	-1374	2212	-832	
-3304	8878	-5576	-1395	2208	-805	
-3201	8860	-5661	-1415	2203	-780	
-3097	8842	-5746	-1437	2200	-754	
-2994	8823	-5831	-1458	2194	-729	
-2890	8801	-5914	-1478	2189	-704	
-2785	8780	-5996	-1498	2183	-677	
-2681	8757	-6078	-1520	2176	-651	
-2576	8732	-6158	-1539	2171	-625	
-2470	8705	-6238	-1558	2163	-598	
-2364	8678	-6316	-1578	2155	-571	
-2259	8651	-6394	-1596	2150	-545	
-2153	8621	-6471	-1615	2140	-518	
-2046	8590	-6546	-1634	2133	-492	
-1940	8556	-6621	-1652	2125	-465	
-1833	8522	-6696	-1670	2116	-437	
-1726	8487	-6768	-1687	2108	-411	
-1618	8451	-6840	-1705	2100	-384	
-1509	8414	-6911	-1723	2090	-358	
-1402	8374	-6981	-1740	2078	-330	
-1291	8334	-7050	-1757	2068	-304	
-1183	8293	-7117	-1774	2057	-278	
-1074	8250	-7184	-1790	2048	-251	
-964	8206	-7249	-1806	2036	-224	
-857	8162	-7315	-1822	2024	-197	
-746	8116	-7377	-1837	2013	-171	
-636	8068	-7439	-1853	2001	-146	
-526	8019	-7501	-1867	1989	-118	
-416	7968	-7560	-1883	1975	-92	
-306	7918	-7619	-1897	1963	-68	
-196	7865	-7677	-1910	1950	-43	
-87	7811	-7733	-1924	1936	-18	
22	7756	-7789	-1939	1922	6	
132	7700	-7843	-1952	1908	32	
243	7643	-7895	-1964	1894	60	
352	7585	-7948	-1978	1879	94	
460	7526	-7999	-1989	1863	133	
571	7465	-8047	-2001	1848	171	
681	7404	-8095	-2013	1833	202	
790	7341	-8142	-2025	1817	226	
900	7278	-8189	-2037	1800	244	
1007	7213	-8233	-2045	1785	268	
1118	7146	-8276	-2057	1768	294	
1228	7079	-8318	-2068	1750	324	
1336	7011	-8359	-2076	1735	355	
1444	6942	-8399	-2087	1717	381	
1552	6871	-8437	-2097	1698	408	
1661	6800	-8474	-2105	1681	433	
1768	6728	-8509	-2113	1663	459	
1877	6655	-8544	-2122	1644	487	
1986	6580	-8577	-2131	1626	515	
2091	6505	-8609	-2139	1606	541	
2197	6429	-8640	-2144	1587	567	
2303	6351	-8668	-2152	1568	595	
2409	6273	-8696	-2161	1546	619	
2514	6194	-8722	-2165	1528	647	
2619	6113	-8748	-2171	1508	674	
2725	6033	-8772	-2178	1486	698	
2829	5952	-8795	-2183	1467	726	
2932	5869	-8816	-2187	1446	751	
3036	5785	-8836	-2193	1425	777	
3141	5701	-8855	-2197	1404	803	
3242	5615	-8873	-2202	1382	828	
3343	5528	-8889	-2205	1360	854	
3446	5442	-8903	-2207	1338	879	
3547	5353	-8916	-2212	1317	905	
3647	5264	-8928	-2214	1295	930	
3747	5176	-8939	-2215	1272	956	
3847	5086	-8949	-2219	1249	980	
3946	4994	-8956	-2221	1226	1004	
4044	4902	-8963	-2222	1204	1029	
4141	4811	-8968	-2224	1179	1052	
4238	4717	-8972	-2224	1156	1077	
4336	4623	-8974	-2225	1133	1101	
4430	4528	-8975	-2224	1109	1126	
4524	4432	-8976	-2224	1086	1149	
4619	4336	-8973	-2224	1062	1171	
4713	4239	-8970	-2222	1037	1196	
4806	4143	-8967	-2221	1012	1219	
4898	4045	-8961	-2219	989	1242	
4988	3946	-8955	-2217	964	1265	
5080	3847	-8945	-2215	940	1287	
5170	3747	-8936	-2212	915	1309	
5258	3647	-8925	-2211	889	1331	
5348	3547	-8912	-2208	864	1354	
5436	3445	-8899	-2204	837	1375	
5521	3343	-8883	-2199	812	1397	
5607	3241	-8867	-2195	787	1418	
5693	3138	-8849	-2191	761	1439	
5778	3034	-8830	-2186	736	1460	
5861	2931	-8810	-2180	710	1480	
5943	2827	-8789	-2174	684	1501	
6025	2721	-8765	-2170	657	1521	
6107	2616	-8741	-2164	631	1541	
6185	2511	-8715	-2156	606	1561	
6262	2406	-8688	-2150	578	1580	
6341	2299	-8661	-2143	551	1599	
6418	2192	-8631	-2134	525	1619	
6494	2086	-8600	-2127	499	1638	
6568	1978	-8567	-2118	471	1656	
6643	1871	-8535	-2110	445	1675	
6716	1763	-8500	-2102	418	1693	
6789	1655	-8463	-2091	392	1711	
6859	1547	-8426	-2083	365	1728	
6929	1439	-8388	-2074	339	1746	
6998	1330	-8348	-2062	312	1763	
7064	1220	-8307	-2052	285	1780	
7132	1111	-8263	-2042	259	1795	
7198	1002	-8220	-2029	234	1814	
7262	893	-8176	-2020	205	1829	
7325	783	-8129	-2009	178	1843	
7387	674	-8083	-1996	152	1860	
7449	565	-8034	-1985	127	1874	
7510	453	-7985	-1971	101	1890	
7568	344	-7934	-1958	75	1904	
7625	235	-7882	-1946	50	1918	
7682	124	-7828	-1933	24	1933	
7737	14	-7773	-1919	-4	1945	
7792	-96	-7718	-1905	-35	1958	
7847	-206	-7661	-1890	-69	1973	
7897	-316	-7604	-1875	-106	1985	
7949	-426	-7545	-1862	-141	1997	
7998	-535	-7483	-1846	-166	2011	
8047	-645	-7423	-1830	-186	2022	
8095	-755	-7360	-1816	-210	2034	
8139	-865	-7296	-1799	-236	2045	
8184	-974	-7231	-1784	-267	2056	
8227	-1082	-7166	-1766	-296	2067	
8271	-1192	-7100	-1750	-321	2076	
8311	-1301	-7031	-1733	-349	2086	
8351	-1409	-6962	-1716	-375	2096	
8389	-1518	-6892	-1699	-403	2107	
8426	-1626	-6820	-1680	-431	2115	
8464	-1733	-6749	-1662	-457	2124	
8498	-1841	-6675	-1644	-485	2133	
8531	-1949	-6602	-1626	-512	2140	
8563	-2056	-6527	-1607	-538	2149	
8592	-2163	-6450	-1588	-565	2157	
8622	-2269	-6374	-1569	-591	2163	
8651	-2375	-6295	-1548	-617	2170	
8679	-2481	-6217	-1530	-644	2177	
8705	-2587	-6137	-1510	-670	2184	
8729	-2693	-6056	-1489	-697	2189	
8751	-2797	-5974	-1469	-723	2195	
8773	-2902	-5891	-1447	-748	2200	
8794	-3004	-5808	-1428	-774	2204	
8812	-3108	-5724	-1406	-800	2210	
8830	-3212	-5638	-1384	-826	2214	
8846	-3313	-5552	-1364	-853	2217	
8860	-3415	-5464	-1343	-877	2221	
8875	-3517	-5377	-1321	-902	2223	
8888	-3618	-5289	-1298	-928	2228	
8900	-3718	-5199	-1276	-952	2230	
8908	-3817	-5109	-1253	-978	2231	
8916	-3918	-5018	-1230	-1002	2234	
8923	-4016	-4927	-1208	-1026	2235	
8928	-4113	-4834	-1186	-1052	2236	
8932	-4211	-4741	-1163	-1074	2237	
8936	-4308	-4648	-1138	-1098	2238	
8939	-4404	-4552	-1116	-1124	2237	
8938	-4499	-4457	-1092	-1148	2236	
8937	-4594	-4361	-1067	-1171	2238	
8934	-4687	-4264	-1043	-1195	2237	
8931	-4782	-4167	-1019	-1218	2237	
8926	-4875	-4069	-995	-1240	2235	
8919	-4966	-3970	-971	-1264	2232	
8911	-5057	-3872	-947	-1286	2230	
8900	-5147	-3772	-922	-1309	2228	
8891	-5237	-3671	-897	-1331	2225	
8880	-5325	-3571	-871	-1351	2223	
8865	-5414	-3469	-846	-1373	2218	
8852	-5502	-3367	-820	-1395	2214	
8836	-5586	-3265	-795	-1417	2213	
8819	-5673	-3163	-771	-1439	2207	
8801	-5757	-3059	-745	-1459	2200	
8781	-5841	-2956	-719	-1481	2196	
8759	-5925	-2850	-693	-1502	2190	
8735	-6005	-2745	-666	-1521	2185	
8712	-6087	-2640	-641	-1541	2179	
8687	-6167	-2535	-614	-1562	2172	
8662	-6246	-2429	-589	-1581	2166	
8633	-6325	-2321	-564	-1602	2159	
8605	-6402	-2215	-536	-1621	2151	
8576	-6478	-2109	-509	-1638	2143	
8542	-6553	-2001	-482	-1658	2134	
8508	-6628	-1893	-456	-1677	2126	
8475	-6702	-1787	-430	-1694	2118	
8440	-6774	-1678	-403	-1714	2108	
8403	-6846	-1570	-377	-1731	2099	
8365	-6916	-1463	-350	-1747	2090	
8325	-6985	-1353	-324	-1765	2080	
8286	-7053	-1244	-297	-1782	2070	
8244	-7120	-1135	-269	-1798	2060	
8201	-7187	-1026	-243	-1813	2048	
8156	-7252	-915	-215	-1830	2037	
8110	-7315	-805	-191	-1846	2026	
8063	-7378	-696	-162	-1860	2013	
8017	-7440	-588	-136	-1877	2000	
7967	-7501	-476	-111	-1892	1989	
7917	-7560	-365	-85	-1907	1976	
7865	-7619	-257	-58	-1921	1963	
7812	-7677	-146	-33	-1935	1949	
7759	-7732	-36	-8	-1949	1936	
7704	-7786	74	19	-1962	1923	
7647	-7840	184	45	-1976	1907	
7590	-7893	294	73	-1989	1893	
7532	-7944	404	105	-2001	1879	
7470	-7994	514	139	-2012	1864	
7410	-8043	624	172	-2024	1849	
7349	-8090	735	200	-2037	1832	
7285	-8137	843	229	-2047	1818	
7221	-8183	953	251	-2059	1801	
7156	-8227	1064	275	-2072	1783	
7091	-8270	1172	303	-2081	1767	
7023	-8311	1281	330	-2092	1751	
6954	-8352	1390	357	-2101	1733	
6884	-8391	1499	384	-2111	1715	
6813	-8427	1608	412	-2120	1698	
6743	-8465	1715	438	-2128	1680	
6670	-8500	1824	466	-2138	1662	
6596	-8533	1931	491	-2147	1642	
6521	-8566	2039	517	-2154	1623	
6446	-8598	2146	546	-2160	1605	
6371	-8629	2253	571	-2170	1585	
6292	-8657	2361	597	-2176	1568	
6214	-8684	2467	624	-2182	1547	
6135	-8709	2573	650	-2189	1527	
6054	-8734	2677	676	-2195	1507	
5972	-8759	2782	702	-2201	1486	
5891	-8780	2886	728	-2205	1465	
5807	-8801	2991	754	-2210	1445	
5724	-8820	3094	779	-2215	1424	
5639	-8839	3197	805	-2219	1402	
5554	-8857	3301	832	-2223	1381	
5467	-8872	3402	856	-2226	1359	
5379	-8885	3504	881	-2231	1338	
5293	-8898	3605	907	-2233	1316	
5203	-8910	3706	931	-2237	1292	
5114	-8920	3807	956	-2239	1270	
5024	-8929	3905	981	-2240	1248	
4931	-8937	4005	1005	-2242	1224	
4840	-8942	4104	1029	-2244	1201	
4748	-8947	4200	1053	-2244	1179	
4655	-8950	4298	1077	-2244	1155	
4560	-8952	4394	1102	-2245	1132	
4466	-8954	4490	1124	-2246	1108	
4371	-8953	4586	1148	-2244	1084	
4274	-8951	4679	1172	-2244	1060	
4177	-8947	4774	1195	-2242	1036	
4079	-8942	4866	1219	-2242	1013	
3982	-8936	4958	1241	-2240	988	
3883	-8930	5051	1263	-2238	962	
3784	-8921	5141	1285	-2235	938	
3685	-8910	5231	1308	-2233	914	
3586	-8899	5320	1330	-2230	888	
3485	-8886	5409	1351	-2226	863	
3382	-8871	5496	1373	-2223	837	
3281	-8857	5582	1396	-2218	812	
3178	-8840	5668	1416	-2213	787	
3076	-8822	5754	1435	-2210	760	
2972	-8802	5837	1458	-2203	735	
2867	-8781	5921	1478	-2199	708	
2763	-8760	6005	1497	-2194	683	
2659	-8736	6085	1518	-2187	658	
2554	-8711	6166	1539	-2181	631	
2449	-8686	6245	1557	-2175	604	
2343	-8658	6323	1576	-2167	578	
2237	-8630	6401	1597	-2160	551	
2129	-8600	6477	1616	-2153	525	
2022	-8568	6554	1634	-2143	498	
1915	-8536	6629	1651	-2137	471	
1809	-8501	6703	1670	-2128	445	
1703	-8466	6775	1689	-2117	418	
1594	-8430	6847	1705	-2109	391	
1484	-8392	6918	1725	-2097	366	
1375	-8353	6987	1741	-2089	339	
1267	-8314	7056	1756	-2080	310	
1158	-8272	7124	1774	-2069	284	
1049	-8229	7190	1790	-2058	259	
940	-8185	7256	1806	-2047	231	
829	-8141	7321	1823	-2036	204	
720	-8094	7385	1838	-2023	179	
612	-8046	7446	1852	-2012	152	
503	-7998	7507	1868	-1999	126	
393	-7948	7567	1882	-1987	101	
282	-7896	7627	1898	-1974	76	
172	-7844	7684	1912	-1959	51	
62	-7790	7740	1924	-1946	26	
-47	-7736	7796	1939	-1932	1	
-156	-7680	7850	1953	-1918	-27	
-267	-7622	7904	1964	-1905	-64	
-376	-7564	7954	1976	-1890	-108	
-485	-7505	8006	1989	-1874	-149	
-596	-7444	8054	2002	-1859	-173	
-705	-7383	8101	2014	-1844	-189	
-814	-7320	8149	2025	-1827	-208	
-924	-7257	8195	2036	-1811	-233	
-1034	-7192	8240	2046	-1795	-266	
-1143	-7124	8283	2057	-1778	-295	
-1252	-7059	8325	2069	-1761	-323	
-1360	-6990	8365	2078	-1743	-349	
-1469	-6920	8405	2086	-1728	-375	
-1578	-6851	8443	2097	-1710	-403	
-1685	-6779	8480	2106	-1691	-429	
-1792	-6707	8516	2113	-1673	-456	
-1899	-6633	8550	2122	-1653	-483	
-2007	-6559	8583	2131	-1635	-510	
-2113	-6484	8615	2138	-1617	-536	
-2219	-6408	8646	2145	-1597	-562	
-2325	-6331	8675	2152	-1579	-589	
-2430	-6252	8702	2160	-1558	-615	
-2537	-6173	8729	2166	-1539	-642	
-2641	-6093	8754	2173	-1517	-669	
-2746	-6012	8779	2179	-1496	-694	
-2850	-5931	8801	2182	-1477	-721	
-2954	-5848	8821	2187	-1456	-747	
-3059	-5764	8842	2193	-1435	-772	
-3161	-5680	8861	2197	-1414	-799	
-3266	-5594	8879	2201	-1393	-824	
-3367	-5508	8894	2205	-1371	-849	
-3467	-5421	8908	2209	-1349	-875	
-3568	-5333	8921	2212	-1327	-899	
-3669	-5244	8934	2213	-1305	-925	
-3769	-5154	8945	2215	-1283	-951	
-3868	-5064	8954	2219	-1259	-975	
-3968	-4974	8962	2221	-1236	-1000	
-4066	-4882	8968	2221	-1214	-1025	
