-4106	-4842	8970	2221	-1205	-1036	
-4204	-4750	8975	2224	-1181	-1058	
-4301	-4658	8980	2223	-1159	-1083	
-4397	-4563	8980	2223	-1135	-1109	
-4491	-4467	8981	2223	-1110	-1129	
-4587	-4373	8981	2224	-1084	-1152	
-4682	-4275	8977	2224	-1060	-1177	
-4774	-4178	8974	2222	-1037	-1200	
-4867	-4080	8969	2220	-1013	-1223	
-4958	-3982	8963	2219	-987	-1246	
-5049	-3884	8956	2219	-962	-1267	
-5141	-3784	8947	2215	-938	-1291	
-5231	-3684	8937	2213	-913	-1313	
-5318	-3583	8925	2210	-887	-1334	
-5406	-3482	8912	2204	-864	-1357	
-5494	-3381	8898	2202	-838	-1379	
-5580	-3278	8883	2197	-813	-1401	
-5665	-3176	8866	2193	-787	-1422	
-5751	-3073	8847	2188	-760	-1444	
-5835	-2968	8828	2184	-734	-1464	
-5918	-2865	8807	2179	-709	-1483	
-6001	-2761	8785	2172	-682	-1504	
-6080	-2655	8761	2166	-656	-1525	
-6162	-2551	8736	2160	-630	-1546	
-6241	-2444	8710	2154	-602	-1564	
-6319	-2338	8683	2146	-577	-1584	
-6397	-2232	8654	2139	-551	-1604	
-6473	-2125	8623	2132	-524	-1622	
-6548	-2018	8592	2123	-498	-1641	
-6623	-1911	8560	2116	-470	-1659	
-6696	-1804	8526	2106	-445	-1677	
-6770	-1696	8491	2097	-417	-1696	
-6841	-1587	8454	2088	-389	-1714	
-6911	-1479	8415	2078	-363	-1730	
-6981	-1371	8378	2069	-337	-1748	
-7049	-1262	8337	2058	-310	-1765	
-7116	-1153	8294	2049	-283	-1782	
-7182	-1043	8252	2039	-255	-1798	
-7248	-934	8208	2026	-227	-1814	
-7312	-825	8162	2014	-202	-1831	
-7374	-716	8116	2003	-176	-1846	
-7437	-606	8068	1991	-148	-1861	
-7498	-496	8019	1979	-123	-1876	
-7557	-386	7969	1967	-96	-1890	
-7615	-275	7918	1953	-70	-1905	
-7672	-165	7865	1941	-45	-1920	
-7728	-57	7811	1927	-19	-1933	
-7783	53	7757	1913	6	-1947	
-7839	164	7700	1900	33	-1959	
-7890	273	7642	1885	60	-1973	
-7942	384	7585	1870	93	-1986	
-7993	493	7525	1856	128	-1997	
-8042	603	7464	1840	162	-2009	
-8090	714	7402	1825	194	-2021	
-8136	823	7339	1808	219	-2033	
-8181	933	7275	1793	241	-2044	
-8225	1042	7210	1777	266	-2055	
-8268	1151	7144	1760	292	-2066	
-8311	1260	7077	1743	321	-2076	
-8351	1368	7008	1726	350	-2085	
-8389	1477	6939	1708	377	-2095	
-8428	1586	6868	1690	403	-2106	
-8466	1695	6797	1674	431	-2114	
-8500	1802	6724	1655	458	-2124	
-8535	1909	6651	1635	484	-2132	
-8567	2017	6576	1618	511	-2138	
-8600	2123	6500	1600	537	-2147	
-8630	2230	6424	1580	564	-2154	
-8658	2338	6346	1561	591	-2161	
-8686	2443	6267	1541	618	-2168	
-8712	2549	6189	1522	644	-2175	
-8738	2654	6108	1501	671	-2180	
-8762	2759	6027	1481	697	-2185	
-8784	2864	5945	1462	723	-2191	
-8804	2967	5862	1441	749	-2196	
-8824	3071	5777	1418	775	-2201	
-8844	3174	5693	1399	801	-2205	
-8860	3276	5608	1378	826	-2208	
-8876	3379	5521	1354	850	-2214	
-8890	3481	5433	1333	877	-2217	
-8903	3582	5345	1311	902	-2220	
-8915	3682	5258	1289	927	-2223	
-8927	3783	5166	1267	952	-2225	
-8937	3882	5077	1244	976	-2227	
-8943	3980	4985	1222	1002	-2229	
-8949	4080	4893	1199	1026	-2230	
-8955	4177	4801	1175	1050	-2231	
-8958	4274	4706	1153	1075	-2232	
-8961	4371	4612	1129	1099	-2232	
-8962	4466	4518	1106	1123	-2231	
-8962	4562	4423	1082	1146	-2231	
-8959	4656	4326	1058	1169	-2231	
-8957	4749	4229	1034	1192	-2231	
-8953	4842	4132	1011	1216	-2229	
-8948	4935	4034	986	1239	-2227	
-8940	5026	3935	961	1261	-2226	
-8930	5117	3835	937	1284	-2224	
-8921	5208	3735	912	1307	-2221	
-8910	5297	3636	887	1329	-2217	
-8897	5385	3534	861	1349	-2215	
-8883	5472	3432	836	1372	-2212	
-8869	5560	3330	811	1395	-2207	
-8854	5645	3228	785	1415	-2204	
-8835	5730	3125	760	1436	-2198	
-8815	5815	3022	735	1458	-2193	
-8796	5898	2917	709	1479	-2188	
-8774	5980	2813	683	1498	-2181	
-8750	6061	2708	657	1519	-2177	
-8726	6143	2604	630	1539	-2171	
-8701	6223	2498	605	1559	-2163	
-8673	6301	2391	579	1579	-2157	
-8644	6380	2285	552	1597	-2150	
-8615	6456	2178	528	1619	-2140	
-8584	6533	2070	499	1636	-2134	
-8551	6608	1963	473	1655	-2125	
-8518	6681	1854	448	1674	-2116	
-8483	6754	1746	420	1690	-2109	
-8448	6826	1640	394	1709	-2099	
-8411	6897	1530	367	1727	-2090	
-8372	6967	1421	340	1744	-2080	
-8331	7035	1312	314	1761	-2070	
-8290	7103	1203	287	1778	-2059	
-8249	7171	1095	261	1795	-2048	
-8206	7236	985	234	1811	-2038	
-8160	7301	875	207	1825	-2026	
-8114	7364	765	180	1841	-2015	
-8067	7427	655	155	1859	-2002	
-8019	7488	546	129	1872	-1990	
-7969	7547	436	102	1886	-1978	
-7918	7607	325	78	1902	-1963	
-7866	7665	216	51	1916	-1951	
-7812	7721	106	25	1930	-1938	
-7758	7776	-4	-2	1945	-1924	
-7702	7831	-114	-34	1957	-1910	
-7646	7885	-224	-68	1970	-1896	
-7589	7937	-335	-103	1983	-1883	
-7529	7986	-445	-133	1994	-1867	
-7470	8036	-555	-158	2007	-1852	
-7408	8085	-665	-181	2020	-1836	
-7344	8132	-775	-205	2031	-1820	
-7280	8178	-884	-232	2044	-1805	
-7217	8223	-993	-261	2053	-1788	
-7151	8266	-1103	-290	2063	-1772	
-7084	8309	-1212	-316	2075	-1755	
-7016	8350	-1321	-343	2084	-1737	
-6948	8389	-1430	-369	2095	-1720	
-6880	8428	-1538	-396	2103	-1702	
-6807	8465	-1647	-424	2112	-1685	
-6734	8501	-1755	-450	2121	-1667	
-6662	8536	-1862	-477	2129	-1649	
-6588	8568	-1969	-503	2139	-1630	
-6514	8600	-2076	-530	2146	-1610	
-6436	8632	-2184	-557	2154	-1591	
-6360	8661	-2291	-584	2161	-1571	
-6284	8689	-2397	-609	2168	-1551	
-6203	8717	-2504	-635	2175	-1532	
-6124	8742	-2610	-662	2180	-1513	
-6043	8766	-2714	-687	2187	-1492	
-5962	8789	-2819	-714	2191	-1472	
-5879	8811	-2924	-739	2198	-1450	
-5796	8831	-3027	-764	2202	-1430	
-5710	8849	-3131	-791	2205	-1409	
-5626	8867	-3234	-815	2212	-1389	
-5540	8884	-3336	-842	2214	-1366	
-5452	8899	-3438	-868	2217	-1345	
-5367	8913	-3538	-892	2222	-1323	
-5279	8924	-3640	-918	2223	-1299	
-5189	8935	-3740	-942	2225	-1279	
-5100	8945	-3840	-966	2229	-1256	
-5009	8953	-3941	-991	2231	-1232	
-4917	8960	-4040	-1016	2232	-1211	
-4823	8965	-4137	-1039	2233	-1187	
-4732	8969	-4235	-1064	2233	-1163	
-4637	8972	-4332	-1087	2235	-1140	
-4543	8973	-4428	-1111	2234	-1117	
-4449	8974	-4524	-1135	2234	-1092	
-4350	8973	-4619	-1156	2235	-1068	
-4255	8970	-4713	-1180	2234	-1045	
-4160	8967	-4805	-1204	2233	-1020	
-4061	8961	-4898	-1225	2232	-995	
-3963	8954	-4991	-1251	2228	-971	
-3865	8947	-5081	-1273	2226	-947	
-3765	8937	-5172	-1294	2224	-922	
-3663	8927	-5261	-1316	2221	-896	
-3564	8914	-5350	-1338	2218	-870	
-3463	8902	-5438	-1361	2214	-846	
-3361	8887	-5526	-1382	2212	-820	
-3260	8870	-5612	-1403	2207	-794	
-3156	8854	-5697	-1424	2202	-769	
-3054	8835	-5782	-1446	2197	-744	
-2951	8816	-5865	-1466	2193	-718	
-2844	8793	-5949	-1486	2187	-692	
-2740	8770	-6031	-1509	2179	-665	
-2636	8748	-6112	-1525	2175	-639	
-2530	8722	-6192	-1546	2167	-613	
-2425	8696	-6271	-1567	2160	-587	
-2319	8667	-6350	-1584	2154	-560	
-2213	8638	-6428	-1604	2145	-533	
-2108	8607	-6504	-1623	2138	-507	
-2002	8574	-6579	-1642	2130	-480	
-1895	8543	-6654	-1661	2121	-455	
-1787	8508	-6728	-1678	2112	-427	
-1679	8472	-6800	-1696	2104	-400	
-1572	8436	-6871	-1713	2095	-374	
-1464	8397	-6942	-1730	2085	-346	
-1355	8357	-7011	-1748	2075	-319	
-1246	8317	-7079	-1765	2063	-294	
-1137	8275	-7147	-1781	2053	-267	
-1027	8231	-7212	-1797	2042	-240	
-918	8187	-7277	-1813	2030	-213	
-810	8142	-7341	-1829	2019	-186	
-699	8095	-7404	-1845	2007	-160	
-588	8047	-7465	-1859	1996	-133	
-478	7997	-7526	-1875	1983	-108	
-370	7947	-7585	-1889	1970	-82	
-261	7895	-7645	-1904	1958	-57	
-149	7841	-7702	-1917	1945	-32	
-41	7788	-7757	-1930	1930	-8	
69	7733	-7813	-1944	1916	16	
180	7675	-7866	-1957	1901	44	
289	7618	-7918	-1970	1885	74	
398	7560	-7970	-1982	1872	110	
508	7500	-8019	-1995	1856	150	
619	7440	-8068	-2007	1840	186	
728	7377	-8116	-2019	1827	213	
837	7313	-8163	-2030	1810	234	
946	7249	-8207	-2041	1794	254	
1056	7184	-8252	-2053	1776	277	
1165	7118	-8295	-2062	1760	307	
1273	7050	-8335	-2071	1743	338	
1381	6981	-8376	-2082	1725	365	
1490	6911	-8414	-2092	1708	392	
1600	6841	-8452	-2100	1690	418	
1707	6770	-8488	-2109	1673	445	
1815	6697	-8523	-2118	1655	473	
1924	6624	-8559	-2126	1637	500	
2030	6548	-8590	-2134	1618	526	
2135	6472	-8622	-2141	1598	553	
2243	6396	-8652	-2147	1579	579	
2349	6317	-8680	-2156	1559	605	
2455	6239	-8708	-2161	1541	634	
2561	6160	-8734	-2167	1520	659	
2664	6080	-8759	-2173	1499	685	
2769	5998	-8783	-2177	1479	712	
2874	5915	-8804	-2185	1459	737	
2976	5833	-8824	-2191	1437	763	
3080	5749	-8845	-2194	1415	788	
3183	5663	-8863	-2200	1394	814	
3285	5578	-8879	-2204	1374	840	
3387	5492	-8895	-2207	1352	865	
3489	5404	-8909	-2210	1329	891	
3590	5315	-8921	-2213	1308	916	
3690	5226	-8933	-2215	1284	940	
3789	5137	-8943	-2219	1261	964	
3888	5046	-8951	-2218	1241	990	
3988	4955	-8958	-2221	1218	1014	
4085	4863	-8964	-2224	1193	1038	
4182	4769	-8970	-2223	1171	1063	
4280	4676	-8973	-2224	1147	1087	
4376	4583	-8975	-2224	1122	1111	
4471	4487	-8976	-2223	1099	1135	
4565	4391	-8975	-2224	1075	1158	
4659	4296	-8972	-2222	1052	1182	
4753	4199	-8969	-2222	1027	1206	
4845	4100	-8964	-2220	1002	1228	
4936	4002	-8958	-2218	978	1252	
5030	3903	-8951	-2216	955	1276	
5120	3804	-8942	-2215	928	1296	
5207	3705	-8932	-2211	905	1318	
5297	3604	-8919	-2209	879	1341	
5385	3501	-8906	-2206	852	1361	
5472	3400	-8892	-2202	828	1383	
5559	3299	-8877	-2197	802	1405	
5644	3197	-8860	-2193	776	1426	
5729	3093	-8842	-2189	751	1448	
5812	2990	-8822	-2184	725	1469	
5896	2887	-8801	-2179	699	1490	
5980	2781	-8779	-2173	672	1510	
6059	2676	-8755	-2166	645	1530	
6139	2571	-8730	-2160	620	1549	
6219	2466	-8705	-2153	595	1570	
6297	2360	-8676	-2146	569	1590	
6374	2254	-8647	-2138	541	1609	
6450	2147	-8618	-2131	514	1627	
6526	2040	-8586	-2124	487	1646	
6600	1932	-8553	-2115	461	1665	
6674	1825	-8519	-2107	435	1682	
6748	1718	-8484	-2098	408	1701	
6820	1609	-8448	-2088	381	1718	
6890	1501	-8410	-2079	354	1736	
6959	1392	-8370	-2069	327	1754	
7027	1283	-8331	-2059	299	1769	
7093	1174	-8289	-2048	273	1786	
7160	1064	-8245	-2037	248	1803	
7225	954	-8202	-2027	221	1819	
7290	846	-8157	-2014	193	1835	
7352	736	-8109	-2001	167	1851	
7413	627	-8061	-1991	141	1866	
7476	517	-8013	-1979	115	1881	
7535	407	-7963	-1967	90	1896	
7593	297	-7912	-1954	64	1910	
7651	187	-7859	-1939	39	1924	
7706	77	-7805	-1926	12	1938	
7761	-33	-7749	-1913	-17	1952	
7816	-143	-7694	-1898	-49	1966	
7869	-253	-7636	-1884	-86	1978	
7919	-363	-7579	-1868	-122	1990	
7970	-473	-7520	-1853	-151	2004	
8020	-583	-7458	-1840	-176	2015	
8067	-693	-7396	-1825	-197	2026	
8113	-802	-7332	-1809	-222	2038	
8160	-911	-7269	-1793	-250	2050	
8204	-1022	-7204	-1776	-279	2060	
8246	-1131	-7137	-1760	-307	2071	
8287	-1239	-7070	-1742	-334	2082	
8328	-1348	-7002	-1725	-360	2091	
8367	-1455	-6932	-1708	-388	2101	
8404	-1564	-6861	-1692	-416	2110	
8442	-1672	-6790	-1673	-441	2120	
8479	-1780	-6719	-1655	-469	2128	
8513	-1888	-6644	-1637	-497	2135	
8545	-1994	-6569	-1617	-523	2145	
8578	-2102	-6494	-1599	-550	2152	
8608	-2209	-6418	-1579	-575	2159	
8636	-2315	-6340	-1560	-603	2166	
8662	-2421	-6262	-1542	-630	2173	
8689	-2527	-6182	-1521	-655	2180	
8715	-2631	-6102	-1501	-682	2186	
8738	-2736	-6021	-1481	-708	2192	
8760	-2841	-5939	-1460	-733	2198	
8783	-2945	-5856	-1440	-760	2202	
8801	-3050	-5773	-1418	-786	2206	
8820	-3152	-5687	-1397	-811	2212	
8838	-3255	-5601	-1377	-836	2215	
8853	-3358	-5515	-1355	-863	2219	
8868	-3459	-5428	-1333	-888	2223	
8880	-3560	-5339	-1311	-912	2226	
8892	-3660	-5252	-1290	-938	2229	
8903	-3760	-5161	-1267	-964	2230	
8912	-3861	-5070	-1244	-989	2233	
8920	-3960	-4980	-1221	-1013	2235	
8927	-4058	-4887	-1198	-1037	2236	
8931	-4155	-4794	-1175	-1061	2238	
8934	-4253	-4701	-1151	-1084	2238	
8938	-4349	-4607	-1128	-1108	2238	
8938	-4445	-4511	-1106	-1133	2239	
8938	-4540	-4415	-1082	-1157	2238	
8935	-4634	-4320	-1057	-1182	2238	
8932	-4728	-4222	-1034	-1204	2237	
8928	-4821	-4125	-1010	-1226	2235	
8924	-4914	-4028	-985	-1251	2233	
8917	-5006	-3928	-960	-1272	2231	
8908	-5096	-3830	-936	-1295	2229	
8897	-5187	-3730	-911	-1319	2226	
8887	-5276	-3628	-885	-1340	2225	
8875	-5363	-3527	-861	-1362	2220	
8861	-5451	-3425	-837	-1384	2216	
8844	-5538	-3323	-810	-1405	2213	
8827	-5624	-3221	-785	-1427	2207	
8810	-5709	-3118	-760	-1448	2204	
8792	-5793	-3014	-734	-1468	2200	
8771	-5877	-2910	-707	-1490	2194	
8750	-5959	-2806	-681	-1510	2188	
8727	-6041	-2701	-656	-1530	2183	
8703	-6122	-2595	-630	-1551	2176	
8677	-6203	-2490	-603	-1571	2169	
8648	-6280	-2383	-577	-1590	2163	
8620	-6357	-2276	-552	-1608	2155	
8593	-6435	-2170	-524	-1627	2148	
8562	-6511	-2062	-498	-1646	2139	
8528	-6586	-1955	-471	-1665	2132	
8495	-6659	-1847	-444	-1683	2125	
8461	-6732	-1740	-419	-1702	2115	
8423	-6805	-1632	-392	-1721	2105	
8388	-6876	-1523	-365	-1738	2095	
8350	-6946	-1414	-339	-1755	2086	
8308	-7015	-1306	-311	-1771	2075	
8267	-7082	-1197	-285	-1788	2064	
8224	-7149	-1087	-259	-1805	2055	
8181	-7215	-977	-230	-1821	2043	
8135	-7279	-869	-205	-1837	2031	
8089	-7343	-758	-180	-1854	2019	
8043	-7405	-648	-150	-1867	2008	
7995	-7467	-539	-125	-1883	1995	
7945	-7526	-429	-100	-1899	1981	
7894	-7585	-319	-73	-1912	1970	
7843	-7644	-208	-48	-1928	1957	
7790	-7700	-99	-22	-1941	1943	
7734	-7756	12	4	-1955	1930	
7679	-7810	121	31	-1969	1915	
7623	-7862	231	58	-1981	1901	
7565	-7915	342	87	-1994	1887	
7507	-7967	451	119	-2007	1872	
7445	-8017	562	153	-2019	1858	
7384	-8064	671	184	-2030	1843	
7321	-8111	781	212	-2043	1826	
7258	-8157	891	237	-2053	1809	
7194	-8201	1000	261	-2065	1793	
7127	-8245	1110	285	-2077	1776	
7061	-8288	1218	314	-2085	1760	
6992	-8329	1327	343	-2096	1743	
6924	-8369	1437	369	-2106	1725	
6854	-8406	1546	395	-2116	1707	
6784	-8443	1654	423	-2124	1690	
6712	-8479	1762	450	-2132	1674	
6638	-8515	1870	477	-2142	1654	
6565	-8549	1978	503	-2149	1635	
6489	-8580	2086	530	-2157	1617	
6414	-8611	2192	556	-2164	1596	
6337	-8641	2300	583	-2171	1578	
6259	-8668	2406	610	-2179	1559	
6179	-8696	2511	635	-2185	1538	
6099	-8721	2618	661	-2192	1517	
6020	-8745	2723	687	-2197	1498	
5938	-8769	2827	712	-2203	1478	
5856	-8790	2932	739	-2209	1456	
5772	-8810	3036	766	-2212	1435	
5687	-8829	3139	791	-2217	1415	
5602	-8847	3242	817	-2220	1394	
5518	-8864	3344	840	-2226	1371	
5431	-8879	3446	866	-2229	1350	
5342	-8891	3548	893	-2231	1328	
5254	-8904	3649	915	-2236	1305	
5164	-8915	3749	941	-2238	1283	
5075	-8924	3849	967	-2240	1262	
4985	-8932	3949	991	-2241	1239	
4893	-8940	4047	1015	-2243	1216	
4802	-8946	4145	1040	-2244	1192	
4707	-8949	4242	1064	-2244	1168	
4612	-8953	4339	1087	-2245	1145	
4518	-8953	4436	1111	-2246	1121	
4424	-8954	4531	1135	-2245	1098	
4329	-8953	4625	1160	-2244	1076	
4232	-8950	4720	1181	-2243	1049	
4136	-8946	4813	1205	-2242	1026	
4038	-8941	4906	1230	-2240	1002	
3941	-8934	4997	1250	-2239	977	
3840	-8926	5088	1272	-2238	953	
3740	-8917	5180	1296	-2235	926	
3642	-8906	5269	1317	-2233	902	
3540	-8894	5359	1338	-2229	877	
3439	-8881	5447	1360	-2226	852	
3339	-8866	5533	1381	-2222	825	
3237	-8850	5619	1403	-2217	800	
3135	-8833	5705	1424	-2214	775	
3030	-8815	5790	1445	-2208	749	
2927	-8794	5874	1467	-2203	724	
2822	-8773	5956	1487	-2197	698	
2716	-8750	6038	1506	-2191	672	
2613	-8726	6119	1527	-2185	646	
2508	-8701	6200	1547	-2178	618	
2403	-8674	6279	1567	-2172	592	
2297	-8646	6358	1585	-2164	567	
2191	-8616	6436	1604	-2156	540	
2085	-8587	6511	1623	-2150	514	
1978	-8555	6587	1641	-2141	488	
1871	-8521	6661	1660	-2132	460	
1763	-8487	6734	1677	-2124	435	
1655	-8451	6807	1694	-2115	408	
1548	-8414	6878	1714	-2104	381	
1439	-8376	6949	1731	-2094	354	
1330	-8337	7018	1748	-2085	326	
1220	-8296	7086	1764	-2076	301	
1111	-8254	7153	1781	-2064	274	
1002	-8211	7219	1797	-2053	246	
893	-8166	7284	1813	-2043	221	
783	-8121	7348	1829	-2030	194	
673	-8074	7412	1844	-2018	168	
563	-8026	7473	1859	-2006	142	
453	-7977	7534	1874	-1993	115	
346	-7926	7593	1890	-1981	92	
234	-7873	7650	1904	-1966	67	
125	-7821	7708	1917	-1953	40	
18	-7767	7764	1933	-1940	17	
-93	-7712	7819	1946	-1925	-8	
-203	-7656	7872	1958	-1912	-42	
-313	-7598	7926	1970	-1897	-82	
-424	-7540	7976	1982	-1882	-126	
-535	-7480	8025	1995	-1868	-161	
-645	-7418	8075	2006	-1852	-181	
-752	-7355	8123	2018	-1837	-198	
-862	-7293	8169	2029	-1822	-218	
-972	-7228	8215	2041	-1804	-247	
-1082	-7163	8258	2050	-1789	-279	
-1189	-7097	8300	2061	-1771	-307	
-1299	-7029	8342	2073	-1753	-333	
-1409	-6960	8382	2080	-1737	-361	
-1516	-6890	8422	2091	-1719	-387	
-1622	-6820	8459	2100	-1701	-413	
-1731	-6749	8496	2109	-1684	-443	
-1840	-6676	8531	2118	-1665	-468	
-1946	-6602	8565	2125	-1646	-493	
-2052	-6526	8597	2134	-1628	-520	
-2158	-6450	8628	2142	-1609	-547	
-2263	-6375	8658	2149	-1589	-575	
-2368	-6297	8686	2156	-1570	-600	
-2475	-6219	8714	2163	-1549	-627	
-2581	-6140	8739	2168	-1529	-655	
-2686	-6058	8764	2174	-1508	-679	
-2791	-5977	8788	2181	-1488	-705	
-2896	-5895	8810	2185	-1468	-733	
-3000	-5811	8831	2189	-1448	-759	
-3104	-5727	8851	2195	-1427	-784	
-3206	-5642	8870	2200	-1405	-810	
-3307	-5557	8885	2202	-1383	-835	
-3410	-5470	8901	2207	-1362	-860	
-3511	-5383	8916	2211	-1339	-886	
-3611	-5295	8927	2213	-1317	-911	
-3712	-5206	8939	2216	-1295	-935	
-3812	-5115	8949	2218	-1272	-960	
-3911	-5026	8958	2220	-1249	-985	
-4011	-4934	8964	2221	-1226	-1009	
-4109	-4842	8970	2222	-1203	-1034	
-4206	-4749	8976	2223	-1179	-1058	
-4303	-4656	8979	2224	-1157	-1083	
-4399	-4561	8981	2225	-1133	-1106	
-4493	-4466	8982	2224	-1108	-1130	
-4587	-4371	8980	2224	-1085	-1153	
-4682	-4275	8978	2224	-1061	-1177	
-4776	-4177	8975	2222	-1037	-1201	
-4869	-4079	8970	2221	-1012	-1223	
-4960	-3981	8964	2219	-988	-1246	
-5051	-3882	8956	2216	-963	-1270	
-5141	-3782	8947	2215	-937	-1292	
-5231	-3682	8936	2212	-912	-1314	
-5319	-3582	8925	2208	-888	-1335	
-5408	-3481	8912	2205	-863	-1357	
-5495	-3379	8898	2202	-838	-1380	
-5582	-3277	8883	2198	-811	-1401	
-5667	-3174	8866	2194	-786	-1422	
-5751	-3071	8847	2188	-760	-1443	
-5836	-2969	8828	2183	-735	-1465	
-5920	-2865	8807	2178	-710	-1486	
-6002	-2761	8784	2172	-683	-1506	
-6082	-2655	8760	2167	-656	-1524	
-6162	-2549	8736	2160	-629	-1545	
-6241	-2443	8710	2154	-604	-1565	
-6319	-2337	8682	2147	-576	-1583	
-6397	-2231	8653	2140	-549	-1603	
-6473	-2124	8622	2132	-524	-1622	
-6549	-2017	8591	2123	-497	-1641	
-6622	-1910	8559	2115	-470	-1659	
-6697	-1803	8525	2106	-443	-1678	
-6771	-1695	8490	2098	-416	-1696	
-6841	-1586	8453	2089	-389	-1713	
-6913	-1479	8415	2079	-362	-1732	
-6982	-1370	8376	2070	-335	-1748	
-7050	-1261	8336	2058	-310	-1766	
-7116	-1153	8294	2048	-282	-1782	
-7183	-1042	8251	2038	-254	-1797	
-7248	-934	8208	2025	-230	-1815	
-7312	-825	8162	2015	-202	-1830	
-7375	-715	8115	2003	-175	-1845	
-7437	-605	8067	1991	-148	-1861	
-7498	-494	8018	1978	-122	-1875	
-7559	-384	7969	1966	-96	-1890	
-7616	-275	7917	1953	-69	-1905	
-7673	-165	7864	1940	-45	-1919	
-7729	-54	7810	1926	-20	-1933	
-7784	56	7754	1913	6	-1947	
-7837	165	7699	1900	33	-1959	
-7890	275	7642	1885	61	-1972	
-7943	385	7583	1871	93	-1985	
-7992	495	7524	1856	128	-1997	
-8042	604	7463	1840	161	-2009	
-8091	713	7401	1824	194	-2021	
-8138	824	7338	1809	218	-2033	
-8182	934	7275	1793	242	-2045	
-8224	1043	7208	1776	266	-2056	
-8269	1152	7143	1760	291	-2067	
-8311	1261	7076	1743	322	-2076	
-8351	1369	7008	1725	350	-2085	
-8391	1478	6938	1709	377	-2095	
-8429	1587	6868	1692	404	-2105	
-8466	1696	6796	1674	432	-2113	
-8501	1803	6723	1655	459	-2122	
-8535	1911	6650	1636	485	-2130	
-8568	2017	6575	1619	512	-2138	
-8600	2125	6500	1600	538	-2147	
-8629	2233	6423	1579	565	-2153	
-8657	2338	6345	1560	591	-2160	
-8687	2445	6266	1540	618	-2168	
-8713	2550	6187	1522	644	-2173	
-8739	2655	6107	1501	670	-2180	
-8763	2761	6027	1481	697	-2186	
-8784	2865	5945	1460	723	-2191	
-8806	2968	5861	1439	748	-2196	
-8824	3071	5777	1419	775	-2202	
-8843	3176	5692	1396	801	-2205	
-8861	3278	5607	1375	825	-2210	
-8877	3380	5520	1355	851	-2214	
-8890	3482	5433	1334	877	-2216	
-8903	3583	5345	1311	901	-2219	
-8917	3684	5255	1289	928	-2222	
-8927	3783	5166	1267	953	-2225	
-8936	3882	5076	1244	976	-2227	
-8943	3983	4984	1222	1002	-2228	
-8950	4081	4893	1200	1026	-2231	
-8955	4177	4800	1177	1051	-2230	
-8958	4275	4706	1154	1076	-2231	
-8961	4372	4612	1129	1100	-2233	
-8961	4467	4516	1107	1124	-2231	
-8962	4562	4422	1083	1147	-2231	
-8960	4656	4325	1057	1169	-2231	
-8957	4751	4228	1034	1192	-2231	
-8954	4844	4131	1009	1216	-2230	
-8947	4935	4033	986	1240	-2227	
-8939	5027	3934	961	1262	-2226	
-8930	5118	3834	935	1285	-2224	
-8921	5208	3734	911	1307	-2221	
-8909	5297	3634	885	1329	-2218	
-8897	5386	3534	861	1351	-2215	
-8883	5474	3431	836	1372	-2211	
-8867	5560	3329	811	1394	-2206	
-8852	5646	3227	784	1415	-2203	
-8834	5732	3124	759	1436	-2198	
-8817	5816	3021	735	1458	-2192	
-8795	5899	2917	708	1478	-2188	
-8773	5982	2812	683	1499	-2182	
-8750	6063	2707	657	1518	-2177	
-8724	6144	2602	630	1539	-2171	
-8700	6222	2496	605	1559	-2163	
-8673	6302	2390	577	1578	-2156	
-8644	6381	2284	552	1598	-2149	
-8614	6457	2177	527	1618	-2141	
-8584	6533	2070	499	1636	-2134	
-8551	6608	1961	473	1655	-2126	
-8518	6682	1854	447	1673	-2117	
-8483	6756	1746	420	1690	-2108	
-8447	6827	1637	393	1708	-2099	
-8411	6898	1528	366	1726	-2090	
-8371	6968	1420	340	1743	-2080	
-8331	7037	1313	312	1760	-2070	
-8290	7104	1202	286	1778	-2059	
-8248	7171	1092	262	1795	-2047	
-8205	7237	984	233	1810	-2037	
-8159	7301	875	207	1825	-2025	
-8114	7365	764	181	1842	-2014	
-8066	7428	654	155	1859	-2002	
-8019	7488	546	130	1873	-1990	
-7969	7548	435	102	1887	-1978	
-7915	7608	324	79	1901	-1964	
-7865	7666	215	52	1916	-1951	
-7812	7722	106	25	1930	-1938	
-7757	7777	-5	-2	1943	-1925	
-7702	7831	-115	-34	1957	-1911	
-7645	7885	-226	-68	1971	-1897	
-7588	7937	-336	-104	1982	-1882	
-7529	7988	-446	-133	1994	-1866	
-7469	8038	-555	-158	2008	-1851	
-7406	8086	-666	-182	2020	-1836	
-7343	8133	-776	-205	2033	-1821	
-7281	8179	-885	-233	2042	-1804	
-7216	8223	-995	-262	2052	-1787	
-7150	8267	-1104	-290	2064	-1772	
-7083	8310	-1213	-316	2074	-1756	
-7016	8350	-1322	-343	2084	-1738	
-6947	8389	-1430	-369	2094	-1720	
-6876	8428	-1540	-396	2104	-1703	
-6806	8466	-1648	-424	2113	-1685	
-6735	8501	-1756	-451	2121	-1665	
-6662	8536	-1863	-478	2130	-1648	
-6586	8570	-1970	-503	2138	-1629	
-6513	8602	-2078	-529	2147	-1610	
-6438	8632	-2185	-557	2154	-1592	
-6358	8661	-2293	-581	2161	-1571	
-6282	8691	-2399	-608	2168	-1551	
-6203	8717	-2505	-636	2174	-1532	
-6123	8742	-2611	-662	2180	-1512	
-6043	8766	-2716	-688	2186	-1492	
-5961	8789	-2820	-714	2191	-1471	
-5877	8811	-2925	-739	2196	-1452	
-5794	8831	-3029	-766	2202	-1430	
-5710	8849	-3132	-792	2206	-1409	
-5625	8868	-3235	-817	2211	-1387	
-5540	8884	-3338	-844	2213	-1366	
-5452	8899	-3440	-866	2218	-1346	
-5365	8912	-3541	-891	2222	-1323	
-5277	8923	-3641	-919	2223	-1301	
-5188	8935	-3743	-942	2227	-1278	
-5099	8945	-3842	-967	2229	-1254	
-5009	8954	-3941	-991	2230	-1232	
-4918	8961	-4040	-1015	2232	-1209	
-4824	8966	-4138	-1039	2234	-1186	
-4731	8969	-4236	-1064	2233	-1163	
-4637	8972	-4333	-1088	2234	-1139	
-4542	8973	-4430	-1111	2235	-1116	
-4447	8974	-4524	-1135	2234	-1092	
-4352	8973	-4619	-1157	2234	-1068	
-4256	8970	-4713	-1180	2234	-1043	
-4158	8966	-4807	-1204	2233	-1020	
-4059	8961	-4899	-1226	2232	-995	
-3962	8955	-4990	-1251	2229	-970	
-3863	8947	-5082	-1273	2226	-945	
-3763	8937	-5172	-1295	2224	-920	
-3664	8927	-5262	-1317	2221	-896	
-3563	8915	-5351	-1339	2218	-871	
-3462	8901	-5439	-1361	2214	-846	
-3360	8887	-5526	-1382	2211	-820	
-3259	8871	-5612	-1404	2207	-794	
-3156	8853	-5698	-1425	2202	-769	
-3052	8835	-5783	-1445	2197	-742	
-2949	8815	-5866	-1465	2192	-718	
-2844	8793	-5950	-1486	2187	-691	
-2741	8770	-6032	-1507	2180	-665	
-2634	8747	-6112	-1526	2174	-638	
-2529	8722	-6193	-1547	2167	-612	
-2423	8694	-6273	-1566	2161	-586	
-2317	8667	-6351	-1585	2155	-560	
-2213	8638	-6429	-1604	2146	-533	
-2107	8607	-6505	-1623	2138	-507	
-2000	8576	-6580	-1643	2130	-481	
-1893	8542	-6654	-1660	2121	-454	
-1787	8507	-6728	-1679	2112	-427	
-1677	8471	-6801	-1697	2104	-400	
-1569	8435	-6871	-1712	2095	-374	
-1463	8397	-6943	-1730	2084	-347	
-1355	8357	-7012	-1749	2073	-320	
-1244	8317	-7080	-1764	2064	-294	
-1135	8275	-7148	-1781	2053	-266	
-1027	8231	-7212	-1798	2042	-239	
-917	8186	-7278	-1814	2032	-213	
-807	8141	-7343	-1830	2019	-186	
-698	8094	-7405	-1845	2006	-160	
-588	8046	-7466	-1860	1995	-134	
-477	7996	-7527	-1876	1982	-108	
-369	7945	-7586	-1889	1970	-81	
-260	7894	-7645	-1902	1957	-56	
-149	7841	-7702	-1917	1944	-32	
-38	7787	-7758	-1930	1931	-7	
71	7732	-7813	-1944	1916	17	
180	7675	-7866	-1958	1901	42	
291	7618	-7918	-1971	1886	72	
401	7560	-7970	-1982	1872	110	
509	7500	-8019	-1994	1857	150	
619	7439	-8068	-2007	1842	187	
727	7376	-8116	-2018	1825	214	
838	7313	-8163	-2030	1810	233	
948	7249	-8209	-2041	1794	255	
1056	7184	-8252	-2053	1776	278	
1166	7116	-8295	-2062	1760	307	
1274	7049	-8336	-2071	1745	338	
1383	6981	-8376	-2082	1725	364	
1493	6910	-8416	-2092	1708	393	
1601	6840	-8453	-2100	1691	420	
1707	6769	-8490	-2110	1672	447	
1815	6697	-8524	-2119	1655	473	
1924	6622	-8558	-2125	1636	499	
2031	6547	-8591	-2133	1617	527	
2138	6472	-8622	-2141	1598	554	
2245	6395	-8653	-2149	1579	579	
2351	6318	-8681	-2156	1559	607	
2456	6239	-8709	-2161	1539	634	
2561	6159	-8734	-2168	1520	658	
2666	6078	-8759	-2174	1499	685	
2770	5996	-8782	-2178	1480	712	
2875	5915	-8804	-2185	1458	737	
2978	5831	-8825	-2191	1436	763	
3081	5748	-8845	-2194	1416	789	
3185	5663	-8863	-2199	1394	815	
3287	5577	-8880	-2203	1373	839	
3389	5490	-8895	-2206	1351	865	
3491	5402	-8909	-2209	1329	891	
3591	5315	-8921	-2213	1308	915	
3691	5225	-8933	-2216	1284	940	
3791	5135	-8944	-2218	1262	965	
3889	5045	-8953	-2219	1240	990	
3988	4954	-8959	-2221	1217	1014	
4085	4861	-8965	-2222	1193	1038	
4183	4768	-8970	-2222	1170	1064	
4279	4675	-8973	-2224	1147	1088	
4376	4582	-8974	-2224	1122	1111	
4473	4487	-8976	-2224	1098	1136	
4566	4391	-8975	-2224	1075	1159	
4661	4294	-8973	-2223	1050	1182	
4753	4198	-8969	-2223	1026	1205	
4845	4100	-8963	-2220	1002	1229	
4938	4001	-8958	-2219	977	1252	
5031	3903	-8951	-2217	953	1273	
5121	3804	-8942	-2214	929	1296	
5210	3704	-8932	-2211	903	1318	
5298	3603	-8919	-2209	877	1341	
5386	3502	-8907	-2206	852	1363	
5474	3400	-8894	-2201	827	1384	
5560	3297	-8877	-2198	801	1405	
5645	3195	-8860	-2193	775	1427	
5730	3093	-8842	-2188	749	1448	
5813	2989	-8822	-2184	724	1469	
5897	2885	-8802	-2178	698	1489	
5979	2782	-8779	-2173	672	1509	
6059	2676	-8754	-2166	647	1530	
6140	2570	-8730	-2159	621	1550	
6220	2465	-8704	-2153	594	1570	
6298	2358	-8677	-2145	567	1590	
6374	2252	-8647	-2139	540	1609	
6452	2146	-8617	-2131	514	1628	
6528	2038	-8586	-2123	487	1646	
6601	1931	-8553	-2114	461	1664	
6674	1824	-8519	-2107	434	1683	
6748	1716	-8484	-2098	407	1700	
6819	1608	-8448	-2088	381	1718	
6891	1499	-8410	-2079	353	1735	
6961	1391	-8371	-2068	326	1753	
7027	1282	-8330	-2060	299	1771	
7095	1172	-8289	-2049	272	1787	
7161	1063	-8245	-2037	247	1803	
7227	954	-8201	-2027	219	1818	
7291	844	-8156	-2016	192	1835	
7352	735	-8109	-2003	168	1852	
7414	625	-8062	-1991	141	1866	
7476	515	-8013	-1980	114	1882	
7536	405	-7963	-1966	89	1896	
7595	295	-7912	-1953	64	1910	
7652	185	-7859	-1940	38	1925	
7707	75	-7805	-1926	12	1938	
7762	-35	-7749	-1912	-17	1952	
7817	-144	-7693	-1897	-49	1966	
7870	-254	-7636	-1883	-86	1978	
7921	-364	-7578	-1870	-123	1991	
7971	-474	-7519	-1854	-152	2003	
8020	-584	-7457	-1840	-176	2015	
8067	-694	-7395	-1824	-197	2027	
8113	-804	-7331	-1808	-221	2039	
8161	-912	-7267	-1793	-250	2050	
8204	-1022	-7204	-1776	-279	2061	
8246	-1131	-7137	-1759	-307	2071	
8289	-1240	-7070	-1742	-334	2082	
8330	-1349	-7002	-1725	-362	2091	
8369	-1457	-6931	-1708	-388	2101	
8406	-1565	-6861	-1691	-415	2111	
8442	-1674	-6790	-1672	-442	2120	
8478	-1782	-6717	-1654	-469	2128	
8512	-1890	-6644	-1637	-497	2136	
8546	-1996	-6569	-1617	-522	2144	
8578	-2103	-6494	-1599	-551	2152	
8608	-2209	-6417	-1579	-577	2160	
8636	-2316	-6340	-1561	-603	2166	
8663	-2423	-6262	-1541	-631	2172	
8688	-2528	-6181	-1520	-655	2179	
8714	-2633	-6101	-1502	-682	2185	
8738	-2738	-6020	-1480	-708	2192	
8760	-2843	-5938	-1459	-735	2197	
8783	-2947	-5855	-1440	-761	2201	
8802	-3050	-5772	-1417	-785	2208	
8819	-3154	-5686	-1397	-811	2212	
8837	-3256	-5600	-1376	-837	2215	
8853	-3359	-5514	-1354	-863	2219	
8868	-3460	-5427	-1332	-888	2223	
8882	-3562	-5339	-1311	-913	2225	
8891	-3662	-5250	-1289	-938	2228	
8902	-3762	-5161	-1266	-962	2231	
8913	-3861	-5070	-1244	-988	2232	
8919	-3960	-4978	-1221	-1013	2234	
8927	-4059	-4886	-1199	-1037	2237	
8931	-4156	-4793	-1175	-1061	2238	
8934	-4253	-4700	-1151	-1086	2238	
8938	-4350	-4606	-1127	-1110	2238	
8938	-4445	-4511	-1104	-1132	2239	
8937	-4541	-4416	-1080	-1157	2239	
8936	-4636	-4320	-1057	-1182	2237	
8933	-4729	-4221	-1034	-1204	2238	
8928	-4821	-4123	-1009	-1226	2236	
8922	-4914	-4026	-984	-1250	2234	
8917	-5006	-3927	-960	-1273	2232	
8909	-5096	-3829	-935	-1296	2229	
8898	-5186	-3728	-911	-1318	2226	
8887	-5275	-3628	-885	-1340	2223	
8874	-5364	-3526	-862	-1364	2220	
8859	-5453	-3423	-836	-1384	2216	
8845	-5539	-3323	-809	-1405	2213	
8828	-5625	-3220	-786	-1428	2208	
8810	-5710	-3117	-760	-1448	2203	
8792	-5794	-3013	-733	-1468	2199	
8770	-5877	-2909	-707	-1490	2193	
8748	-5961	-2804	-682	-1511	2188	
8726	-6042	-2700	-655	-1531	2182	
8703	-6123	-2595	-629	-1551	2175	
8677	-6203	-2489	-604	-1570	2169	
8649	-6282	-2383	-577	-1589	2162	
8621	-6359	-2277	-551	-1610	2155	
8593	-6436	-2169	-523	-1628	2149	
8560	-6512	-2061	-498	-1647	2140	
8528	-6587	-1954	-472	-1666	2131	
8496	-6660	-1847	-442	-1682	2124	
8460	-6733	-1739	-418	-1702	2113	
8423	-6805	-1630	-391	-1721	2104	
8386	-6877	-1523	-365	-1738	2095	
8348	-6947	-1414	-339	-1754	2085	
8309	-7015	-1305	-311	-1771	2076	
8267	-7083	-1196	-285	-1789	2065	
8224	-7150	-1086	-258	-1805	2054	
8179	-7216	-977	-231	-1821	2042	
8135	-7281	-867	-204	-1838	2031	
8090	-7343	-758	-178	-1853	2020	
8042	-7405	-648	-151	-1867	2009	
7994	-7467	-537	-125	-1883	1996	
7943	-7527	-427	-99	-1898	1982	
7895	-7587	-318	-72	-1912	1970	
7843	-7645	-208	-47	-1928	1956	
7789	-7701	-98	-21	-1942	1943	
7734	-7756	12	4	-1955	1930	
7678	-7810	122	29	-1969	1916	
7621	-7864	233	57	-1981	1901	
7563	-7915	344	87	-1995	1886	
7503	-7966	453	120	-2006	1873	
7444	-8016	563	152	-2020	1857	
7385	-8065	673	183	-2031	1841	
7321	-8112	782	212	-2041	1825	
7256	-8157	893	236	-2053	1809	
7192	-8202	1002	260	-2065	1793	
7127	-8246	1110	287	-2076	1776	
7061	-8289	1219	314	-2086	1760	
6992	-8330	1328	342	-2096	1742	
6922	-8369	1438	371	-2105	1726	
6854	-8406	1546	396	-2115	1708	
6784	-8444	1655	424	-2124	1689	
6712	-8481	1763	451	-2132	1672	
6639	-8514	1870	475	-2142	1652	
6564	-8548	1979	505	-2149	1635	
6489	-8580	2086	531	-2156	1616	
6413	-8611	2193	556	-2163	1596	
6337	-8641	2301	585	-2170	1578	
6258	-8668	2407	611	-2179	1558	
6178	-8696	2514	636	-2185	1539	
6099	-8722	2619	662	-2191	1518	
6018	-8746	2724	687	-2198	1497	
5936	-8768	2828	713	-2203	1477	
5855	-8790	2932	740	-2207	1457	
5772	-8810	3037	766	-2213	1436	
5687	-8829	3139	790	-2217	1415	
5602	-8847	3242	817	-2221	1395	
5516	-8863	3345	840	-2226	1371	
5429	-8878	3447	867	-2229	1350	
5341	-8892	3549	894	-2230	1328	
5253	-8904	3649	917	-2234	1305	
5164	-8914	3750	942	-2238	1284	
5074	-8924	3851	966	-2240	1260	
4983	-8933	3950	990	-2241	1238	
4893	-8940	4048	1015	-2243	1215	
4800	-8945	4146	1039	-2244	1191	
4705	-8950	4243	1063	-2245	1169	
4613	-8952	4340	1087	-2244	1145	
4518	-8954	4437	1111	-2246	1122	
4423	-8954	4532	1135	-2246	1098	
4329	-8953	4626	1160	-2244	1075	
4231	-8950	4721	1183	-2243	1050	
4135	-8945	4814	1205	-2242	1025	
4038	-8940	4905	1228	-2240	1002	
3940	-8935	4999	1250	-2239	976	
3840	-8926	5090	1274	-2237	952	
3742	-8917	5180	1295	-2235	926	
3641	-8906	5270	1317	-2232	900	
3539	-8894	5358	1340	-2228	877	
3438	-8880	5447	1361	-2225	851	
3336	-8867	5534	1383	-2221	826	
3235	-8850	5621	1403	-2217	799	
3132	-8832	5706	1424	-2213	775	
3028	-8813	5791	1446	-2207	750	
2925	-8794	5874	1466	-2202	724	
2822	-8773	5957	1487	-2197	698	
2717	-8749	6039	1508	-2191	672	
2612	-8726	6120	1527	-2185	646	
2507	-8701	6201	1546	-2179	618	
2401	-8674	6280	1566	-2171	593	
2295	-8645	6358	1586	-2164	567	
2190	-8615	6436	1603	-2157	540	
2084	-8586	6512	1623	-2148	514	
1978	-8555	6587	1642	-2141	487	
1870	-8521	6662	1659	-2132	461	
1763	-8486	6735	1677	-2124	433	
1654	-8451	6807	1694	-2115	406	
1546	-8415	6879	1714	-2103	380	
1437	-8375	6949	1730	-2095	352	
1327	-8336	7019	1746	-2086	327	
1220	-8296	7087	1766	-2075	301	
1109	-8253	7154	1782	-2064	274	
1000	-8210	7220	1797	-2053	247	
893	-8164	7285	1813	-2041	220	
783	-8119	7349	1830	-2030	195	
673	-8073	7412	1845	-2018	169	
563	-8025	7473	1859	-2004	141	
452	-7976	7534	1875	-1994	115	
345	-7925	7594	1890	-1981	91	
234	-7873	7652	1905	-1967	66	
124	-7821	7708	1917	-1953	41	
15	-7766	7765	1932	-1939	18	
-96	-7711	7819	1946	-1926	-10	
-204	-7654	7873	1957	-1913	-43	
-313	-7597	7926	1971	-1898	-82	
-423	-7539	7977	1982	-1883	-127	
-534	-7478	8026	1994	-1868	-161	
-644	-7417	8075	2007	-1852	-181	
-755	-7355	8124	2018	-1836	-197	
-864	-7292	8170	2030	-1820	-219	
-974	-7227	8215	2042	-1804	-247	
-1082	-7163	8259	2051	-1789	-279	
-1191	-7097	8301	2061	-1771	-308	
-1301	-7028	8343	2073	-1753	-333	
-1409	-6960	8383	2082	-1737	-361	
-1518	-6889	8421	2091	-1719	-387	
-1624	-6818	8459	2100	-1701	-414	
-1731	-6747	8496	2108	-1683	-442	
-1840	-6675	8531	2118	-1664	-469	
-1947	-6601	8565	2126	-1647	-495	
-2053	-6526	8598	2134	-1628	-521	
-2159	-6450	8629	2142	-1608	-548	
-2265	-6373	8658	2149	-1589	-575	
-2370	-6296	8687	2155	-1569	-602	
-2478	-6218	8714	2161	-1550	-627	
-2584	-6139	8740	2169	-1529	-655	
-2686	-6057	8765	2174	-1509	-681	
-2791	-5976	8789	2179	-1489	-706	
-2897	-5894	8810	2184	-1468	-734	
-3001	-5811	8831	2190	-1447	-759	
-3104	-5727	8850	2195	-1426	-783	
-3208	-5641	8868	2199	-1405	-810	
-3309	-5556	8885	2203	-1383	-835	
-3410	-5469	8901	2206	-1361	-861	
-3512	-5382	8915	2211	-1339	-886	
-3612	-5294	8928	2213	-1317	-912	
-3713	-5204	8940	2216	-1295	-936	
-3813	-5115	8949	2219	-1271	-960	
-3911	-5025	8957	2219	-1249	-986	
-4011	-4933	8965	2222	-1225	-1010	
