-308	-7601	7922	1970	-1899	-81	
-419	-7542	7974	1983	-1883	-125	
-528	-7483	8024	1995	-1867	-160	
-638	-7422	8072	2006	-1852	-181	
-748	-7360	8120	2017	-1837	-196	
-856	-7296	8167	2029	-1821	-217	
-966	-7232	8212	2040	-1804	-245	
-1077	-7166	8256	2050	-1789	-276	
-1184	-7100	8299	2061	-1772	-306	
-1294	-7033	8341	2071	-1755	-332	
-1402	-6964	8381	2082	-1738	-358	
-1511	-6894	8418	2090	-1720	-385	
-1618	-6823	8457	2100	-1703	-413	
-1725	-6752	8494	2108	-1684	-440	
-1833	-6680	8529	2117	-1666	-466	
-1941	-6606	8563	2126	-1646	-493	
-2047	-6531	8595	2134	-1627	-520	
-2152	-6455	8627	2141	-1610	-548	
-2259	-6378	8656	2147	-1590	-573	
-2365	-6301	8685	2155	-1570	-600	
-2470	-6223	8713	2162	-1552	-627	
-2576	-6143	8739	2168	-1531	-652	
-2681	-6062	8763	2174	-1511	-679	
-2786	-5981	8786	2180	-1490	-704	
-2890	-5898	8809	2185	-1469	-730	
-2993	-5815	8829	2189	-1449	-756	
-3097	-5732	8848	2194	-1428	-783	
-3202	-5647	8868	2197	-1406	-809	
-3304	-5561	8884	2203	-1383	-834	
-3405	-5475	8900	2208	-1363	-859	
-3508	-5387	8914	2208	-1342	-885	
-3608	-5299	8926	2212	-1319	-910	
-3707	-5210	8938	2215	-1296	-934	
-3807	-5120	8948	2218	-1274	-959	
-3906	-5030	8958	2220	-1251	-984	
-4004	-4938	8965	2220	-1228	-1010	
-4103	-4846	8971	2223	-1204	-1032	
-4199	-4754	8976	2223	-1182	-1057	
-4297	-4660	8978	2224	-1158	-1081	
-4393	-4566	8980	2224	-1134	-1105	
-4488	-4471	8980	2222	-1111	-1129	
-4584	-4375	8981	2224	-1086	-1152	
-4676	-4279	8978	2224	-1061	-1176	
-4769	-4182	8975	2222	-1038	-1199	
-4865	-4084	8970	2220	-1013	-1223	
-4955	-3987	8963	2219	-989	-1245	
-5046	-3887	8956	2217	-965	-1268	
-5137	-3787	8947	2214	-939	-1290	
-5226	-3688	8937	2212	-914	-1312	
-5315	-3588	8925	2210	-890	-1333	
-5402	-3485	8912	2206	-864	-1356	
-5490	-3384	8899	2202	-838	-1378	
-5577	-3283	8884	2198	-813	-1400	
-5662	-3179	8867	2193	-788	-1421	
-5748	-3076	8848	2189	-761	-1441	
-5831	-2973	8828	2186	-735	-1461	
-5914	-2869	8807	2179	-709	-1482	
-5997	-2764	8786	2172	-684	-1503	
-6078	-2660	8762	2167	-658	-1525	
-6157	-2554	8737	2160	-632	-1544	
-6237	-2448	8712	2155	-604	-1563	
-6315	-2342	8683	2147	-579	-1583	
-6393	-2236	8654	2139	-552	-1601	
-6469	-2130	8624	2132	-525	-1621	
-6545	-2023	8593	2124	-500	-1640	
-6620	-1915	8560	2116	-471	-1658	
-6694	-1807	8527	2107	-444	-1677	
-6766	-1700	8492	2099	-417	-1695	
-6837	-1593	8455	2091	-390	-1713	
-6909	-1484	8417	2080	-364	-1729	
-6977	-1376	8378	2068	-338	-1748	
-7045	-1266	8338	2058	-312	-1763	
-7113	-1157	8296	2049	-284	-1781	
-7179	-1049	8253	2038	-256	-1798	
-7245	-938	8209	2027	-230	-1813	
-7309	-829	8164	2016	-203	-1830	
-7372	-720	8118	2003	-177	-1845	
-7434	-611	8070	1992	-150	-1860	
-7495	-500	8021	1981	-123	-1873	
-7555	-390	7971	1967	-96	-1889	
-7613	-281	7919	1953	-71	-1905	
-7671	-171	7867	1942	-46	-1917	
-7728	-60	7814	1928	-20	-1932	
-7781	50	7758	1914	5	-1946	
-7836	159	7702	1899	30	-1959	
-7888	270	7645	1885	58	-1972	
-7939	380	7586	1870	89	-1985	
-7989	489	7527	1855	125	-1997	
-8039	599	7466	1841	161	-2008	
-8088	709	7405	1825	193	-2019	
-8135	819	7342	1809	218	-2032	
-8181	929	7277	1794	241	-2043	
-8224	1038	7213	1778	265	-2054	
-8267	1147	7146	1761	291	-2065	
-8310	1256	7080	1743	319	-2076	
-8350	1365	7011	1726	348	-2085	
-8388	1473	6941	1710	376	-2095	
-8426	1583	6870	1692	402	-2105	
-8462	1691	6798	1674	429	-2114	
-8498	1798	6727	1657	456	-2122	
-8533	1905	6653	1638	484	-2130	
-8565	2012	6578	1619	511	-2138	
-8598	2119	6503	1601	536	-2146	
-8628	2226	6428	1581	562	-2154	
-8656	2333	6350	1562	590	-2160	
-8684	2439	6271	1542	618	-2167	
-8711	2546	6192	1523	643	-2174	
-8735	2650	6111	1502	668	-2181	
-8760	2754	6030	1482	696	-2185	
-8783	2859	5948	1463	722	-2191	
-8804	2964	5866	1441	747	-2197	
-8823	3068	5781	1421	773	-2200	
-8842	3171	5696	1400	798	-2204	
-8859	3274	5611	1377	824	-2209	
-8876	3375	5524	1356	850	-2212	
-8890	3477	5436	1335	877	-2216	
-8903	3578	5349	1311	901	-2221	
-8914	3679	5259	1290	926	-2223	
-8925	3779	5170	1268	951	-2225	
-8937	3878	5081	1245	976	-2227	
-8944	3978	4989	1223	1000	-2229	
-8950	4076	4898	1200	1025	-2230	
-8955	4173	4805	1177	1049	-2231	
-8957	4270	4711	1154	1073	-2232	
-8960	4367	4616	1130	1097	-2232	
-8963	4464	4521	1107	1121	-2231	
-8961	4558	4426	1083	1145	-2232	
-8958	4652	4330	1058	1168	-2232	
-8956	4746	4233	1035	1191	-2229	
-8951	4839	4135	1009	1214	-2230	
-8947	4931	4038	986	1239	-2229	
-8940	5023	3939	963	1262	-2225	
-8930	5114	3839	937	1284	-2223	
-8921	5204	3741	913	1306	-2221	
-8910	5293	3639	887	1328	-2218	
-8898	5381	3538	863	1350	-2214	
-8884	5470	3436	837	1372	-2210	
-8869	5556	3335	813	1394	-2207	
-8853	5642	3232	786	1414	-2203	
-8834	5728	3129	761	1437	-2197	
-8816	5812	3026	736	1458	-2193	
-8796	5896	2922	710	1478	-2186	
-8775	5977	2817	684	1499	-2182	
-8751	6059	2712	658	1520	-2177	
-8726	6141	2606	632	1540	-2170	
-8702	6219	2502	607	1559	-2163	
-8674	6299	2395	580	1578	-2156	
-8645	6376	2288	552	1596	-2150	
-8617	6453	2182	527	1617	-2142	
-8586	6530	2074	500	1635	-2134	
-8552	6605	1967	473	1653	-2126	
-8519	6678	1859	447	1672	-2118	
-8485	6752	1750	421	1690	-2108	
-8451	6824	1643	394	1707	-2100	
-8413	6894	1534	367	1726	-2091	
-8373	6964	1425	342	1743	-2079	
-8334	7033	1316	315	1760	-2071	
-8293	7101	1206	289	1778	-2060	
-8250	7168	1098	263	1794	-2048	
-8206	7234	988	236	1809	-2037	
-8162	7299	879	209	1825	-2026	
-8116	7362	770	182	1840	-2014	
-8068	7424	660	156	1856	-2003	
-8020	7485	550	131	1872	-1992	
-7971	7546	440	104	1887	-1979	
-7920	7604	330	79	1901	-1966	
-7869	7663	219	53	1914	-1952	
-7816	7719	110	26	1930	-1939	
-7761	7774	0	-1	1944	-1925	
-7705	7830	-110	-32	1957	-1910	
-7648	7882	-220	-67	1970	-1897	
-7590	7934	-330	-101	1982	-1882	
-7531	7986	-441	-132	1995	-1866	
-7471	8034	-551	-158	2007	-1851	
-7411	8082	-661	-181	2018	-1836	
-7348	8130	-770	-204	2031	-1821	
-7284	8176	-879	-232	2042	-1804	
-7219	8221	-989	-261	2053	-1788	
-7154	8265	-1099	-288	2063	-1772	
-7089	8307	-1208	-316	2073	-1755	
-7020	8348	-1317	-342	2083	-1737	
-6951	8388	-1425	-368	2093	-1721	
-6881	8426	-1534	-394	2103	-1703	
-6809	8464	-1643	-423	2113	-1686	
-6737	8499	-1750	-451	2120	-1668	
-6665	8534	-1858	-475	2129	-1648	
-6592	8568	-1965	-503	2138	-1630	
-6516	8600	-2072	-529	2145	-1611	
-6440	8631	-2180	-556	2152	-1593	
-6363	8660	-2287	-583	2160	-1572	
-6286	8688	-2393	-608	2167	-1553	
-6207	8715	-2499	-635	2173	-1533	
-6127	8741	-2607	-660	2180	-1513	
-6047	8765	-2711	-688	2186	-1494	
-5965	8788	-2815	-714	2192	-1473	
-5882	8809	-2920	-738	2197	-1452	
-5800	8830	-3024	-765	2201	-1431	
-5716	8849	-3127	-790	2205	-1410	
-5630	8866	-3230	-816	2210	-1389	
-5543	8883	-3333	-841	2214	-1367	
-5457	8898	-3434	-866	2217	-1345	
-5370	8911	-3536	-892	2220	-1323	
-5282	8923	-3637	-916	2225	-1300	
-5193	8935	-3737	-942	2226	-1279	
-5102	8945	-3837	-965	2228	-1256	
-5012	8953	-3937	-989	2230	-1232	
-4920	8960	-4036	-1015	2230	-1210	
-4827	8965	-4134	-1039	2233	-1187	
-4736	8969	-4231	-1062	2234	-1164	
-4641	8972	-4328	-1086	2235	-1141	
-4547	8974	-4425	-1111	2235	-1117	
-4453	8974	-4520	-1134	2234	-1093	
-4357	8972	-4614	-1157	2233	-1068	
-4261	8971	-4709	-1182	2233	-1045	
-4163	8966	-4802	-1204	2232	-1021	
-4065	8961	-4895	-1226	2230	-995	
-3967	8955	-4987	-1249	2229	-973	
-3869	8947	-5078	-1272	2226	-948	
-3769	8938	-5168	-1294	2224	-922	
-3668	8926	-5259	-1317	2220	-898	
-3567	8915	-5347	-1339	2218	-872	
-3467	8902	-5435	-1361	2215	-847	
-3365	8887	-5523	-1380	2212	-820	
-3262	8871	-5609	-1402	2207	-796	
-3161	8854	-5694	-1425	2201	-771	
-3059	8835	-5779	-1445	2198	-744	
-2955	8816	-5863	-1466	2191	-719	
-2850	8794	-5946	-1486	2185	-692	
-2745	8771	-6029	-1506	2180	-666	
-2642	8747	-6110	-1526	2175	-640	
-2536	8722	-6190	-1545	2167	-614	
-2428	8696	-6269	-1565	2161	-588	
-2321	8667	-6348	-1584	2154	-560	
-2216	8638	-6425	-1603	2147	-535	
-2111	8608	-6501	-1621	2139	-508	
-2004	8576	-6577	-1639	2131	-479	
-1897	8544	-6652	-1659	2122	-454	
-1791	8510	-6724	-1678	2112	-429	
-1684	8474	-6797	-1694	2104	-401	
-1576	8437	-6868	-1713	2094	-375	
-1468	8398	-6939	-1730	2084	-349	
-1359	8359	-7009	-1746	2075	-321	
-1251	8319	-7076	-1763	2065	-294	
-1140	8277	-7143	-1781	2053	-267	
-1031	8233	-7210	-1795	2044	-240	
-923	8189	-7276	-1811	2033	-213	
-812	8143	-7339	-1828	2021	-187	
-704	8096	-7401	-1842	2009	-159	
-594	8048	-7463	-1858	1996	-134	
-483	7999	-7524	-1873	1983	-108	
-374	7949	-7584	-1888	1970	-82	
-264	7897	-7642	-1903	1957	-58	
-154	7844	-7700	-1916	1944	-32	
-44	7791	-7755	-1930	1931	-8	
65	7735	-7810	-1943	1917	17	
176	7678	-7863	-1956	1902	42	
286	7621	-7916	-1970	1887	72	
395	7562	-7968	-1982	1873	110	
504	7503	-8017	-1994	1859	149	
613	7441	-8066	-2005	1844	185	
724	7379	-8114	-2017	1827	212	
833	7316	-8160	-2030	1810	232	
941	7252	-8206	-2040	1794	253	
1050	7187	-8250	-2051	1778	278	
1161	7121	-8293	-2061	1762	306	
1270	7053	-8334	-2072	1744	335	
1378	6983	-8374	-2081	1726	365	
1487	6914	-8414	-2091	1709	392	
1596	6843	-8451	-2101	1691	418	
1704	6771	-8488	-2109	1673	445	
1811	6700	-8523	-2119	1653	470	
1919	6626	-8557	-2125	1636	498	
2025	6551	-8590	-2132	1618	524	
2130	6475	-8621	-2142	1598	550	
2238	6398	-8650	-2149	1579	579	
2344	6320	-8679	-2155	1560	605	
2450	6242	-8708	-2160	1541	632	
2556	6163	-8733	-2168	1520	659	
2659	6082	-8757	-2174	1500	684	
2765	6001	-8781	-2178	1479	711	
2869	5919	-8804	-2185	1458	736	
2973	5836	-8825	-2189	1438	762	
3078	5751	-8843	-2193	1416	788	
3179	5666	-8862	-2199	1394	812	
3281	5581	-8879	-2203	1373	839	
3385	5496	-8894	-2207	1353	864	
3486	5408	-8908	-2209	1331	890	
3586	5319	-8921	-2213	1307	915	
3685	5230	-8933	-2216	1285	939	
3786	5140	-8943	-2218	1262	964	
3885	5049	-8951	-2219	1240	990	
3983	4958	-8959	-2221	1217	1013	
4082	4866	-8965	-2222	1194	1038	
4178	4773	-8969	-2223	1171	1063	
4276	4680	-8972	-2225	1148	1087	
4374	4586	-8975	-2225	1124	1111	
4467	4491	-8976	-2224	1100	1134	
4561	4395	-8974	-2224	1077	1157	
4657	4298	-8972	-2222	1053	1181	
4750	4202	-8969	-2221	1028	1205	
4842	4104	-8964	-2221	1003	1226	
4934	4006	-8958	-2219	978	1251	
5026	3907	-8951	-2216	955	1274	
5115	3808	-8943	-2214	930	1295	
5205	3708	-8932	-2213	904	1319	
5294	3607	-8919	-2209	879	1340	
5382	3507	-8908	-2205	854	1362	
5469	3405	-8893	-2202	828	1384	
5557	3303	-8878	-2197	804	1405	
5640	3201	-8861	-2193	779	1427	
5726	3097	-8842	-2189	753	1447	
5811	2994	-8823	-2184	728	1468	
5893	2890	-8802	-2177	701	1490	
5974	2785	-8779	-2172	673	1509	
6055	2681	-8756	-2167	647	1528	
6137	2575	-8732	-2160	621	1548	
6216	2470	-8707	-2154	594	1569	
6293	2364	-8678	-2146	569	1589	
6372	2258	-8649	-2140	543	1608	
6449	2150	-8619	-2132	515	1626	
6524	2044	-8587	-2124	488	1645	
6599	1937	-8555	-2115	463	1665	
6673	1829	-8522	-2106	436	1682	
6744	1721	-8486	-2098	409	1699	
6816	1613	-8449	-2088	382	1717	
6886	1504	-8411	-2078	356	1735	
6955	1395	-8373	-2069	329	1752	
7024	1286	-8332	-2059	302	1769	
7091	1178	-8291	-2049	275	1786	
7158	1069	-8247	-2037	248	1802	
7223	959	-8203	-2026	222	1818	
7287	849	-8158	-2016	194	1834	
7352	740	-8112	-2004	168	1850	
7412	630	-8064	-1992	142	1865	
7473	520	-8014	-1978	116	1882	
7533	410	-7964	-1966	91	1895	
7592	301	-7913	-1953	66	1910	
7648	191	-7860	-1940	39	1924	
7705	81	-7807	-1928	12	1938	
7761	-30	-7753	-1913	-14	1952	
7814	-139	-7696	-1899	-47	1965	
7867	-249	-7639	-1885	-85	1977	
7918	-359	-7580	-1871	-122	1989	
7968	-469	-7521	-1855	-152	2002	
8017	-579	-7460	-1839	-175	2014	
8066	-689	-7399	-1826	-195	2027	
8111	-799	-7334	-1810	-220	2039	
8157	-907	-7271	-1793	-248	2050	
8203	-1017	-7207	-1777	-277	2060	
8244	-1126	-7140	-1761	-307	2070	
8287	-1234	-7073	-1745	-334	2080	
8328	-1343	-7005	-1727	-360	2091	
8366	-1453	-6935	-1709	-387	2100	
8404	-1562	-6864	-1692	-414	2110	
8441	-1668	-6793	-1673	-440	2119	
8478	-1776	-6721	-1656	-468	2126	
8512	-1884	-6648	-1637	-494	2135	
8544	-1991	-6573	-1618	-522	2143	
8576	-2098	-6497	-1599	-549	2152	
8606	-2205	-6420	-1581	-576	2158	
8634	-2311	-6343	-1562	-603	2165	
8663	-2417	-6265	-1541	-627	2173	
8688	-2524	-6185	-1521	-655	2178	
8713	-2628	-6105	-1502	-682	2185	
8738	-2733	-6024	-1482	-707	2191	
8761	-2839	-5942	-1461	-734	2196	
8782	-2942	-5859	-1441	-759	2201	
8801	-3046	-5775	-1419	-785	2206	
8819	-3149	-5690	-1399	-810	2210	
8837	-3252	-5605	-1378	-836	2216	
8854	-3354	-5519	-1355	-862	2219	
8867	-3455	-5431	-1332	-886	2222	
8879	-3557	-5343	-1314	-913	2224	
8893	-3658	-5254	-1291	-937	2227	
8902	-3757	-5164	-1266	-961	2231	
8912	-3856	-5074	-1244	-986	2232	
8921	-3956	-4983	-1222	-1011	2234	
8925	-4055	-4891	-1200	-1037	2235	
8931	-4152	-4798	-1176	-1061	2237	
8935	-4249	-4705	-1153	-1085	2238	
8938	-4346	-4611	-1130	-1110	2237	
8939	-4441	-4516	-1105	-1133	2239	
8939	-4536	-4420	-1081	-1156	2237	
8937	-4631	-4324	-1058	-1180	2236	
8933	-4724	-4226	-1034	-1203	2237	
8927	-4818	-4129	-1010	-1226	2235	
8923	-4911	-4031	-984	-1249	2233	
8917	-5002	-3933	-960	-1272	2231	
8907	-5092	-3833	-936	-1293	2229	
8896	-5182	-3732	-910	-1316	2228	
8887	-5272	-3632	-887	-1340	2224	
8875	-5361	-3532	-862	-1361	2221	
8861	-5448	-3430	-837	-1383	2217	
8846	-5536	-3327	-812	-1405	2213	
8829	-5622	-3224	-786	-1426	2208	
8812	-5707	-3122	-759	-1446	2204	
8794	-5792	-3019	-735	-1468	2199	
8772	-5875	-2914	-708	-1489	2193	
8750	-5956	-2810	-681	-1508	2189	
8727	-6038	-2705	-656	-1529	2182	
8703	-6118	-2598	-631	-1550	2175	
8679	-6198	-2493	-603	-1568	2171	
8651	-6277	-2387	-575	-1588	2164	
8622	-6355	-2280	-551	-1609	2156	
8593	-6432	-2174	-526	-1628	2148	
8562	-6508	-2066	-499	-1646	2140	
8529	-6583	-1959	-472	-1664	2132	
8496	-6657	-1852	-446	-1683	2123	
8463	-6730	-1744	-419	-1700	2114	
8427	-6802	-1636	-392	-1719	2105	
8388	-6874	-1527	-366	-1738	2097	
8349	-6944	-1419	-338	-1752	2087	
8310	-7012	-1310	-312	-1770	2076	
8269	-7079	-1200	-286	-1786	2066	
8226	-7146	-1091	-259	-1803	2055	
8183	-7213	-982	-231	-1820	2044	
8138	-7277	-873	-205	-1836	2032	
8093	-7341	-763	-178	-1853	2021	
8047	-7403	-653	-152	-1867	2010	
7998	-7464	-542	-126	-1883	1997	
7948	-7524	-433	-99	-1898	1984	
7898	-7582	-323	-74	-1911	1971	
7845	-7641	-211	-48	-1926	1957	
7791	-7697	-101	-23	-1941	1944	
7737	-7753	8	3	-1954	1930	
7681	-7808	118	30	-1967	1915	
7624	-7862	227	56	-1980	1900	
7566	-7914	337	85	-1994	1887	
7508	-7964	447	118	-2006	1874	
7448	-8014	558	151	-2017	1858	
7386	-8062	668	183	-2030	1841	
7324	-8110	778	211	-2042	1827	
7261	-8155	886	236	-2053	1810	
7197	-8200	996	259	-2063	1793	
7131	-8244	1107	285	-2074	1777	
7065	-8286	1215	313	-2086	1760	
6996	-8327	1324	341	-2096	1742	
6928	-8367	1432	369	-2106	1725	
6857	-8406	1541	397	-2115	1709	
6785	-8442	1650	422	-2123	1690	
6715	-8478	1758	448	-2133	1671	
6641	-8513	1866	476	-2140	1654	
6568	-8547	1973	502	-2149	1635	
6493	-8579	2081	529	-2157	1616	
6417	-8610	2189	556	-2164	1598	
6340	-8639	2296	583	-2171	1578	
6263	-8667	2403	608	-2178	1559	
6184	-8694	2509	635	-2185	1539	
6104	-8720	2614	662	-2191	1518	
6023	-8745	2719	685	-2198	1498	
5942	-8767	2824	713	-2203	1478	
5859	-8788	2928	740	-2206	1457	
5775	-8808	3031	764	-2212	1435	
5691	-8828	3135	789	-2217	1415	
5606	-8846	3239	816	-2222	1394	
5521	-8863	3341	841	-2226	1372	
5434	-8877	3442	865	-2229	1351	
5346	-8891	3544	891	-2233	1329	
5258	-8903	3645	916	-2234	1307	
5168	-8913	3744	941	-2237	1285	
5078	-8924	3845	966	-2240	1261	
4987	-8933	3946	991	-2240	1238	
4896	-8939	4043	1013	-2243	1216	
4805	-8944	4141	1039	-2244	1192	
4711	-8948	4239	1063	-2244	1169	
4618	-8951	4336	1086	-2246	1144	
4523	-8954	4432	1109	-2247	1120	
4428	-8954	4527	1133	-2247	1098	
4334	-8952	4622	1158	-2244	1074	
4237	-8949	4717	1180	-2244	1051	
4140	-8945	4811	1203	-2244	1026	
4043	-8940	4903	1226	-2240	1002	
3944	-8934	4994	1250	-2239	978	
3844	-8926	5086	1272	-2237	952	
3745	-8916	5176	1294	-2235	927	
3644	-8907	5265	1317	-2231	902	
3545	-8894	5355	1339	-2228	877	
3444	-8880	5443	1360	-2224	853	
3340	-8866	5529	1383	-2220	827	
3240	-8850	5616	1403	-2217	801	
3138	-8833	5702	1423	-2214	776	
3034	-8815	5787	1444	-2208	750	
2930	-8795	5870	1465	-2202	724	
2826	-8773	5952	1485	-2196	698	
2722	-8750	6035	1506	-2191	671	
2618	-8727	6118	1525	-2186	647	
2513	-8702	6198	1545	-2179	620	
2406	-8675	6276	1566	-2172	594	
2301	-8646	6354	1585	-2164	568	
2195	-8618	6432	1604	-2156	540	
2088	-8588	6509	1623	-2148	515	
1982	-8556	6584	1641	-2139	489	
1873	-8523	6658	1658	-2132	461	
1767	-8489	6732	1677	-2124	435	
1660	-8452	6804	1695	-2116	408	
1550	-8416	6876	1713	-2106	382	
1443	-8378	6946	1730	-2096	354	
1333	-8338	7016	1747	-2086	327	
1225	-8298	7084	1764	-2075	301	
1115	-8256	7150	1780	-2064	274	
1005	-8212	7216	1797	-2053	249	
896	-8168	7282	1813	-2041	221	
785	-8122	7346	1828	-2030	194	
677	-8076	7409	1843	-2018	169	
568	-8028	7471	1859	-2006	143	
457	-7978	7531	1874	-1994	116	
348	-7927	7590	1888	-1982	91	
240	-7876	7649	1903	-1968	66	
130	-7823	7706	1917	-1954	41	
20	-7768	7762	1931	-1940	17	
-90	-7713	7817	1943	-1927	-9	
-199	-7657	7870	1957	-1914	-40	
-309	-7600	7923	1970	-1899	-81	
-420	-7541	7975	1982	-1882	-125	
-529	-7481	8025	1995	-1868	-159	
-640	-7420	8073	2007	-1852	-182	
-750	-7357	8121	2018	-1837	-197	
-858	-7295	8167	2029	-1822	-218	
-968	-7231	8213	2041	-1805	-245	
-1077	-7166	8257	2051	-1788	-276	
-1186	-7099	8299	2060	-1771	-306	
-1295	-7031	8341	2072	-1754	-332	
-1404	-6964	8380	2082	-1737	-358	
-1512	-6893	8420	2091	-1720	-386	
-1618	-6822	8458	2101	-1702	-413	
-1727	-6750	8493	2108	-1683	-440	
-1835	-6678	8529	2118	-1665	-467	
-1940	-6605	8563	2125	-1647	-493	
-2048	-6530	8595	2133	-1627	-520	
-2154	-6453	8627	2140	-1610	-548	
-2261	-6377	8657	2146	-1590	-574	
-2367	-6300	8686	2156	-1568	-600	
-2472	-6221	8713	2161	-1550	-627	
-2578	-6143	8739	2168	-1531	-653	
-2682	-6061	8763	2175	-1510	-679	
-2787	-5980	8786	2180	-1490	-704	
-2892	-5898	8809	2185	-1469	-731	
-2996	-5814	8830	2189	-1448	-758	
-3100	-5731	8850	2194	-1429	-782	
-3203	-5645	8868	2198	-1407	-809	
-3303	-5560	8884	2203	-1384	-834	
-3407	-5473	8900	2206	-1362	-859	
-3509	-5385	8914	2210	-1340	-885	
-3607	-5299	8927	2213	-1319	-910	
-3708	-5209	8938	2215	-1296	-935	
-3808	-5119	8948	2218	-1273	-959	
-3907	-5029	8957	2220	-1251	-984	
-4005	-4937	8964	2221	-1228	-1010	
-4104	-4846	8971	2222	-1205	-1034	
-4201	-4753	8975	2223	-1182	-1057	
-4299	-4659	8979	2225	-1158	-1080	
-4396	-4564	8980	2224	-1134	-1105	
-4489	-4469	8980	2224	-1110	-1129	
-4585	-4374	8980	2224	-1086	-1152	
-4679	-4279	8978	2223	-1061	-1176	
-4772	-4180	8974	2223	-1036	-1199	
-4865	-4083	8970	2222	-1014	-1223	
-4957	-3985	8964	2220	-989	-1246	
-5048	-3885	8956	2217	-964	-1268	
-5138	-3787	8946	2214	-940	-1290	
-5227	-3686	8936	2212	-914	-1312	
-5316	-3585	8926	2209	-889	-1335	
-5405	-3485	8913	2206	-863	-1357	
-5493	-3383	8899	2202	-838	-1378	
-5579	-3281	8883	2197	-811	-1399	
-5665	-3178	8866	2193	-785	-1421	
-5748	-3074	8848	2189	-761	-1441	
-5832	-2972	8829	2185	-734	-1463	
-5916	-2868	8807	2180	-707	-1483	
-5997	-2764	8785	2173	-684	-1504	
-6078	-2659	8762	2167	-658	-1525	
-6159	-2552	8736	2160	-631	-1544	
-6238	-2447	8711	2153	-605	-1564	
-6316	-2341	8684	2146	-578	-1584	
-6395	-2235	8655	2139	-551	-1602	
-6471	-2127	8624	2132	-524	-1621	
-6547	-2021	8592	2123	-498	-1641	
-6621	-1914	8560	2116	-471	-1657	
-6694	-1806	8525	2107	-444	-1677	
-6767	-1699	8490	2098	-416	-1695	
-6839	-1590	8454	2090	-390	-1712	
-6910	-1482	8417	2080	-364	-1730	
-6979	-1374	8377	2070	-338	-1747	
-7046	-1265	8337	2059	-310	-1764	
-7114	-1156	8296	2049	-283	-1782	
-7181	-1046	8253	2038	-257	-1797	
-7247	-937	8209	2025	-230	-1813	
-7311	-827	8163	2015	-203	-1830	
-7373	-719	8117	2004	-176	-1845	
-7436	-609	8070	1992	-150	-1860	
-7497	-498	8021	1980	-123	-1875	
-7556	-388	7970	1967	-96	-1890	
-7613	-280	7919	1955	-70	-1905	
-7672	-169	7867	1940	-46	-1919	
-7728	-58	7812	1927	-20	-1932	
-7781	51	7757	1914	4	-1945	
-7836	161	7701	1899	30	-1960	
-7889	271	7644	1885	59	-1972	
-7940	381	7586	1870	91	-1984	
-7990	491	7526	1855	125	-1997	
-8040	601	7465	1841	161	-2008	
-8088	710	7403	1825	193	-2020	
-8135	820	7341	1808	219	-2033	
-8179	929	7276	1793	243	-2043	
-8225	1039	7211	1778	265	-2055	
-8268	1148	7146	1761	291	-2066	
-8309	1258	7078	1742	319	-2076	
-8350	1366	7010	1726	348	-2085	
-8389	1474	6940	1710	377	-2095	
-8427	1583	6869	1692	402	-2105	
-8465	1692	6799	1674	430	-2113	
-8500	1799	6726	1656	458	-2122	
-8534	1907	6652	1638	483	-2130	
-8567	2014	6578	1618	510	-2139	
-8600	2121	6502	1600	537	-2147	
-8629	2228	6426	1580	563	-2153	
-8659	2335	6349	1561	589	-2162	
-8686	2441	6270	1542	617	-2168	
-8711	2547	6190	1523	644	-2174	
-8738	2652	6110	1501	669	-2181	
-8762	2756	6029	1481	696	-2186	
-8783	2861	5947	1461	722	-2191	
-8804	2966	5864	1441	747	-2195	
-8824	3068	5780	1420	773	-2200	
-8841	3172	5695	1398	799	-2204	
-8859	3275	5609	1377	825	-2208	
-8876	3377	5523	1356	850	-2213	
-8891	3479	5436	1335	877	-2216	
-8904	3578	5347	1311	900	-2220	
-8915	3681	5259	1289	926	-2223	
-8926	3780	5170	1268	953	-2225	
-8935	3879	5080	1246	976	-2226	
-8943	3980	4989	1222	1002	-2228	
-8948	4077	4896	1198	1025	-2230	
-8954	4175	4803	1177	1049	-2231	
-8958	4272	4709	1154	1074	-2232	
-8959	4368	4615	1129	1099	-2232	
-8961	4464	4521	1106	1122	-2232	
-8960	4560	4424	1082	1146	-2232	
-8959	4654	4328	1058	1169	-2232	
-8958	4747	4231	1035	1192	-2230	
-8952	4840	4134	1010	1215	-2230	
-8946	4933	4035	986	1239	-2228	
-8940	5025	3937	962	1262	-2225	
-8932	5116	3838	937	1284	-2223	
-8921	5205	3738	912	1306	-2220	
-8910	5294	3638	887	1328	-2217	
-8897	5384	3537	862	1350	-2214	
-8884	5471	3435	836	1372	-2211	
-8868	5556	3333	812	1394	-2206	
-8852	5644	3231	787	1415	-2202	
-8835	5729	3127	760	1436	-2197	
-8815	5813	3024	735	1457	-2192	
-8796	5896	2920	710	1478	-2188	
-8774	5979	2815	685	1499	-2181	
-8750	6060	2711	658	1520	-2176	
-8726	6140	2605	632	1540	-2170	
-8701	6220	2500	607	1560	-2163	
-8674	6300	2395	581	1578	-2157	
-8645	6377	2287	552	1597	-2150	
-8616	6453	2181	526	1617	-2142	
-8585	6531	2074	500	1635	-2134	
-8552	6606	1965	474	1654	-2126	
-8520	6679	1857	447	1672	-2118	
-8486	6752	1750	421	1690	-2108	
-8450	6824	1641	394	1708	-2100	
-8412	6895	1533	367	1726	-2090	
-8372	6965	1424	342	1743	-2078	
-8332	7034	1314	315	1760	-2070	
-8292	7102	1206	289	1777	-2060	
-8250	7168	1096	262	1794	-2049	
-8206	7234	986	235	1810	-2037	
-8161	7299	878	208	1825	-2027	
-8116	7362	768	182	1840	-2015	
-8068	7424	658	157	1856	-2003	
-8020	7485	548	130	1871	-1991	
-7970	7546	440	103	1887	-1977	
-7921	7605	330	79	1901	-1965	
-7869	7663	218	53	1915	-1952	
-7815	7720	108	25	1929	-1937	
-7760	7775	-3	-2	1944	-1924	
-7703	7830	-112	-33	1958	-1911	
-7647	7883	-221	-67	1969	-1897	
-7590	7936	-331	-103	1981	-1883	
-7530	7986	-442	-133	1995	-1868	
-7471	8036	-553	-158	2005	-1851	
-7409	8084	-661	-181	2019	-1835	
-7347	8131	-771	-204	2031	-1821	
-7284	8178	-881	-232	2042	-1804	
-7219	8222	-990	-260	2053	-1787	
-7153	8266	-1100	-288	2063	-1772	
-7088	8308	-1209	-315	2074	-1755	
-7019	8348	-1318	-343	2084	-1738	
-6949	8388	-1427	-369	2093	-1720	
-6880	8426	-1535	-395	2104	-1702	
-6808	8464	-1644	-424	2113	-1686	
-6736	8500	-1752	-451	2119	-1667	
-6664	8535	-1860	-476	2129	-1648	
-6590	8568	-1967	-503	2137	-1630	
-6516	8601	-2074	-530	2145	-1611	
-6439	8631	-2181	-556	2153	-1592	
-6363	8660	-2287	-583	2161	-1573	
-6285	8689	-2395	-610	2167	-1553	
-6206	8716	-2501	-635	2173	-1533	
-6125	8741	-2607	-661	2180	-1513	
-6046	8766	-2714	-689	2185	-1493	
-5965	8789	-2817	-714	2191	-1472	
-5881	8810	-2922	-739	2197	-1451	
-5798	8830	-3026	-764	2201	-1431	
-5714	8848	-3129	-790	2205	-1411	
-5628	8867	-3232	-816	2210	-1388	
-5542	8884	-3334	-841	2214	-1366	
-5456	8899	-3436	-866	2218	-1345	
-5369	8912	-3538	-892	2220	-1322	
-5280	8924	-3638	-915	2224	-1300	
-5192	8935	-3739	-941	2226	-1278	
-5102	8944	-3839	-967	2229	-1256	
-5010	8952	-3938	-989	2230	-1233	
-4918	8959	-4037	-1016	2230	-1210	
-4827	8966	-4136	-1039	2233	-1188	
-4734	8970	-4233	-1063	2234	-1164	
-4639	8972	-4329	-1087	2234	-1140	
-4547	8975	-4425	-1110	2234	-1117	
-4452	8974	-4521	-1135	2234	-1093	
-4356	8973	-4616	-1158	2234	-1069	
-4259	8970	-4710	-1181	2233	-1045	
-4161	8967	-4803	-1204	2232	-1020	
-4064	8962	-4897	-1227	2229	-995	
-3966	8954	-4988	-1249	2228	-972	
-3868	8946	-5079	-1272	2227	-947	
-3768	8937	-5170	-1294	2223	-920	
-3667	8927	-5259	-1316	2220	-896	
-3566	8915	-5348	-1339	2217	-872	
-3465	8900	-5437	-1361	2215	-846	
-3364	8887	-5523	-1380	2212	-820	
-3261	8872	-5609	-1403	2207	-795	
-3160	8854	-5695	-1425	2201	-770	
-3057	8834	-5780	-1445	2197	-743	
-2953	8814	-5864	-1466	2191	-718	
-2849	8793	-5947	-1486	2187	-691	
-2744	8770	-6030	-1506	2181	-665	
-2639	8747	-6110	-1525	2175	-639	
-2534	8722	-6190	-1547	2167	-613	
-2427	8695	-6270	-1565	2161	-586	
-2320	8667	-6348	-1584	2154	-560	
-2216	8638	-6426	-1603	2147	-534	
-2109	8608	-6502	-1622	2140	-507	
-2002	8576	-6578	-1640	2131	-480	
-1897	8543	-6652	-1659	2122	-454	
-1790	8509	-6726	-1678	2112	-427	
-1683	8473	-6798	-1694	2103	-401	
-1575	8437	-6870	-1712	2095	-374	
-1467	8398	-6941	-1730	2085	-348	
-1358	8359	-7008	-1747	2074	-321	
-1248	8319	-7078	-1763	2064	-293	
-1139	8276	-7145	-1781	2053	-267	
-1030	8233	-7210	-1796	2042	-239	
-921	8188	-7276	-1812	2032	-212	
-811	8142	-7340	-1827	2020	-187	
-701	8096	-7402	-1843	2010	-160	
-592	8048	-7464	-1859	1995	-133	
-482	7999	-7526	-1873	1983	-106	
-372	7948	-7585	-1888	1971	-81	
-262	7897	-7642	-1902	1956	-57	
-153	7844	-7699	-1916	1944	-33	
-42	7789	-7756	-1930	1931	-9	
67	7734	-7810	-1944	1917	16	
177	7678	-7864	-1957	1902	42	
288	7621	-7917	-1969	1886	73	
396	7562	-7968	-1983	1872	110	
507	7502	-8018	-1995	1858	149	
616	7441	-8067	-2005	1843	186	
725	7378	-8114	-2018	1826	212	
835	7315	-8161	-2031	1809	233	
943	7252	-8206	-2039	1795	254	
1052	7185	-8250	-2051	1777	277	
1162	7119	-8294	-2061	1761	307	
1270	7053	-8336	-2071	1744	337	
1380	6983	-8375	-2081	1727	366	
1489	6913	-8415	-2091	1709	392	
1597	6843	-8453	-2099	1691	417	
1706	6772	-8488	-2109	1674	445	
1812	6698	-8523	-2119	1653	472	
1921	6624	-8557	-2126	1636	499	
2026	6550	-8590	-2133	1618	526	
2133	6474	-8622	-2142	1599	552	
2241	6397	-8651	-2148	1579	578	
2346	6320	-8681	-2155	1560	606	
2452	6241	-8707	-2163	1540	632	
2558	6162	-8733	-2168	1520	659	
2662	6081	-8758	-2174	1500	685	
2766	5999	-8782	-2180	1479	710	
2871	5918	-8805	-2185	1459	737	
2975	5835	-8824	-2189	1438	762	
3079	5750	-8843	-2194	1417	788	
3182	5666	-8863	-2199	1394	813	
3283	5580	-8879	-2203	1373	838	
3385	5493	-8893	-2207	1353	864	
3488	5406	-8909	-2209	1331	890	
3587	5318	-8921	-2214	1308	915	
3687	5228	-8933	-2216	1284	940	
3788	5139	-8943	-2217	1262	965	
3886	5048	-8951	-2220	1240	989	
3985	4957	-8959	-2221	1216	1015	
4083	4866	-8965	-2223	1194	1039	
4180	4772	-8970	-2224	1170	1062	
4278	4678	-8974	-2225	1146	1088	
4374	4585	-8975	-2224	1124	1111	
4468	4490	-8976	-2224	1100	1134	
4563	4394	-8975	-2224	1077	1157	
4658	4297	-8972	-2222	1052	1181	
4750	4200	-8968	-2220	1028	1205	
4843	4103	-8964	-2221	1003	1227	
4935	4005	-8959	-2220	978	1250	
5026	3907	-8950	-2216	954	1273	
5117	3806	-8941	-2215	929	1295	
5207	3708	-8932	-2213	904	1318	
5295	3607	-8920	-2209	878	1340	
5384	3505	-8907	-2206	854	1363	
5472	3405	-8893	-2203	828	1383	
5557	3302	-8878	-2197	802	1405	
5644	3200	-8861	-2193	777	1427	
5726	3097	-8842	-2188	752	1447	
5811	2993	-8822	-2181	726	1469	
5895	2889	-8802	-2176	700	1490	
5975	2784	-8779	-2172	674	1510	
6057	2680	-8756	-2167	648	1529	
6138	2574	-8732	-2160	620	1549	
6216	2469	-8705	-2154	595	1569	
6295	2361	-8677	-2147	569	1588	
6372	2255	-8648	-2139	541	1607	
6450	2149	-8618	-2132	515	1627	
6525	2042	-8588	-2124	488	1644	
6599	1936	-8555	-2114	462	1664	
6673	1827	-8521	-2105	436	1683	
6746	1719	-8485	-2098	408	1699	
6817	1611	-8448	-2089	382	1718	
6887	1503	-8410	-2078	355	1736	
6956	1394	-8372	-2069	328	1752	
7024	1285	-8332	-2059	301	1769	
7093	1176	-8291	-2048	273	1786	
7158	1067	-8247	-2038	248	1804	
7224	957	-8203	-2027	221	1818	
7289	848	-8158	-2015	194	1834	
7352	739	-8111	-2004	168	1851	
7413	629	-8063	-1992	141	1865	
7473	520	-8014	-1978	116	1880	
7532	410	-7963	-1966	91	1895	
7592	299	-7912	-1952	65	1910	
7649	190	-7860	-1941	38	1924	
7704	79	-7807	-1928	13	1939	
7760	-31	-7752	-1912	-14	1952	
7814	-141	-7695	-1900	-48	1964	
7868	-251	-7638	-1885	-85	1977	
7918	-361	-7580	-1869	-121	1990	
7968	-471	-7521	-1854	-152	2002	
8018	-581	-7460	-1839	-175	2015	
8066	-690	-7397	-1823	-196	2027	
8112	-799	-7333	-1808	-221	2038	
8157	-909	-7270	-1794	-250	2050	
8203	-1019	-7206	-1776	-278	2060	
8246	-1127	-7139	-1759	-306	2070	
8287	-1237	-7072	-1745	-335	2080	
8327	-1345	-7004	-1726	-360	2091	
8366	-1455	-6933	-1708	-387	2101	
8406	-1562	-6863	-1692	-415	2109	
8443	-1669	-6792	-1673	-441	2120	
8477	-1778	-6720	-1655	-468	2128	
8513	-1886	-6647	-1637	-494	2136	
8545	-1993	-6572	-1620	-523	2143	
8575	-2099	-6496	-1599	-549	2152	
8604	-2206	-6419	-1580	-575	2159	
8634	-2313	-6342	-1562	-603	2165	
8664	-2419	-6265	-1542	-628	2172	
8691	-2524	-6185	-1521	-654	2179	
8714	-2630	-6104	-1501	-680	2185	
8737	-2735	-6023	-1483	-708	2190	
8759	-2840	-5941	-1461	-734	2196	
8781	-2944	-5857	-1440	-760	2202	
8802	-3046	-5774	-1420	-785	2207	
8821	-3151	-5689	-1397	-810	2211	
8837	-3253	-5603	-1375	-837	2216	
8854	-3354	-5517	-1356	-862	2219	
8867	-3456	-5429	-1334	-888	2222	
8880	-3558	-5341	-1311	-913	2225	
8893	-3659	-5253	-1289	-937	2228	
8902	-3758	-5163	-1266	-961	2230	
8911	-3859	-5072	-1244	-986	2233	
8920	-3958	-4981	-1221	-1011	2235	
8926	-4056	-4890	-1200	-1036	2236	
8933	-4154	-4797	-1176	-1062	2237	
8936	-4250	-4704	-1153	-1085	2237	
8937	-4347	-4609	-1129	-1109	2238	
8939	-4442	-4514	-1105	-1132	2239	
8940	-4538	-4418	-1082	-1158	2238	
8937	-4633	-4321	-1057	-1180	2237	
8931	-4726	-4225	-1033	-1203	2236	
8928	-4819	-4127	-1009	-1227	2236	
8924	-4911	-4029	-985	-1249	2234	
8915	-5003	-3931	-960	-1272	2233	
8907	-5094	-3830	-935	-1294	2230	
8897	-5184	-3730	-910	-1317	2228	
8887	-5273	-3631	-887	-1341	2223	
8875	-5362	-3530	-862	-1361	2220	
8861	-5449	-3429	-836	-1384	2217	
8846	-5536	-3326	-811	-1406	2213	
8829	-5622	-3223	-785	-1427	2209	
8812	-5707	-3120	-761	-1448	2203	
8792	-5791	-3016	-735	-1468	2199	
8771	-5875	-2913	-708	-1490	2194	
8751	-5958	-2807	-680	-1509	2189	
8728	-6038	-2703	-655	-1528	2182	
8704	-6120	-2598	-630	-1548	2175	
8677	-6200	-2492	-603	-1569	2169	
8651	-6279	-2386	-577	-1589	2163	
8623	-6356	-2279	-552	-1608	2156	
8592	-6432	-2171	-525	-1627	2148	
8562	-6510	-2064	-498	-1646	2140	
8530	-6585	-1958	-472	-1664	2132	
8497	-6658	-1850	-446	-1682	2123	
8461	-6731	-1743	-418	-1701	2114	
8425	-6803	-1634	-393	-1719	2105	
8388	-6874	-1526	-365	-1736	2095	
8348	-6944	-1417	-338	-1754	2086	
8310	-7013	-1308	-313	-1771	2075	
8268	-7080	-1199	-284	-1787	2065	
8225	-7146	-1089	-258	-1804	2054	
8183	-7213	-980	-232	-1821	2044	
8139	-7278	-870	-204	-1837	2032	
8093	-7342	-760	-179	-1852	2021	
8046	-7404	-651	-152	-1867	2008	
7997	-7465	-541	-125	-1883	1995	
7948	-7525	-431	-99	-1898	1984	
7897	-7584	-321	-73	-1912	1970	
7843	-7641	-211	-48	-1927	1957	
7791	-7699	-100	-23	-1941	1944	
7736	-7755	10	4	-1954	1930	
7679	-7808	119	30	-1967	1916	
7623	-7861	229	56	-1981	1900	
7567	-7914	339	85	-1994	1885	
7507	-7965	449	118	-2006	1872	
7448	-8014	560	152	-2018	1857	
7387	-8062	669	184	-2030	1841	
7323	-8110	779	211	-2042	1826	
7260	-8156	888	236	-2054	1810	
7196	-8200	998	260	-2064	1794	
7129	-8244	1107	285	-2076	1777	
7063	-8287	1216	313	-2085	1760	
6996	-8328	1326	340	-2096	1741	
6926	-8367	1434	368	-2106	1725	
6856	-8406	1543	396	-2113	1708	
6785	-8443	1651	422	-2124	1689	
6712	-8479	1760	447	-2134	1671	
6640	-8514	1867	476	-2141	1653	
6567	-8548	1975	503	-2149	1635	
6493	-8579	2084	529	-2157	1616	
6417	-8610	2191	555	-2164	1597	
6339	-8640	2298	583	-2171	1579	
6262	-8668	2404	610	-2178	1557	
6182	-8694	2509	635	-2184	1537	
6101	-8720	2615	662	-2190	1519	
6022	-8744	2721	686	-2197	1497	
5939	-8767	2825	713	-2202	1476	
5857	-8788	2929	740	-2207	1455	
5776	-8809	3033	764	-2213	1436	
5691	-8828	3136	789	-2217	1414	
5604	-8846	3240	815	-2222	1393	
5520	-8862	3343	842	-2225	1371	
5433	-8877	3444	866	-2229	1349	
5345	-8890	3544	891	-2232	1329	
5257	-8903	3646	916	-2234	1305	
5168	-8914	3747	941	-2237	1284	
5077	-8924	3846	965	-2239	1261	
4986	-8933	3946	990	-2241	1238	
4895	-8939	4045	1014	-2243	1215	
4803	-8944	4142	1039	-2243	1191	
4710	-8948	4240	1063	-2245	1168	
4616	-8951	4337	1088	-2244	1146	
4522	-8953	4433	1111	-2246	1123	
4427	-8953	4528	1134	-2246	1097	
4332	-8952	4623	1158	-2245	1074	
4236	-8950	4717	1180	-2245	1050	
4138	-8946	4810	1202	-2244	1023	
4040	-8941	4903	1226	-2242	1000	
3942	-8934	4996	1249	-2240	976	
3844	-8925	5087	1272	-2238	953	
3743	-8916	5177	1296	-2235	928	
3644	-8906	5267	1317	-2231	902	
3544	-8894	5355	1338	-2228	877	
3441	-8881	5443	1361	-2225	852	
3340	-8866	5531	1383	-2220	828	
3239	-8851	5617	1403	-2217	801	
3137	-8833	5703	1423	-2214	775	
3034	-8814	5788	1445	-2208	749	
2930	-8794	5871	1466	-2202	723	
2825	-8773	5953	1486	-2198	698	
2721	-8750	6036	1506	-2191	672	
2617	-8727	6118	1526	-2184	646	
2512	-8701	6199	1546	-2179	618	
2405	-8674	6277	1566	-2171	594	
2301	-8646	6355	1585	-2164	568	
2194	-8616	6432	1604	-2156	540	
2086	-8587	6509	1623	-2148	515	
1980	-8555	6585	1641	-2141	488	
1873	-8522	6659	1659	-2132	461	
1765	-8488	6732	1678	-2124	434	
1658	-8451	6805	1695	-2115	407	
1550	-8415	6877	1712	-2106	381	
1442	-8377	6946	1729	-2096	354	
1332	-8337	7016	1747	-2084	327	
1223	-8297	7085	1764	-2074	301	
1115	-8255	7151	1780	-2065	273	
1003	-8212	7217	1799	-2053	247	
894	-8167	7283	1813	-2042	220	
786	-8122	7346	1829	-2030	194	
675	-8075	7409	1844	-2017	168	
566	-8027	7471	1859	-2007	141	
457	-7978	7531	1875	-1993	117	
348	-7926	7591	1888	-1980	90	
239	-7875	7650	1903	-1968	66	
129	-7823	7706	1917	-1955	42	
19	-7769	7762	1931	-1942	16	
-91	-7714	7817	1944	-1927	-10	
-200	-7656	7871	1958	-1912	-41	
