-3931	-5008	8959	2219	-1245	-991	
-4029	-4916	8965	2222	-1222	-1015	
-4127	-4824	8972	2223	-1197	-1038	
-4227	-4731	8976	2224	-1175	-1064	
-4321	-4637	8978	2223	-1152	-1087	
-4417	-4542	8980	2224	-1128	-1110	
-4513	-4448	8981	2225	-1104	-1134	
-4608	-4352	8980	2224	-1081	-1157	
-4702	-4256	8978	2223	-1058	-1182	
-4794	-4159	8974	2222	-1032	-1204	
-4886	-4061	8969	2221	-1008	-1227	
-4977	-3962	8962	2219	-984	-1251	
-5068	-3862	8954	2217	-958	-1273	
-5159	-3764	8944	2215	-933	-1296	
-5249	-3664	8934	2212	-907	-1317	
-5337	-3562	8923	2208	-882	-1339	
-5424	-3462	8909	2205	-857	-1362	
-5512	-3360	8895	2200	-833	-1383	
-5598	-3257	8879	2196	-807	-1405	
-5684	-3155	8861	2193	-781	-1426	
-5770	-3051	8844	2187	-756	-1447	
-5852	-2948	8824	2183	-728	-1468	
-5935	-2844	8803	2177	-704	-1489	
-6016	-2739	8779	2171	-678	-1509	
-6097	-2633	8755	2165	-651	-1528	
-6177	-2528	8731	2158	-625	-1548	
-6258	-2423	8705	2153	-598	-1567	
-6335	-2317	8676	2145	-570	-1588	
-6412	-2210	8647	2138	-544	-1606	
-6489	-2104	8617	2131	-518	-1624	
-6564	-1996	8586	2123	-492	-1644	
-6638	-1889	8552	2113	-465	-1662	
-6712	-1782	8518	2105	-439	-1681	
-6784	-1674	8483	2096	-412	-1699	
-6854	-1565	8446	2086	-385	-1715	
-6925	-1456	8407	2078	-357	-1734	
-6994	-1349	8368	2067	-330	-1750	
-7062	-1240	8328	2057	-305	-1766	
-7129	-1130	8287	2047	-277	-1784	
-7195	-1021	8244	2035	-250	-1801	
-7261	-912	8198	2025	-223	-1816	
-7325	-802	8153	2013	-195	-1832	
-7388	-692	8107	2001	-169	-1848	
-7449	-582	8058	1989	-144	-1863	
-7510	-473	8009	1977	-117	-1876	
-7569	-363	7959	1964	-91	-1893	
-7626	-253	7907	1951	-65	-1907	
-7684	-143	7854	1939	-39	-1921	
-7740	-34	7799	1924	-14	-1935	
-7794	76	7745	1910	11	-1948	
-7848	186	7688	1896	36	-1962	
-7901	297	7631	1883	67	-1975	
-7952	406	7571	1868	100	-1987	
-8003	516	7512	1852	135	-2000	
-8053	627	7451	1838	171	-2011	
-8099	735	7389	1822	200	-2022	
-8146	845	7326	1806	223	-2035	
-8191	954	7261	1791	246	-2047	
-8235	1065	7197	1774	270	-2056	
-8278	1174	7130	1757	297	-2068	
-8318	1282	7062	1740	327	-2079	
-8359	1391	6994	1723	355	-2087	
-8397	1499	6924	1706	382	-2097	
-8435	1608	6852	1687	409	-2107	
-8472	1716	6781	1668	435	-2116	
-8507	1824	6708	1652	464	-2124	
-8541	1931	6635	1633	489	-2133	
-8575	2038	6561	1613	515	-2141	
-8606	2147	6484	1595	543	-2148	
-8636	2254	6409	1576	569	-2155	
-8665	2359	6330	1558	596	-2163	
-8691	2465	6252	1538	623	-2169	
-8717	2571	6171	1517	650	-2174	
-8741	2676	6091	1496	675	-2180	
-8766	2780	6010	1477	702	-2187	
-8789	2885	5927	1457	728	-2193	
-8808	2989	5845	1436	753	-2197	
-8828	3092	5761	1416	780	-2201	
-8847	3195	5675	1394	806	-2206	
-8863	3298	5590	1373	832	-2210	
-8879	3400	5503	1352	858	-2213	
-8893	3501	5415	1329	880	-2218	
-8908	3602	5327	1306	904	-2222	
-8920	3702	5238	1284	931	-2223	
-8928	3804	5149	1263	957	-2225	
-8937	3903	5058	1240	982	-2227	
-8944	4001	4967	1217	1007	-2229	
-8951	4099	4874	1194	1031	-2230	
-8955	4197	4780	1171	1055	-2231	
-8960	4293	4686	1148	1079	-2233	
-8961	4390	4593	1123	1102	-2234	
-8962	4486	4499	1101	1128	-2233	
-8960	4581	4403	1077	1152	-2232	
-8959	4676	4306	1052	1173	-2232	
-8957	4769	4209	1029	1199	-2231	
-8951	4862	4111	1005	1221	-2228	
-8945	4954	4012	980	1242	-2227	
-8937	5045	3914	955	1267	-2226	
-8929	5136	3815	932	1289	-2222	
-8919	5226	3715	907	1311	-2220	
-8908	5314	3615	881	1332	-2218	
-8896	5403	3514	857	1355	-2214	
-8880	5491	3411	832	1378	-2210	
-8864	5576	3309	808	1399	-2206	
-8847	5663	3208	780	1421	-2202	
-8831	5749	3104	756	1442	-2197	
-8811	5831	3000	730	1463	-2191	
-8790	5916	2896	703	1482	-2187	
-8769	5998	2792	678	1503	-2181	
-8744	6079	2687	652	1523	-2175	
-8720	6160	2580	626	1543	-2168	
-8695	6239	2476	600	1563	-2162	
-8667	6317	2370	573	1583	-2155	
-8639	6395	2263	547	1602	-2147	
-8610	6472	2156	520	1620	-2140	
-8578	6548	2049	493	1638	-2132	
-8544	6622	1941	467	1658	-2123	
-8511	6697	1832	442	1677	-2115	
-8476	6769	1725	414	1693	-2106	
-8441	6840	1617	387	1711	-2096	
-8402	6912	1508	362	1730	-2087	
-8363	6981	1399	335	1747	-2079	
-8323	7049	1290	308	1763	-2067	
-8282	7117	1181	281	1781	-2057	
-8240	7184	1072	255	1797	-2046	
-8197	7250	963	229	1813	-2035	
-8152	7314	853	202	1829	-2025	
-8105	7378	744	176	1845	-2012	
-8058	7439	634	150	1861	-1999	
-8009	7500	524	124	1875	-1987	
-7958	7560	413	98	1890	-1975	
-7906	7619	303	72	1905	-1961	
-7855	7676	193	46	1918	-1948	
-7803	7732	83	20	1933	-1936	
-7746	7788	-27	-8	1946	-1921	
-7691	7842	-137	-41	1959	-1908	
-7634	7895	-247	-75	1973	-1893	
-7576	7947	-357	-109	1985	-1879	
-7517	7998	-468	-139	1998	-1864	
-7457	8046	-577	-163	2010	-1848	
-7395	8094	-687	-186	2022	-1833	
-7332	8142	-796	-210	2034	-1816	
-7269	8187	-906	-238	2045	-1801	
-7204	8231	-1015	-267	2057	-1785	
-7138	8275	-1125	-294	2067	-1768	
-7071	8318	-1235	-320	2077	-1751	
-7003	8358	-1343	-348	2085	-1734	
-6934	8397	-1452	-376	2096	-1716	
-6864	8436	-1561	-401	2105	-1699	
-6793	8472	-1669	-428	2113	-1681	
-6721	8508	-1776	-455	2123	-1662	
-6647	8542	-1884	-483	2131	-1645	
-6573	8576	-1992	-510	2140	-1625	
-6497	8608	-2099	-536	2147	-1606	
-6421	8638	-2206	-563	2154	-1588	
-6344	8667	-2313	-588	2163	-1568	
-6267	8695	-2419	-615	2169	-1549	
-6189	8721	-2525	-642	2174	-1529	
-6108	8747	-2632	-668	2181	-1509	
-6027	8771	-2737	-693	2187	-1488	
-5946	8793	-2841	-718	2193	-1467	
-5863	8815	-2945	-745	2198	-1447	
-5780	8835	-3049	-770	2202	-1425	
-5695	8853	-3152	-796	2206	-1405	
-5609	8871	-3255	-822	2211	-1383	
-5522	8887	-3357	-847	2215	-1362	
-5436	8903	-3459	-871	2218	-1340	
-5349	8915	-3561	-896	2222	-1316	
-5260	8927	-3662	-922	2225	-1296	
-5170	8938	-3762	-946	2227	-1273	
-5081	8946	-3862	-970	2230	-1250	
-4990	8955	-3962	-997	2230	-1228	
-4898	8961	-4059	-1021	2231	-1204	
-4806	8966	-4157	-1044	2233	-1181	
-4714	8970	-4255	-1069	2234	-1158	
-4620	8972	-4351	-1093	2235	-1135	
-4525	8974	-4447	-1116	2235	-1112	
-4429	8974	-4542	-1140	2233	-1087	
-4333	8973	-4637	-1162	2233	-1063	
-4236	8970	-4732	-1187	2231	-1040	
-4140	8965	-4824	-1210	2231	-1015	
-4041	8960	-4917	-1231	2231	-990	
-3943	8953	-5009	-1256	2227	-968	
-3844	8944	-5099	-1278	2224	-942	
-3745	8935	-5191	-1300	2223	-916	
-3645	8924	-5281	-1322	2220	-891	
-3543	8912	-5369	-1344	2216	-866	
-3443	8899	-5456	-1365	2213	-840	
-3340	8884	-5544	-1386	2209	-815	
-3238	8867	-5630	-1407	2204	-789	
-3134	8850	-5715	-1428	2200	-764	
-3032	8831	-5800	-1450	2194	-740	
-2930	8810	-5883	-1469	2191	-711	
-2824	8789	-5966	-1489	2186	-686	
-2719	8766	-6048	-1510	2179	-661	
-2614	8742	-6129	-1529	2175	-632	
-2510	8717	-6209	-1551	2166	-607	
-2403	8689	-6288	-1571	2158	-582	
-2297	8662	-6366	-1588	2153	-555	
-2193	8631	-6443	-1607	2144	-528	
-2085	8601	-6519	-1628	2136	-502	
-1977	8570	-6595	-1646	2129	-475	
-1871	8536	-6668	-1663	2119	-448	
-1763	8501	-6741	-1681	2111	-422	
-1656	8464	-6814	-1699	2102	-394	
-1550	8427	-6885	-1719	2090	-370	
-1440	8390	-6956	-1735	2082	-342	
-1332	8350	-7025	-1750	2073	-315	
-1223	8308	-7092	-1769	2061	-289	
-1114	8266	-7159	-1784	2050	-260	
-1006	8223	-7225	-1799	2040	-234	
-895	8179	-7290	-1817	2030	-207	
-786	8132	-7354	-1832	2017	-180	
-676	8085	-7417	-1847	2004	-155	
-566	8037	-7478	-1862	1993	-128	
-455	7987	-7539	-1877	1980	-101	
-345	7936	-7598	-1892	1967	-77	
-237	7884	-7656	-1906	1953	-52	
-126	7831	-7712	-1919	1941	-25	
-17	7777	-7769	-1934	1927	-3	
92	7722	-7822	-1946	1914	22	
202	7665	-7875	-1958	1900	50	
311	7607	-7929	-1973	1883	80	
421	7548	-7980	-1985	1869	119	
529	7488	-8029	-1997	1854	157	
640	7427	-8077	-2009	1838	192	
749	7364	-8125	-2019	1823	217	
859	7302	-8172	-2031	1807	237	
969	7236	-8216	-2043	1791	259	
1080	7170	-8261	-2053	1774	284	
1188	7106	-8303	-2065	1756	314	
1294	7037	-8343	-2074	1739	343	
1404	6968	-8384	-2082	1723	371	
1513	6898	-8422	-2094	1705	398	
1621	6826	-8460	-2103	1687	423	
1728	6754	-8497	-2110	1669	451	
1836	6682	-8531	-2120	1651	477	
1944	6608	-8565	-2127	1632	506	
2052	6533	-8597	-2135	1613	531	
2159	6456	-8628	-2143	1594	558	
2264	6380	-8658	-2150	1575	585	
2370	6303	-8686	-2156	1556	611	
2476	6224	-8714	-2162	1535	638	
2581	6144	-8739	-2169	1515	663	
2685	6062	-8763	-2175	1496	690	
2789	5982	-8786	-2181	1475	716	
2896	5899	-8809	-2185	1454	742	
2998	5815	-8830	-2191	1433	768	
3100	5732	-8849	-2196	1412	794	
3204	5646	-8866	-2199	1391	820	
3306	5560	-8882	-2204	1368	844	
3409	5473	-8898	-2207	1347	870	
3510	5386	-8911	-2211	1325	896	
3610	5298	-8924	-2213	1303	921	
3710	5208	-8935	-2216	1280	945	
3811	5119	-8945	-2220	1257	969	
3911	5028	-8954	-2219	1235	995	
4008	4937	-8960	-2221	1212	1019	
4106	4845	-8966	-2223	1190	1043	
4201	4751	-8969	-2223	1165	1068	
4298	4657	-8973	-2224	1142	1093	
4395	4562	-8975	-2223	1118	1115	
4489	4468	-8974	-2224	1093	1139	
4586	4373	-8974	-2224	1071	1163	
4679	4275	-8972	-2223	1046	1186	
4772	4178	-8969	-2222	1022	1210	
4863	4081	-8963	-2220	998	1234	
4956	3982	-8956	-2219	973	1257	
5048	3883	-8949	-2216	948	1279	
5137	3784	-8939	-2215	923	1300	
5228	3685	-8930	-2211	898	1322	
5316	3584	-8917	-2207	874	1344	
5404	3482	-8903	-2204	848	1366	
5491	3381	-8890	-2202	821	1388	
5575	3279	-8873	-2197	796	1410	
5662	3176	-8856	-2191	772	1431	
5747	3073	-8838	-2188	746	1452	
5832	2970	-8818	-2182	720	1474	
5913	2865	-8797	-2177	694	1493	
5994	2760	-8774	-2171	668	1514	
6076	2655	-8751	-2164	641	1534	
6156	2550	-8725	-2159	616	1554	
6234	2445	-8699	-2151	589	1574	
6312	2339	-8672	-2145	563	1594	
6390	2232	-8642	-2137	536	1612	
6467	2124	-8612	-2129	509	1631	
6542	2017	-8580	-2123	482	1649	
6616	1910	-8547	-2115	455	1667	
6689	1803	-8513	-2105	428	1687	
6762	1695	-8477	-2096	401	1703	
6833	1586	-8441	-2087	376	1721	
6902	1479	-8402	-2078	349	1739	
6971	1370	-8363	-2068	322	1756	
7040	1260	-8322	-2057	295	1774	
7107	1152	-8279	-2048	268	1789	
7173	1042	-8237	-2036	241	1805	
7238	933	-8193	-2024	215	1822	
7300	824	-8147	-2013	188	1837	
7364	713	-8100	-2002	161	1853	
7427	604	-8053	-1990	135	1869	
7488	493	-8003	-1977	109	1884	
7548	384	-7952	-1964	84	1898	
7604	273	-7902	-1951	59	1913	
7661	164	-7847	-1937	34	1927	
7716	55	-7793	-1925	6	1940	
7772	-56	-7739	-1910	-23	1954	
7826	-166	-7682	-1896	-56	1967	
7879	-276	-7626	-1880	-92	1981	
7932	-385	-7566	-1866	-128	1993	
7980	-495	-7506	-1852	-157	2004	
8028	-605	-7445	-1835	-178	2019	
8077	-714	-7383	-1820	-200	2030	
8123	-824	-7322	-1806	-226	2039	
8170	-934	-7256	-1789	-256	2052	
8213	-1043	-7190	-1773	-285	2061	
8254	-1152	-7125	-1756	-312	2073	
8295	-1261	-7056	-1740	-339	2084	
8336	-1370	-6987	-1722	-366	2093	
8375	-1478	-6918	-1705	-393	2102	
8412	-1587	-6848	-1688	-421	2112	
8449	-1695	-6776	-1669	-448	2119	
8485	-1803	-6704	-1651	-475	2129	
8519	-1910	-6629	-1632	-501	2138	
8552	-2017	-6554	-1615	-528	2143	
8582	-2123	-6478	-1596	-555	2153	
8613	-2232	-6402	-1576	-582	2162	
8642	-2338	-6325	-1557	-609	2168	
8669	-2443	-6246	-1537	-635	2174	
8694	-2549	-6167	-1517	-661	2180	
8719	-2653	-6085	-1496	-686	2188	
8743	-2759	-6004	-1477	-713	2193	
8766	-2863	-5922	-1456	-739	2197	
8786	-2967	-5838	-1435	-765	2203	
8806	-3071	-5754	-1413	-790	2209	
8823	-3173	-5669	-1393	-816	2212	
8840	-3276	-5583	-1371	-842	2216	
8855	-3378	-5498	-1349	-867	2220	
8870	-3479	-5410	-1330	-893	2222	
8884	-3580	-5322	-1307	-918	2225	
8895	-3681	-5233	-1284	-945	2229	
8905	-3782	-5142	-1262	-969	2231	
8913	-3881	-5052	-1239	-993	2232	
8921	-3980	-4961	-1216	-1018	2234	
8926	-4078	-4868	-1193	-1042	2236	
8931	-4175	-4775	-1170	-1067	2237	
8934	-4272	-4682	-1148	-1091	2238	
8937	-4369	-4587	-1124	-1115	2238	
8938	-4464	-4492	-1100	-1138	2238	
8937	-4560	-4397	-1077	-1162	2237	
8936	-4653	-4300	-1054	-1185	2236	
8932	-4747	-4203	-1027	-1208	2236	
8927	-4840	-4105	-1004	-1232	2235	
8921	-4932	-4007	-981	-1255	2234	
8914	-5024	-3909	-955	-1278	2231	
8906	-5114	-3808	-931	-1301	2228	
8897	-5204	-3709	-906	-1323	2226	
8885	-5294	-3608	-881	-1345	2222	
8872	-5381	-3506	-856	-1367	2220	
8857	-5469	-3405	-831	-1389	2216	
8842	-5555	-3303	-805	-1408	2212	
8825	-5641	-3201	-779	-1430	2207	
8808	-5726	-3097	-753	-1451	2203	
8788	-5810	-2993	-729	-1473	2197	
8767	-5893	-2890	-703	-1495	2191	
8744	-5977	-2785	-676	-1514	2186	
8721	-6058	-2679	-651	-1534	2181	
8698	-6138	-2573	-624	-1555	2174	
8672	-6218	-2468	-598	-1575	2168	
8644	-6297	-2362	-572	-1594	2160	
8615	-6374	-2255	-546	-1613	2153	
8586	-6451	-2148	-520	-1631	2145	
8554	-6527	-2041	-493	-1650	2137	
8521	-6601	-1933	-466	-1669	2130	
8489	-6675	-1826	-440	-1687	2121	
8453	-6748	-1717	-413	-1704	2112	
8417	-6820	-1610	-386	-1722	2103	
8378	-6891	-1502	-359	-1741	2094	
8340	-6960	-1392	-334	-1758	2083	
8300	-7028	-1284	-305	-1774	2073	
8259	-7096	-1173	-280	-1792	2063	
8218	-7162	-1065	-252	-1808	2052	
8173	-7228	-956	-225	-1824	2042	
8128	-7293	-846	-199	-1840	2030	
8083	-7356	-738	-172	-1857	2018	
8034	-7418	-627	-147	-1872	2005	
7983	-7479	-516	-120	-1886	1993	
7935	-7538	-407	-94	-1901	1980	
7884	-7598	-296	-68	-1917	1967	
7830	-7655	-185	-42	-1930	1954	
7777	-7711	-76	-17	-1943	1941	
7722	-7767	33	8	-1957	1928	
7667	-7820	144	35	-1971	1912	
7612	-7874	253	64	-1984	1899	
7554	-7926	364	93	-1997	1884	
7494	-7976	474	126	-2009	1870	
7433	-8026	584	159	-2021	1855	
7370	-8073	695	189	-2034	1838	
7309	-8120	804	218	-2044	1824	
7245	-8166	913	241	-2055	1806	
7180	-8211	1022	265	-2067	1788	
7114	-8254	1132	294	-2077	1774	
7048	-8296	1240	320	-2087	1757	
6978	-8337	1349	348	-2098	1739	
6910	-8376	1458	376	-2108	1722	
6841	-8415	1567	402	-2117	1705	
6770	-8451	1676	428	-2125	1686	
6697	-8487	1784	455	-2134	1669	
6624	-8522	1892	482	-2143	1650	
6550	-8554	1999	509	-2151	1632	
6474	-8586	2106	535	-2159	1612	
6398	-8617	2215	560	-2166	1592	
6322	-8646	2321	588	-2172	1574	
6243	-8674	2428	614	-2180	1553	
6164	-8700	2535	639	-2188	1533	
6084	-8726	2640	667	-2193	1514	
6003	-8750	2744	693	-2199	1494	
5922	-8773	2848	718	-2204	1473	
5840	-8794	2953	744	-2208	1452	
5756	-8814	3056	770	-2213	1433	
5671	-8833	3159	796	-2219	1410	
5585	-8850	3263	822	-2222	1389	
5499	-8866	3365	846	-2226	1368	
5413	-8880	3466	873	-2230	1347	
5324	-8894	3567	898	-2232	1326	
5236	-8906	3669	922	-2235	1301	
5147	-8916	3769	949	-2236	1280	
5057	-8925	3869	973	-2238	1258	
4967	-8934	3969	995	-2242	1233	
4874	-8941	4067	1020	-2243	1211	
4783	-8946	4164	1044	-2244	1188	
4688	-8950	4262	1068	-2245	1163	
4594	-8953	4359	1093	-2246	1141	
4499	-8954	4454	1116	-2245	1117	
4404	-8953	4550	1140	-2245	1094	
4309	-8952	4646	1163	-2245	1070	
4212	-8950	4739	1185	-2245	1045	
4116	-8945	4831	1209	-2243	1020	
4018	-8939	4924	1232	-2239	996	
3919	-8932	5016	1253	-2239	970	
3820	-8924	5107	1277	-2238	946	
3721	-8914	5197	1300	-2234	923	
3622	-8903	5287	1321	-2232	896	
3521	-8891	5375	1344	-2228	872	
3418	-8878	5463	1365	-2224	846	
3316	-8863	5550	1386	-2221	820	
3215	-8846	5636	1408	-2217	796	
3114	-8829	5722	1428	-2212	769	
3009	-8810	5807	1449	-2208	743	
2905	-8789	5890	1471	-2202	719	
2801	-8767	5972	1491	-2194	693	
2697	-8744	6055	1511	-2189	667	
2593	-8720	6136	1531	-2183	641	
2486	-8695	6216	1551	-2177	614	
2381	-8668	6294	1570	-2171	587	
2276	-8641	6373	1589	-2162	561	
2168	-8611	6451	1608	-2155	535	
2062	-8580	6526	1627	-2147	508	
1956	-8547	6602	1646	-2139	482	
1850	-8515	6676	1664	-2130	455	
1742	-8480	6749	1681	-2120	428	
1634	-8444	6821	1699	-2113	402	
1524	-8407	6892	1718	-2103	375	
1415	-8368	6963	1734	-2092	347	
1307	-8329	7032	1752	-2082	321	
1198	-8288	7100	1769	-2072	294	
1088	-8246	7167	1785	-2061	268	
978	-8203	7232	1800	-2051	241	
869	-8158	7297	1816	-2041	215	
759	-8112	7361	1831	-2028	189	
651	-8065	7423	1847	-2015	161	
542	-8016	7484	1863	-2004	137	
433	-7966	7545	1877	-1991	110	
323	-7915	7605	1892	-1978	85	
213	-7864	7663	1906	-1965	61	
104	-7810	7720	1919	-1952	36	
-6	-7756	7775	1935	-1937	11	
-117	-7701	7829	1947	-1924	-17	
-228	-7644	7883	1959	-1910	-51	
-337	-7586	7936	1971	-1895	-92	
-446	-7528	7987	1984	-1881	-134	
-556	-7467	8036	1998	-1865	-166	
-665	-7405	8085	2009	-1849	-184	
-774	-7344	8132	2021	-1833	-200	
-884	-7281	8178	2033	-1816	-224	
-993	-7216	8223	2043	-1801	-253	
-1103	-7150	8266	2053	-1785	-284	
-1213	-7084	8309	2064	-1768	-312	
-1321	-7015	8350	2074	-1749	-338	
-1430	-6946	8390	2083	-1733	-366	
-1537	-6876	8429	2093	-1715	-391	
-1644	-6805	8466	2103	-1697	-419	
-1754	-6734	8503	2111	-1681	-447	
-1861	-6660	8537	2119	-1662	-474	
-1967	-6587	8571	2128	-1643	-501	
-2073	-6512	8603	2135	-1624	-527	
-2178	-6436	8634	2143	-1604	-553	
-2286	-6359	8664	2151	-1585	-579	
-2393	-6281	8692	2157	-1567	-605	
-2497	-6203	8719	2164	-1546	-632	
-2602	-6123	8745	2168	-1526	-660	
-2708	-6041	8769	2175	-1505	-685	
-2813	-5961	8794	2182	-1484	-710	
-2916	-5878	8815	2185	-1466	-737	
-3021	-5794	8834	2190	-1444	-764	
-3125	-5711	8854	2196	-1422	-788	
-3227	-5625	8872	2200	-1401	-814	
-3328	-5539	8888	2204	-1378	-840	
-3429	-5453	8903	2208	-1357	-866	
-3531	-5365	8917	2211	-1336	-891	
-3634	-5277	8930	2213	-1312	-914	
-3734	-5188	8941	2216	-1290	-939	
-3833	-5098	8950	2219	-1268	-965	
-3931	-5007	8958	2222	-1245	-988	
-4029	-4916	8965	2223	-1221	-1013	
-4129	-4823	8971	2223	-1198	-1039	
-4225	-4731	8976	2224	-1175	-1062	
-4321	-4638	8979	2225	-1152	-1086	
-4417	-4543	8981	2224	-1128	-1111	
-4512	-4448	8980	2224	-1105	-1134	
-4607	-4351	8980	2223	-1081	-1157	
-4701	-4255	8977	2223	-1056	-1181	
-4795	-4157	8973	2222	-1032	-1204	
-4888	-4061	8968	2220	-1008	-1227	
-4979	-3963	8962	2218	-983	-1251	
-5071	-3863	8955	2216	-958	-1273	
-5160	-3763	8945	2214	-934	-1296	
-5248	-3662	8934	2212	-908	-1318	
-5338	-3562	8922	2209	-883	-1339	
-5427	-3462	8909	2203	-858	-1362	
-5513	-3359	8895	2201	-832	-1383	
-5599	-3257	8880	2197	-807	-1404	
-5684	-3155	8862	2192	-782	-1425	
-5768	-3051	8843	2188	-755	-1446	
-5853	-2947	8824	2183	-729	-1467	
-5936	-2843	8803	2177	-703	-1488	
-6018	-2738	8780	2171	-677	-1508	
-6099	-2633	8756	2167	-651	-1529	
-6179	-2529	8731	2159	-624	-1548	
-6257	-2422	8704	2153	-597	-1567	
-6335	-2316	8676	2147	-571	-1587	
-6412	-2209	8647	2138	-544	-1606	
-6488	-2102	8618	2131	-518	-1625	
-6564	-1995	8586	2121	-493	-1644	
-6638	-1888	8552	2114	-465	-1663	
-6711	-1781	8518	2105	-438	-1680	
-6784	-1673	8483	2096	-412	-1698	
-6856	-1565	8446	2087	-385	-1716	
-6926	-1456	8408	2076	-357	-1733	
-6995	-1348	8369	2067	-331	-1750	
-7062	-1239	8328	2057	-304	-1768	
-7130	-1130	8286	2047	-276	-1784	
-7197	-1021	8243	2037	-250	-1800	
-7261	-911	8198	2024	-222	-1816	
-7325	-802	8153	2014	-196	-1831	
-7388	-692	8106	2002	-170	-1847	
-7449	-582	8058	1990	-142	-1863	
-7509	-472	8009	1977	-117	-1879	
-7568	-363	7958	1965	-91	-1892	
-7627	-253	7907	1951	-65	-1907	
-7685	-141	7854	1937	-40	-1922	
-7741	-32	7799	1925	-14	-1935	
-7795	78	7744	1911	11	-1949	
-7849	188	7687	1897	38	-1961	
-7902	297	7630	1882	66	-1975	
-7954	407	7572	1867	99	-1988	
-8004	516	7512	1853	135	-2000	
-8052	626	7451	1837	170	-2012	
-8100	736	7389	1821	200	-2023	
-8146	846	7325	1805	223	-2035	
-8190	956	7261	1790	246	-2046	
-8235	1065	7196	1773	271	-2058	
-8279	1174	7130	1757	297	-2068	
-8319	1283	7062	1740	326	-2078	
-8359	1393	6994	1722	355	-2089	
-8398	1500	6924	1705	383	-2097	
-8436	1608	6853	1688	410	-2107	
-8472	1718	6782	1670	436	-2115	
-8507	1825	6709	1651	463	-2125	
-8542	1932	6635	1633	490	-2133	
-8574	2040	6560	1616	518	-2139	
-8606	2147	6483	1597	544	-2149	
-8636	2253	6407	1577	570	-2155	
-8665	2359	6329	1556	596	-2162	
-8693	2466	6252	1538	623	-2170	
-8718	2571	6172	1518	650	-2175	
-8743	2676	6091	1498	676	-2182	
-8765	2781	6010	1477	701	-2187	
-8787	2885	5927	1456	729	-2192	
-8808	2990	5844	1436	755	-2198	
-8829	3094	5760	1413	779	-2203	
-8847	3195	5675	1394	806	-2206	
-8864	3298	5589	1372	832	-2210	
-8880	3401	5503	1349	856	-2216	
-8894	3502	5415	1329	880	-2218	
-8908	3603	5327	1307	906	-2220	
-8919	3704	5238	1285	932	-2224	
-8928	3804	5148	1262	956	-2226	
-8937	3903	5057	1239	981	-2227	
-8944	4002	4966	1217	1006	-2229	
-8949	4101	4872	1194	1032	-2231	
-8955	4198	4780	1172	1056	-2232	
-8958	4294	4687	1147	1079	-2232	
-8960	4391	4592	1125	1104	-2231	
-8963	4486	4497	1101	1128	-2232	
-8961	4581	4402	1078	1152	-2232	
-8958	4676	4306	1055	1175	-2231	
-8956	4769	4209	1029	1197	-2231	
-8952	4862	4111	1004	1221	-2230	
-8946	4954	4013	979	1243	-2228	
-8938	5046	3914	954	1265	-2226	
-8928	5137	3814	929	1288	-2226	
-8918	5225	3713	906	1311	-2221	
-8907	5315	3613	882	1334	-2218	
-8894	5404	3512	857	1356	-2214	
-8880	5491	3411	831	1376	-2210	
-8865	5578	3308	805	1398	-2207	
-8849	5664	3205	782	1421	-2202	
-8830	5749	3103	753	1441	-2198	
-8810	5832	3000	728	1461	-2193	
-8792	5916	2896	704	1483	-2187	
-8769	5998	2792	677	1503	-2181	
-8745	6079	2687	652	1523	-2175	
-8720	6160	2581	625	1544	-2169	
-8694	6240	2475	599	1562	-2162	
-8667	6318	2369	573	1581	-2155	
-8638	6396	2263	546	1602	-2148	
-8608	6472	2155	520	1620	-2140	
-8576	6548	2047	494	1640	-2132	
-8543	6624	1940	468	1659	-2123	
-8510	6697	1833	441	1676	-2115	
-8476	6769	1724	415	1696	-2106	
-8439	6842	1616	388	1713	-2096	
-8402	6912	1508	361	1729	-2088	
-8365	6982	1399	334	1747	-2077	
-8323	7050	1290	308	1763	-2067	
-8281	7118	1180	282	1781	-2058	
-8239	7185	1071	254	1798	-2046	
-8195	7249	962	229	1814	-2035	
-8151	7314	853	202	1830	-2024	
-8105	7377	742	176	1844	-2010	
-8057	7439	632	150	1860	-1999	
-8008	7500	524	124	1876	-1988	
-7958	7561	413	99	1890	-1974	
-7907	7619	302	72	1904	-1963	
-7855	7676	193	46	1919	-1948	
-7802	7733	83	20	1932	-1934	
-7746	7788	-27	-9	1945	-1922	
-7689	7843	-138	-41	1960	-1907	
-7634	7896	-248	-76	1972	-1893	
-7576	7946	-358	-110	1986	-1879	
-7516	7998	-468	-139	1999	-1864	
-7456	8047	-578	-162	2009	-1848	
-7394	8095	-687	-185	2022	-1831	
-7332	8142	-797	-210	2034	-1817	
-7268	8187	-907	-238	2045	-1801	
-7203	8231	-1016	-267	2057	-1784	
-7136	8275	-1126	-294	2067	-1768	
-7070	8317	-1235	-323	2076	-1751	
-7003	8358	-1344	-349	2086	-1734	
-6933	8397	-1453	-375	2096	-1718	
-6863	8435	-1561	-403	2105	-1700	
-6791	8473	-1670	-429	2115	-1681	
-6721	8508	-1777	-455	2123	-1663	
-6648	8542	-1884	-482	2131	-1643	
-6573	8576	-1992	-510	2140	-1626	
-6498	8607	-2100	-536	2147	-1606	
-6420	8638	-2207	-562	2155	-1586	
-6342	8668	-2313	-588	2163	-1569	
-6266	8695	-2420	-615	2169	-1549	
-6188	8721	-2526	-642	2175	-1528	
-6105	8747	-2631	-667	2181	-1508	
-6026	8771	-2737	-694	2187	-1488	
-5945	8793	-2841	-719	2192	-1468	
-5862	8815	-2946	-745	2197	-1447	
-5779	8834	-3050	-770	2202	-1426	
-5694	8854	-3153	-796	2207	-1405	
-5609	8871	-3256	-823	2211	-1383	
-5524	8886	-3358	-846	2216	-1361	
-5435	8901	-3460	-872	2219	-1340	
-5348	8914	-3562	-898	2221	-1317	
-5259	8927	-3662	-921	2225	-1296	
-5170	8937	-3763	-947	2227	-1273	
-5080	8946	-3862	-972	2228	-1250	
-4989	8955	-3962	-996	2229	-1228	
-4898	8961	-4060	-1020	2232	-1205	
-4804	8966	-4158	-1045	2233	-1182	
-4712	8970	-4255	-1069	2234	-1158	
-4619	8973	-4352	-1093	2234	-1135	
-4525	8974	-4447	-1117	2234	-1112	
-4429	8974	-4543	-1139	2235	-1087	
-4333	8972	-4636	-1163	2234	-1064	
-4238	8970	-4731	-1185	2233	-1039	
-4139	8965	-4826	-1208	2233	-1014	
-4040	8960	-4917	-1232	2230	-991	
-3942	8952	-5010	-1254	2229	-966	
-3843	8944	-5101	-1277	2226	-940	
-3743	8935	-5191	-1300	2223	-916	
-3644	8924	-5281	-1322	2220	-891	
-3543	8912	-5369	-1345	2216	-865	
-3441	8898	-5457	-1366	2214	-840	
-3341	8883	-5545	-1386	2209	-815	
-3238	8867	-5630	-1407	2204	-789	
-3135	8850	-5714	-1429	2202	-764	
-3033	8831	-5800	-1450	2196	-738	
-2928	8810	-5884	-1472	2188	-713	
-2824	8789	-5966	-1491	2184	-687	
-2719	8766	-6048	-1509	2179	-660	
-2615	8742	-6128	-1532	2171	-634	
-2510	8717	-6209	-1551	2165	-607	
-2402	8689	-6289	-1570	2159	-581	
-2295	8661	-6366	-1590	2152	-555	
-2190	8631	-6444	-1608	2144	-529	
-2086	8600	-6520	-1627	2136	-501	
-1979	8568	-6595	-1646	2128	-475	
-1872	8535	-6668	-1664	2118	-448	
-1765	8502	-6741	-1682	2110	-421	
-1658	8465	-6814	-1700	2102	-395	
-1549	8428	-6886	-1716	2093	-367	
-1441	8390	-6956	-1734	2083	-340	
-1332	8349	-7025	-1750	2073	-314	
-1223	8308	-7093	-1766	2063	-287	
-1112	8266	-7161	-1784	2051	-260	
-1003	8222	-7226	-1801	2040	-233	
-895	8178	-7291	-1816	2028	-208	
-784	8131	-7355	-1833	2017	-181	
-676	8085	-7417	-1849	2005	-154	
-566	8038	-7478	-1862	1992	-127	
-456	7987	-7539	-1877	1979	-102	
-347	7937	-7598	-1891	1967	-76	
-237	7885	-7656	-1906	1954	-52	
-126	7831	-7712	-1922	1939	-28	
-15	7776	-7769	-1933	1928	-3	
94	7721	-7823	-1947	1913	21	
203	7665	-7876	-1961	1897	47	
312	7606	-7929	-1973	1884	81	
423	7546	-7980	-1986	1868	118	
531	7488	-8029	-1997	1854	158	
640	7426	-8077	-2008	1839	192	
751	7364	-8126	-2020	1823	217	
859	7301	-8171	-2032	1807	238	
970	7237	-8217	-2043	1791	258	
1080	7171	-8261	-2054	1773	283	
1189	7104	-8303	-2063	1757	313	
1297	7036	-8344	-2073	1741	344	
1404	6967	-8383	-2083	1722	370	
1515	6897	-8423	-2092	1706	397	
1622	6827	-8461	-2101	1688	425	
1729	6755	-8496	-2111	1668	451	
1837	6681	-8531	-2119	1651	478	
1945	6608	-8565	-2128	1632	505	
2052	6533	-8598	-2136	1612	531	
2158	6456	-8628	-2143	1594	557	
2266	6379	-8658	-2151	1575	585	
2370	6301	-8687	-2157	1556	612	
2476	6223	-8714	-2163	1536	638	
2582	6143	-8738	-2170	1514	664	
2685	6063	-8764	-2176	1495	690	
2791	5980	-8787	-2180	1476	717	
2894	5897	-8808	-2186	1454	742	
2999	5815	-8829	-2191	1433	767	
3102	5730	-8848	-2195	1412	794	
3205	5646	-8867	-2200	1390	819	
3307	5561	-8883	-2203	1369	845	
3408	5473	-8897	-2207	1348	870	
3510	5385	-8912	-2211	1324	896	
3611	5297	-8924	-2212	1302	921	
3711	5208	-8936	-2215	1281	945	
3810	5118	-8945	-2218	1258	970	
3911	5028	-8953	-2219	1235	995	
4009	4936	-8960	-2222	1212	1020	
4105	4843	-8965	-2223	1191	1044	
4203	4750	-8970	-2223	1167	1069	
4299	4656	-8973	-2225	1141	1093	
4395	4561	-8975	-2225	1118	1117	
4490	4467	-8975	-2224	1094	1141	
4585	4371	-8974	-2223	1070	1163	
4680	4275	-8972	-2223	1046	1187	
4773	4178	-8968	-2224	1022	1210	
4866	4081	-8963	-2220	997	1233	
4958	3982	-8957	-2219	973	1256	
5049	3883	-8949	-2217	948	1278	
5140	3783	-8939	-2214	922	1301	
5228	3683	-8929	-2210	899	1323	
5316	3583	-8918	-2207	874	1345	
5403	3482	-8904	-2205	847	1367	
5491	3380	-8889	-2201	822	1388	
5577	3278	-8872	-2197	796	1411	
5662	3175	-8855	-2192	771	1432	
5748	3072	-8837	-2187	745	1453	
5831	2968	-8817	-2182	719	1474	
5914	2864	-8797	-2177	694	1494	
5996	2759	-8774	-2171	669	1514	
6077	2654	-8750	-2165	642	1534	
6158	2550	-8725	-2158	615	1555	
6235	2444	-8698	-2152	588	1573	
6312	2337	-8671	-2145	562	1592	
6391	2230	-8642	-2138	536	1612	
6467	2124	-8612	-2130	508	1630	
6542	2017	-8579	-2123	481	1648	
6616	1910	-8546	-2114	455	1668	
6689	1803	-8512	-2105	427	1686	
6762	1694	-8476	-2096	401	1704	
6834	1586	-8440	-2087	374	1721	
6904	1477	-8402	-2077	348	1739	
6973	1368	-8362	-2067	322	1756	
7041	1260	-8322	-2058	294	1772	
7108	1151	-8281	-2046	267	1790	
7173	1042	-8238	-2034	242	1806	
7238	931	-8193	-2024	215	1821	
7303	822	-8147	-2013	188	1838	
7365	714	-8099	-2000	162	1853	
7426	603	-8051	-1988	136	1869	
7487	494	-8003	-1977	109	1884	
7547	384	-7952	-1965	83	1899	
7606	274	-7900	-1951	58	1913	
7662	163	-7848	-1938	33	1926	
7718	53	-7795	-1925	7	1941	
7773	-57	-7738	-1910	-23	1953	
7826	-167	-7682	-1895	-56	1967	
7879	-277	-7624	-1882	-95	1980	
7932	-386	-7565	-1868	-131	1992	
7980	-496	-7505	-1851	-158	2005	
8028	-606	-7444	-1837	-180	2017	
8077	-716	-7383	-1822	-202	2029	
8123	-825	-7320	-1805	-227	2040	
8169	-934	-7255	-1789	-255	2052	
8213	-1044	-7190	-1772	-285	2062	
8257	-1153	-7124	-1756	-313	2073	
8296	-1262	-7056	-1738	-338	2084	
8336	-1370	-6987	-1722	-365	2093	
8376	-1478	-6918	-1704	-394	2103	
8412	-1587	-6848	-1687	-421	2112	
8449	-1696	-6775	-1669	-447	2122	
8486	-1802	-6702	-1650	-475	2130	
8519	-1910	-6629	-1632	-501	2137	
8550	-2018	-6553	-1612	-526	2147	
8584	-2124	-6478	-1595	-554	2154	
8614	-2232	-6402	-1575	-582	2160	
8641	-2337	-6324	-1556	-608	2168	
8670	-2442	-6246	-1538	-636	2174	
8695	-2549	-6165	-1517	-661	2181	
8719	-2654	-6084	-1497	-687	2187	
8743	-2760	-6003	-1477	-713	2192	
8764	-2865	-5921	-1455	-738	2198	
8785	-2968	-5838	-1435	-765	2202	
8804	-3070	-5754	-1416	-792	2207	
8823	-3174	-5669	-1393	-817	2212	
8841	-3277	-5583	-1371	-842	2216	
8856	-3379	-5497	-1351	-869	2219	
8870	-3481	-5409	-1328	-894	2223	
8883	-3581	-5320	-1306	-919	2226	
8894	-3681	-5232	-1285	-944	2228	
8905	-3782	-5142	-1261	-968	2231	
8914	-3881	-5052	-1239	-993	2232	
8921	-3980	-4960	-1216	-1018	2235	
8927	-4079	-4868	-1193	-1043	2236	
8930	-4177	-4775	-1171	-1066	2236	
8935	-4273	-4681	-1148	-1091	2238	
8938	-4369	-4587	-1123	-1113	2239	
8937	-4466	-4492	-1100	-1137	2238	
8937	-4560	-4396	-1075	-1161	2238	
8935	-4654	-4300	-1051	-1184	2238	
8933	-4748	-4203	-1029	-1210	2235	
8928	-4840	-4105	-1005	-1232	2235	
8922	-4933	-4007	-980	-1255	2234	
8914	-5025	-3908	-955	-1278	2231	
8903	-5114	-3808	-929	-1300	2228	
8895	-5204	-3707	-906	-1323	2226	
8884	-5294	-3607	-881	-1345	2223	
8871	-5382	-3506	-855	-1367	2220	
8856	-5470	-3404	-831	-1389	2216	
8842	-5556	-3302	-805	-1411	2211	
8825	-5642	-3199	-778	-1431	2207	
8806	-5728	-3096	-754	-1453	2201	
8788	-5811	-2992	-729	-1474	2198	
8767	-5894	-2889	-702	-1493	2194	
8745	-5977	-2785	-677	-1515	2187	
8722	-6058	-2679	-650	-1535	2181	
8697	-6139	-2574	-624	-1554	2174	
8671	-6218	-2467	-599	-1574	2168	
8643	-6296	-2361	-571	-1593	2161	
8616	-6374	-2255	-545	-1613	2153	
8586	-6451	-2147	-519	-1632	2145	
8554	-6526	-2041	-494	-1651	2139	
8521	-6602	-1933	-467	-1668	2130	
8488	-6676	-1825	-439	-1687	2121	
8453	-6748	-1717	-412	-1705	2113	
8417	-6820	-1609	-385	-1723	2103	
8379	-6891	-1501	-360	-1741	2092	
8340	-6960	-1392	-332	-1758	2083	
8300	-7029	-1283	-306	-1776	2073	
8257	-7096	-1173	-280	-1791	2063	
8216	-7163	-1064	-252	-1807	2053	
8173	-7229	-955	-226	-1825	2041	
8126	-7293	-845	-199	-1839	2029	
8081	-7356	-736	-174	-1856	2018	
8033	-7418	-626	-146	-1871	2006	
7984	-7479	-516	-119	-1886	1993	
7934	-7539	-406	-94	-1901	1980	
7883	-7597	-295	-67	-1915	1967	
7832	-7656	-186	-41	-1929	1954	
7778	-7712	-77	-16	-1944	1941	
7723	-7768	35	10	-1957	1927	
7667	-7820	145	36	-1971	1912	
7611	-7873	254	63	-1984	1899	
7553	-7926	365	93	-1997	1885	
7493	-7976	473	126	-2009	1869	
7432	-8025	584	159	-2020	1855	
7372	-8074	695	189	-2032	1839	
7310	-8120	805	215	-2046	1822	
7245	-8166	915	241	-2055	1807	
7179	-8211	1023	267	-2065	1789	
7114	-8255	1133	292	-2077	1773	
7047	-8296	1242	319	-2089	1756	
6979	-8336	1350	348	-2099	1740	
6909	-8376	1459	375	-2107	1722	
6840	-8414	1569	401	-2117	1704	
6769	-8451	1677	429	-2125	1687	
6697	-8487	1784	455	-2135	1668	
6624	-8522	1892	482	-2143	1650	
6550	-8555	2001	508	-2150	1630	
6474	-8587	2109	535	-2159	1612	
6397	-8617	2216	563	-2165	1594	
6320	-8646	2322	587	-2172	1572	
6242	-8674	2428	616	-2180	1554	
6163	-8701	2534	642	-2185	1535	
6083	-8726	2640	667	-2193	1515	
6002	-8750	2745	693	-2198	1494	
5921	-8773	2850	719	-2204	1472	
5839	-8794	2954	746	-2209	1453	
5755	-8814	3057	771	-2213	1430	
5671	-8833	3160	797	-2218	1409	
5586	-8850	3263	822	-2223	1389	
5499	-8867	3365	847	-2226	1367	
5413	-8881	3467	872	-2230	1345	
5324	-8895	3570	896	-2233	1322	
5235	-8907	3670	923	-2234	1302	
5147	-8916	3770	946	-2237	1277	
5056	-8926	3869	971	-2240	1255	
4965	-8934	3969	997	-2242	1233	
4873	-8940	4067	1020	-2244	1210	
4782	-8946	4165	1045	-2244	1188	
4689	-8949	4262	1068	-2246	1164	
4595	-8953	4360	1092	-2246	1141	
4500	-8953	4456	1116	-2245	1117	
4404	-8953	4550	1141	-2246	1093	
4308	-8952	4645	1163	-2244	1069	
4213	-8949	4739	1187	-2242	1046	
4115	-8945	4833	1210	-2243	1021	
4016	-8940	4925	1233	-2241	995	
3919	-8934	5016	1256	-2238	972	
3821	-8925	5108	1278	-2237	947	
3721	-8914	5198	1299	-2235	921	
3621	-8903	5288	1321	-2232	897	
3521	-8891	5376	1344	-2227	872	
3419	-8878	5464	1365	-2224	846	
3316	-8863	5552	1386	-2221	821	
3213	-8846	5638	1409	-2216	794	
3112	-8829	5723	1429	-2211	769	
3007	-8809	5808	1450	-2206	744	
2905	-8789	5891	1470	-2202	717	
2803	-8768	5973	1490	-2196	692	
2696	-8744	6055	1511	-2188	667	
2591	-8721	6136	1530	-2183	640	
2487	-8695	6216	1550	-2177	614	
2381	-8668	6295	1571	-2170	587	
2276	-8640	6373	1590	-2162	562	
2169	-8610	6450	1609	-2155	535	
2061	-8580	6527	1627	-2148	508	
1954	-8547	6602	1646	-2139	482	
1848	-8514	6676	1663	-2131	455	
1741	-8479	6749	1681	-2122	427	
1631	-8443	6822	1700	-2112	401	
1523	-8406	6894	1717	-2103	374	
1414	-8369	6963	1734	-2093	348	
1307	-8328	7032	1751	-2082	321	
1198	-8288	7100	1768	-2071	294	
1087	-8246	7167	1783	-2061	266	
978	-8202	7233	1801	-2051	241	
869	-8157	7297	1816	-2039	215	
760	-8110	7362	1832	-2028	188	
650	-8064	7423	1848	-2016	161	
541	-8016	7485	1861	-2003	136	
432	-7965	7547	1877	-1991	111	
323	-7915	7605	1892	-1979	85	
212	-7864	7663	1906	-1966	61	
101	-7811	7719	1922	-1950	36	
-8	-7756	7775	1934	-1936	11	
-117	-7700	7830	1948	-1922	-16	
-227	-7644	7883	1961	-1908	-50	
-337	-7586	7936	1972	-1894	-91	
-446	-7527	7987	1984	-1880	-134	
-556	-7467	8036	1997	-1865	-166	
-667	-7406	8085	2010	-1849	-183	
-776	-7344	8133	2021	-1834	-201	
-884	-7280	8179	2032	-1817	-223	
-994	-7215	8223	2042	-1801	-254	
-1105	-7150	8267	2053	-1784	-284	
-1212	-7083	8309	2064	-1768	-312	
-1319	-7015	8350	2073	-1751	-340	
-1429	-6946	8391	2084	-1733	-364	
-1540	-6876	8429	2093	-1716	-393	
-1647	-6805	8467	2101	-1697	-421	
-1754	-6734	8503	2111	-1679	-447	
-1862	-6661	8537	2120	-1661	-474	
-1968	-6586	8571	2127	-1642	-500	
-2074	-6510	8604	2135	-1624	-527	
-2180	-6435	8634	2142	-1604	-555	
-2286	-6358	8664	2150	-1585	-580	
-2391	-6280	8693	2157	-1564	-607	
-2497	-6202	8719	2162	-1547	-634	
-2603	-6122	8745	2170	-1525	-658	
-2708	-6041	8770	2177	-1503	-685	
-2813	-5960	8793	2181	-1485	-711	
-2917	-5877	8815	2187	-1462	-736	
-3022	-5795	8835	2191	-1442	-763	
-3125	-5710	8854	2196	-1422	-790	
-3228	-5626	8873	2200	-1401	-814	
-3331	-5540	8889	2203	-1379	-840	
-3430	-5452	8904	2206	-1358	-866	
-3530	-5364	8917	2211	-1334	-890	
-3632	-5276	8930	2213	-1312	-916	
-3734	-5187	8941	2215	-1291	-941	
-3833	-5098	8950	2219	-1267	-965	
