-4677	-4280	8978	2224	-1061	-1176	
-4772	-4182	8976	2222	-1039	-1199	
-4863	-4084	8969	2221	-1014	-1222	
-4954	-3987	8963	2219	-988	-1245	
-5047	-3888	8956	2216	-964	-1267	
-5137	-3788	8947	2215	-939	-1290	
-5224	-3687	8937	2212	-915	-1312	
-5313	-3587	8926	2210	-889	-1334	
-5403	-3487	8912	2206	-864	-1356	
-5490	-3384	8898	2201	-839	-1378	
-5577	-3283	8883	2200	-812	-1399	
-5663	-3180	8866	2194	-788	-1421	
-5747	-3077	8847	2189	-761	-1442	
-5832	-2973	8828	2185	-734	-1462	
-5914	-2869	8808	2179	-710	-1484	
-5996	-2766	8785	2174	-684	-1503	
-6078	-2659	8761	2168	-656	-1523	
-6157	-2553	8736	2161	-630	-1543	
-6237	-2450	8711	2154	-605	-1564	
-6317	-2343	8684	2147	-578	-1583	
-6394	-2236	8655	2139	-552	-1602	
-6470	-2130	8625	2131	-525	-1621	
-6545	-2023	8594	2125	-498	-1640	
-6620	-1916	8560	2116	-472	-1659	
-6694	-1808	8528	2108	-443	-1676	
-6766	-1701	8492	2099	-418	-1695	
-6837	-1593	8454	2090	-390	-1712	
-6908	-1484	8417	2082	-363	-1729	
-6979	-1375	8378	2069	-337	-1747	
-7047	-1267	8338	2059	-310	-1763	
-7114	-1158	8297	2049	-284	-1781	
-7180	-1049	8253	2038	-256	-1798	
-7244	-939	8209	2028	-230	-1813	
-7310	-829	8164	2017	-203	-1830	
-7372	-720	8117	2004	-176	-1845	
-7433	-611	8070	1993	-150	-1860	
-7495	-500	8021	1980	-122	-1874	
-7555	-390	7971	1967	-98	-1889	
-7613	-281	7920	1955	-71	-1904	
-7670	-171	7867	1941	-44	-1918	
-7727	-60	7813	1928	-20	-1933	
-7781	49	7758	1915	6	-1946	
-7834	159	7701	1900	30	-1960	
-7889	269	7644	1885	59	-1972	
-7940	379	7587	1871	91	-1984	
-7991	489	7526	1856	124	-1998	
-8040	599	7466	1840	160	-2009	
-8087	709	7404	1825	191	-2021	
-8133	818	7341	1810	218	-2033	
-8179	928	7277	1793	240	-2044	
-8224	1037	7211	1775	264	-2055	
-8267	1146	7146	1761	293	-2066	
-8310	1255	7079	1743	319	-2076	
-8351	1364	7010	1725	348	-2086	
-8389	1473	6942	1709	376	-2095	
-8427	1581	6870	1692	403	-2105	
-8464	1689	6799	1674	428	-2114	
-8499	1798	6727	1656	455	-2123	
-8533	1904	6653	1637	483	-2132	
-8567	2012	6578	1618	510	-2138	
-8599	2120	6503	1599	536	-2146	
-8630	2225	6426	1580	562	-2155	
-8656	2332	6349	1562	591	-2161	
-8685	2439	6271	1542	617	-2168	
-8713	2544	6192	1522	643	-2174	
-8736	2649	6111	1503	670	-2180	
-8761	2754	6030	1482	694	-2186	
-8783	2859	5948	1461	721	-2191	
-8803	2963	5865	1441	748	-2196	
-8824	3066	5781	1420	773	-2201	
-8842	3169	5697	1398	800	-2206	
-8860	3272	5611	1378	824	-2211	
-8874	3375	5525	1357	849	-2213	
-8889	3477	5438	1334	875	-2217	
-8903	3578	5349	1312	900	-2220	
-8916	3678	5260	1291	926	-2222	
-8926	3778	5170	1269	952	-2225	
-8934	3877	5080	1246	976	-2226	
-8943	3976	4989	1224	1001	-2227	
-8949	4075	4897	1200	1025	-2229	
-8954	4173	4804	1176	1049	-2232	
-8958	4269	4710	1153	1073	-2233	
-8959	4366	4616	1131	1098	-2232	
-8962	4462	4522	1108	1121	-2232	
-8963	4556	4427	1083	1144	-2231	
-8960	4652	4329	1059	1168	-2232	
-8957	4745	4233	1036	1192	-2232	
-8953	4838	4136	1011	1215	-2229	
-8947	4931	4038	985	1237	-2228	
-8940	5023	3939	962	1261	-2226	
-8931	5114	3839	938	1283	-2224	
-8921	5203	3740	911	1305	-2222	
-8911	5293	3640	888	1328	-2218	
-8899	5381	3539	863	1349	-2215	
-8885	5468	3436	837	1372	-2211	
-8870	5556	3334	812	1394	-2207	
-8853	5642	3232	786	1415	-2203	
-8835	5727	3128	762	1436	-2199	
-8816	5811	3026	737	1456	-2193	
-8795	5895	2921	710	1477	-2187	
-8773	5977	2817	684	1498	-2182	
-8750	6058	2713	658	1519	-2176	
-8726	6139	2608	632	1539	-2170	
-8701	6219	2502	606	1558	-2164	
-8673	6298	2395	580	1578	-2157	
-8647	6376	2290	554	1596	-2150	
-8617	6453	2183	528	1617	-2141	
-8585	6529	2075	501	1635	-2134	
-8553	6604	1967	475	1653	-2126	
-8519	6678	1859	448	1673	-2117	
-8486	6751	1752	421	1689	-2109	
-8450	6823	1643	395	1709	-2099	
-8412	6894	1535	368	1726	-2089	
-8374	6964	1426	342	1743	-2080	
-8334	7033	1317	316	1762	-2069	
-8293	7101	1207	288	1777	-2060	
-8250	7167	1098	263	1795	-2048	
-8207	7233	989	236	1810	-2036	
-8162	7298	879	207	1824	-2027	
-8116	7362	770	182	1842	-2014	
-8070	7423	660	157	1856	-2002	
-8020	7486	551	129	1871	-1991	
-7970	7546	440	103	1887	-1978	
-7920	7604	330	79	1901	-1964	
-7868	7661	221	53	1915	-1951	
-7815	7719	110	26	1929	-1938	
-7760	7774	0	-1	1942	-1924	
-7705	7829	-110	-33	1957	-1912	
-7649	7882	-220	-66	1971	-1897	
-7591	7935	-329	-102	1983	-1882	
-7532	7985	-439	-132	1995	-1867	
-7471	8034	-550	-156	2007	-1851	
-7410	8083	-660	-180	2018	-1837	
-7347	8130	-771	-203	2031	-1821	
-7285	8176	-880	-231	2042	-1805	
-7220	8220	-989	-260	2052	-1788	
-7154	8265	-1098	-289	2063	-1771	
-7088	8308	-1206	-315	2074	-1754	
-7019	8347	-1316	-341	2084	-1737	
-6950	8387	-1426	-369	2093	-1721	
-6881	8426	-1535	-395	2104	-1703	
-6810	8463	-1642	-422	2113	-1686	
-6738	8499	-1749	-450	2121	-1668	
-6665	8535	-1858	-476	2129	-1649	
-6592	8568	-1964	-502	2138	-1630	
-6517	8600	-2072	-529	2145	-1611	
-6439	8630	-2180	-556	2153	-1592	
-6363	8659	-2287	-582	2161	-1573	
-6286	8688	-2394	-608	2168	-1553	
-6208	8715	-2499	-635	2174	-1533	
-6128	8741	-2606	-661	2180	-1513	
-6047	8765	-2711	-687	2186	-1493	
-5964	8787	-2815	-712	2192	-1472	
-5882	8810	-2920	-739	2197	-1453	
-5798	8829	-3023	-764	2203	-1433	
-5714	8849	-3127	-789	2207	-1409	
-5631	8866	-3230	-816	2210	-1389	
-5543	8883	-3332	-840	2214	-1368	
-5458	8898	-3435	-866	2217	-1344	
-5371	8911	-3536	-891	2221	-1323	
-5281	8924	-3637	-915	2225	-1301	
-5192	8934	-3737	-941	2227	-1279	
-5103	8944	-3837	-965	2228	-1256	
-5011	8953	-3937	-990	2230	-1234	
-4920	8959	-4035	-1014	2232	-1210	
-4829	8965	-4133	-1037	2234	-1187	
-4736	8970	-4231	-1063	2234	-1165	
-4643	8973	-4327	-1085	2235	-1140	
-4548	8974	-4424	-1109	2235	-1117	
-4453	8974	-4519	-1134	2234	-1093	
-4357	8973	-4614	-1157	2233	-1069	
-4259	8970	-4709	-1181	2232	-1045	
-4163	8966	-4801	-1203	2232	-1020	
-4066	8961	-4894	-1226	2231	-997	
-3968	8954	-4987	-1248	2229	-973	
-3868	8947	-5078	-1271	2227	-946	
-3769	8938	-5168	-1294	2224	-921	
-3670	8927	-5257	-1317	2220	-897	
-3569	8916	-5347	-1340	2218	-872	
-3468	8902	-5435	-1360	2216	-847	
-3366	8887	-5522	-1382	2211	-823	
-3264	8871	-5608	-1403	2207	-797	
-3162	8854	-5694	-1422	2203	-770	
-3058	8835	-5778	-1445	2197	-745	
-2955	8815	-5863	-1465	2192	-719	
-2850	8794	-5946	-1486	2186	-692	
-2745	8771	-6027	-1506	2181	-665	
-2640	8748	-6109	-1526	2175	-640	
-2535	8723	-6190	-1546	2168	-615	
-2429	8696	-6268	-1565	2161	-588	
-2323	8668	-6346	-1586	2154	-563	
-2218	8638	-6424	-1604	2146	-535	
-2111	8608	-6501	-1621	2139	-508	
-2005	8576	-6576	-1641	2131	-482	
-1899	8544	-6650	-1659	2121	-455	
-1791	8510	-6724	-1677	2113	-428	
-1683	8473	-6796	-1695	2105	-401	
-1576	8436	-6868	-1714	2095	-375	
-1467	8398	-6939	-1730	2085	-347	
-1360	8359	-7008	-1747	2075	-322	
-1251	8319	-7075	-1764	2064	-295	
-1140	8276	-7143	-1780	2054	-267	
-1032	8234	-7209	-1797	2042	-241	
-922	8189	-7275	-1812	2032	-213	
-812	8143	-7339	-1828	2020	-187	
-703	8097	-7401	-1844	2009	-161	
-593	8049	-7463	-1856	1998	-134	
-484	8000	-7523	-1873	1984	-108	
-374	7949	-7583	-1888	1970	-82	
-265	7898	-7642	-1903	1958	-57	
-155	7845	-7699	-1917	1944	-33	
-43	7790	-7754	-1930	1931	-8	
65	7735	-7809	-1944	1916	16	
174	7678	-7862	-1957	1902	43	
285	7621	-7915	-1969	1889	73	
394	7563	-7968	-1982	1873	109	
504	7503	-8018	-1993	1858	149	
613	7442	-8066	-2006	1844	185	
722	7379	-8113	-2017	1828	212	
831	7316	-8161	-2028	1811	233	
943	7253	-8206	-2040	1795	254	
1051	7187	-8250	-2052	1778	277	
1160	7121	-8294	-2061	1762	306	
1269	7053	-8335	-2072	1745	336	
1377	6985	-8375	-2081	1727	365	
1487	6916	-8413	-2090	1710	391	
1596	6845	-8450	-2101	1691	417	
1704	6773	-8487	-2108	1673	443	
1811	6700	-8522	-2117	1655	471	
1917	6626	-8556	-2128	1635	497	
2025	6551	-8590	-2133	1619	525	
2132	6475	-8621	-2141	1599	552	
2239	6399	-8650	-2150	1579	578	
2344	6322	-8680	-2155	1560	605	
2448	6244	-8707	-2162	1539	631	
2554	6164	-8732	-2168	1520	656	
2660	6083	-8758	-2174	1500	683	
2764	6002	-8781	-2180	1479	710	
2868	5920	-8802	-2185	1459	736	
2971	5836	-8825	-2190	1439	762	
3075	5752	-8845	-2195	1418	789	
3179	5668	-8862	-2198	1396	815	
3281	5582	-8879	-2202	1375	838	
3384	5496	-8894	-2207	1352	863	
3486	5408	-8908	-2208	1331	891	
3585	5319	-8921	-2212	1310	914	
3687	5230	-8933	-2217	1284	937	
3787	5140	-8943	-2218	1262	963	
3886	5050	-8952	-2221	1240	989	
3983	4959	-8958	-2222	1217	1014	
4080	4866	-8964	-2222	1194	1038	
4178	4773	-8969	-2224	1171	1063	
4275	4681	-8973	-2225	1148	1086	
4372	4587	-8975	-2225	1124	1109	
4466	4491	-8975	-2223	1101	1134	
4561	4396	-8975	-2224	1077	1158	
4656	4300	-8973	-2224	1053	1181	
4749	4202	-8969	-2221	1029	1205	
4841	4105	-8964	-2221	1004	1228	
4932	4008	-8959	-2220	979	1251	
5025	3908	-8951	-2218	953	1273	
5115	3808	-8943	-2215	929	1296	
5206	3709	-8932	-2213	904	1317	
5294	3609	-8921	-2210	879	1339	
5381	3508	-8908	-2206	855	1361	
5468	3405	-8892	-2201	830	1383	
5554	3303	-8877	-2197	803	1406	
5640	3199	-8861	-2196	776	1425	
5725	3099	-8842	-2189	754	1447	
5809	2995	-8823	-2183	728	1468	
5893	2889	-8803	-2180	698	1487	
5976	2786	-8781	-2172	673	1509	
6057	2681	-8756	-2167	648	1529	
6135	2576	-8731	-2161	620	1548	
6215	2470	-8706	-2154	595	1569	
6293	2364	-8678	-2146	570	1588	
6370	2258	-8649	-2140	542	1607	
6448	2152	-8619	-2133	515	1626	
6524	2044	-8588	-2124	489	1644	
6599	1937	-8554	-2116	462	1664	
6672	1830	-8521	-2107	435	1682	
6743	1722	-8487	-2097	410	1700	
6816	1613	-8449	-2089	384	1719	
6885	1505	-8411	-2079	356	1734	
6954	1397	-8372	-2070	328	1752	
7023	1288	-8332	-2059	301	1771	
7091	1179	-8291	-2048	274	1786	
7158	1070	-8247	-2038	248	1802	
7223	959	-8204	-2027	222	1819	
7286	850	-8158	-2016	196	1835	
7349	741	-8112	-2003	169	1850	
7410	631	-8064	-1992	142	1865	
7472	522	-8015	-1979	116	1881	
7533	411	-7965	-1966	90	1896	
7591	301	-7914	-1954	66	1909	
7648	191	-7861	-1940	40	1924	
7704	81	-7807	-1926	13	1939	
7760	-29	-7752	-1914	-16	1951	
7814	-139	-7696	-1900	-49	1965	
7867	-249	-7638	-1886	-85	1978	
7918	-358	-7581	-1870	-122	1990	
7967	-468	-7521	-1855	-151	2003	
8017	-578	-7460	-1840	-175	2014	
8066	-687	-7398	-1826	-196	2026	
8113	-797	-7335	-1810	-220	2038	
8158	-907	-7271	-1792	-249	2049	
8202	-1015	-7206	-1777	-277	2059	
8245	-1124	-7140	-1759	-305	2071	
8286	-1234	-7073	-1743	-332	2082	
8327	-1342	-7005	-1726	-358	2091	
8366	-1452	-6935	-1709	-386	2102	
8404	-1559	-6865	-1692	-414	2110	
8441	-1667	-6794	-1673	-441	2120	
8476	-1776	-6721	-1655	-468	2127	
8511	-1882	-6648	-1637	-494	2135	
8544	-1990	-6573	-1618	-522	2145	
8574	-2097	-6496	-1600	-549	2152	
8605	-2204	-6420	-1580	-574	2160	
8634	-2310	-6342	-1562	-602	2166	
8661	-2416	-6264	-1542	-629	2172	
8688	-2522	-6186	-1521	-654	2179	
8713	-2628	-6105	-1502	-681	2185	
8737	-2733	-6023	-1482	-707	2191	
8760	-2838	-5943	-1462	-733	2196	
8781	-2943	-5860	-1440	-760	2201	
8800	-3045	-5776	-1420	-785	2206	
8819	-3147	-5691	-1399	-810	2211	
8837	-3250	-5605	-1378	-836	2214	
8853	-3353	-5518	-1356	-862	2218	
8867	-3455	-5431	-1335	-887	2222	
8881	-3556	-5343	-1314	-912	2225	
8893	-3657	-5255	-1290	-936	2229	
8902	-3756	-5165	-1266	-960	2231	
8912	-3857	-5074	-1244	-986	2232	
8921	-3955	-4983	-1221	-1011	2236	
8926	-4053	-4891	-1200	-1037	2236	
8931	-4151	-4799	-1177	-1061	2237	
8936	-4248	-4705	-1154	-1085	2238	
8938	-4344	-4611	-1131	-1110	2238	
8939	-4440	-4516	-1106	-1132	2239	
8938	-4535	-4421	-1083	-1156	2238	
8935	-4630	-4323	-1058	-1179	2238	
8933	-4723	-4227	-1035	-1203	2238	
8928	-4816	-4130	-1010	-1227	2235	
8923	-4909	-4031	-984	-1249	2234	
8917	-5001	-3933	-961	-1272	2232	
8908	-5092	-3833	-935	-1293	2229	
8898	-5181	-3733	-911	-1316	2227	
8887	-5271	-3633	-887	-1340	2224	
8875	-5360	-3532	-863	-1361	2220	
8860	-5448	-3431	-837	-1383	2217	
8845	-5534	-3328	-811	-1406	2213	
8830	-5619	-3225	-786	-1427	2209	
8812	-5705	-3123	-759	-1447	2205	
8793	-5790	-3019	-735	-1468	2200	
8773	-5873	-2914	-708	-1489	2194	
8750	-5956	-2810	-683	-1509	2189	
8728	-6037	-2705	-659	-1531	2182	
8704	-6118	-2600	-631	-1549	2176	
8677	-6198	-2494	-605	-1569	2169	
8650	-6277	-2388	-579	-1590	2162	
8622	-6355	-2280	-553	-1610	2153	
8593	-6432	-2175	-529	-1629	2145	
8561	-6508	-2069	-500	-1646	2141	
8529	-6583	-1959	-472	-1664	2132	
8497	-6656	-1852	-446	-1683	2124	
8462	-6730	-1745	-419	-1701	2115	
8426	-6802	-1637	-394	-1719	2104	
8389	-6873	-1529	-366	-1736	2095	
8351	-6943	-1420	-340	-1755	2085	
8310	-7011	-1310	-314	-1771	2075	
8269	-7079	-1201	-285	-1786	2064	
8226	-7147	-1092	-259	-1803	2054	
8183	-7211	-982	-233	-1821	2043	
8139	-7276	-874	-206	-1838	2032	
8092	-7340	-763	-179	-1852	2020	
8045	-7401	-654	-153	-1867	2008	
7999	-7464	-545	-127	-1883	1996	
7948	-7524	-434	-100	-1899	1982	
7897	-7583	-324	-75	-1912	1971	
7845	-7641	-214	-48	-1926	1958	
7791	-7698	-103	-23	-1941	1943	
7738	-7753	7	4	-1954	1931	
7681	-7808	117	29	-1967	1916	
7625	-7860	226	56	-1980	1902	
7568	-7913	335	87	-1993	1889	
7507	-7964	447	118	-2006	1874	
7448	-8012	557	150	-2018	1858	
7386	-8063	667	183	-2030	1842	
7324	-8109	776	210	-2042	1826	
7261	-8154	886	236	-2053	1810	
7196	-8200	996	259	-2064	1793	
7132	-8244	1105	285	-2075	1777	
7065	-8286	1214	314	-2084	1760	
6997	-8326	1323	340	-2095	1744	
6928	-8366	1432	369	-2105	1727	
6858	-8405	1540	396	-2114	1709	
6786	-8442	1649	423	-2123	1690	
6714	-8478	1757	450	-2132	1673	
6642	-8513	1865	476	-2141	1654	
6568	-8547	1973	502	-2149	1636	
6493	-8579	2081	528	-2157	1617	
6418	-8610	2188	555	-2164	1598	
6340	-8639	2295	581	-2172	1578	
6261	-8668	2402	608	-2177	1559	
6182	-8694	2508	635	-2184	1538	
6104	-8720	2614	660	-2191	1519	
6023	-8744	2719	686	-2196	1500	
5941	-8767	2823	711	-2203	1478	
5860	-8789	2927	739	-2207	1458	
5776	-8809	3031	765	-2212	1436	
5692	-8828	3133	788	-2219	1414	
5608	-8845	3236	816	-2221	1394	
5520	-8863	3339	841	-2225	1372	
5434	-8878	3442	866	-2230	1351	
5347	-8890	3543	892	-2233	1329	
5259	-8903	3644	915	-2235	1306	
5170	-8914	3745	941	-2237	1284	
5079	-8924	3845	965	-2240	1262	
4989	-8933	3944	990	-2241	1239	
4897	-8939	4043	1014	-2243	1216	
4806	-8945	4141	1038	-2244	1194	
4712	-8949	4239	1063	-2244	1170	
4618	-8952	4335	1087	-2245	1146	
4525	-8953	4431	1111	-2245	1122	
4429	-8954	4526	1134	-2246	1099	
4334	-8952	4620	1157	-2246	1075	
4237	-8950	4715	1181	-2244	1051	
4139	-8947	4809	1203	-2242	1027	
4043	-8940	4903	1226	-2242	1002	
3945	-8934	4993	1249	-2240	977	
3846	-8926	5085	1271	-2237	952	
3747	-8917	5175	1294	-2236	928	
3646	-8907	5264	1316	-2232	903	
3547	-8895	5354	1339	-2228	878	
3443	-8881	5442	1360	-2224	851	
3342	-8866	5529	1382	-2221	828	
3242	-8850	5616	1404	-2217	803	
3138	-8834	5702	1422	-2213	776	
3035	-8814	5786	1444	-2208	751	
2932	-8794	5869	1464	-2203	725	
2827	-8773	5952	1485	-2198	699	
2722	-8750	6035	1505	-2192	673	
2617	-8727	6116	1525	-2186	646	
2511	-8702	6196	1547	-2178	620	
2407	-8675	6275	1565	-2171	593	
2301	-8646	6354	1584	-2165	567	
2195	-8618	6431	1603	-2157	541	
2089	-8588	6506	1623	-2147	514	
1981	-8556	6583	1641	-2140	488	
1875	-8523	6658	1660	-2133	462	
1768	-8489	6730	1678	-2124	434	
1660	-8453	6803	1694	-2116	407	
1551	-8416	6875	1713	-2105	381	
1442	-8378	6945	1730	-2096	354	
1335	-8338	7015	1747	-2086	328	
1226	-8298	7082	1764	-2075	301	
1117	-8257	7150	1780	-2065	274	
1008	-8213	7217	1796	-2053	248	
899	-8169	7281	1811	-2043	220	
789	-8123	7346	1829	-2030	194	
680	-8075	7408	1844	-2017	169	
570	-8028	7470	1858	-2008	142	
460	-7979	7530	1873	-1994	117	
350	-7929	7589	1888	-1982	92	
240	-7877	7649	1903	-1969	66	
131	-7824	7705	1917	-1954	42	
21	-7770	7761	1931	-1941	18	
-90	-7714	7816	1944	-1927	-9	
-199	-7656	7871	1957	-1913	-41	
-308	-7600	7923	1969	-1899	-81	
-419	-7542	7974	1982	-1884	-125	
-527	-7482	8024	1996	-1869	-159	
-638	-7421	8073	2007	-1852	-180	
-748	-7359	8120	2018	-1837	-196	
-856	-7295	8167	2030	-1820	-217	
-967	-7232	8212	2039	-1805	-245	
-1076	-7167	8256	2051	-1789	-277	
-1185	-7100	8299	2061	-1771	-307	
-1295	-7031	8340	2071	-1755	-333	
-1402	-6963	8381	2082	-1737	-359	
-1511	-6894	8420	2090	-1720	-385	
-1619	-6823	8457	2100	-1702	-412	
-1726	-6752	8494	2109	-1684	-440	
-1834	-6679	8529	2119	-1667	-465	
-1941	-6605	8562	2127	-1646	-493	
-2047	-6530	8595	2133	-1628	-521	
-2153	-6455	8627	2142	-1609	-546	
-2259	-6378	8656	2150	-1589	-573	
-2364	-6301	8685	2156	-1571	-601	
-2470	-6222	8713	2162	-1552	-626	
-2575	-6143	8738	2168	-1531	-652	
-2681	-6063	8764	2174	-1510	-679	
-2788	-5981	8789	2179	-1489	-705	
-2890	-5899	8809	2185	-1469	-729	
-2995	-5816	8830	2191	-1448	-756	
-3098	-5731	8850	2195	-1427	-782	
-3200	-5647	8867	2198	-1406	-808	
-3304	-5561	8885	2203	-1384	-834	
-3407	-5474	8900	2209	-1361	-859	
-3508	-5387	8914	2209	-1340	-885	
-3608	-5298	8927	2212	-1320	-910	
-3709	-5210	8939	2216	-1295	-934	
-3808	-5121	8949	2218	-1273	-959	
-3906	-5029	8957	2220	-1251	-983	
-4004	-4938	8964	2221	-1226	-1008	
-4103	-4847	8970	2223	-1204	-1032	
-4201	-4753	8975	2224	-1180	-1057	
-4298	-4660	8979	2225	-1157	-1081	
-4395	-4566	8981	2225	-1133	-1105	
-4489	-4471	8980	2224	-1110	-1130	
-4585	-4376	8980	2224	-1086	-1152	
-4677	-4279	8978	2225	-1061	-1176	
-4771	-4183	8974	2222	-1039	-1200	
-4865	-4085	8970	2221	-1015	-1222	
-4956	-3987	8963	2220	-989	-1245	
-5047	-3887	8956	2217	-965	-1267	
-5137	-3788	8948	2215	-939	-1289	
-5227	-3687	8937	2213	-914	-1312	
-5314	-3586	8926	2210	-890	-1334	
-5403	-3486	8912	2206	-864	-1356	
-5490	-3384	8899	2202	-838	-1378	
-5576	-3282	8883	2197	-813	-1400	
-5662	-3179	8866	2195	-786	-1421	
-5747	-3076	8848	2190	-761	-1442	
-5833	-2972	8828	2183	-735	-1463	
-5915	-2869	8807	2180	-709	-1482	
-5996	-2765	8786	2173	-683	-1504	
-6078	-2659	8761	2166	-656	-1524	
-6157	-2554	8737	2160	-630	-1544	
-6235	-2448	8711	2154	-605	-1564	
-6316	-2342	8684	2147	-578	-1584	
-6394	-2236	8655	2139	-551	-1602	
-6471	-2130	8625	2132	-524	-1621	
-6546	-2022	8594	2123	-497	-1640	
-6620	-1915	8560	2116	-471	-1658	
-6695	-1808	8527	2109	-444	-1676	
-6766	-1699	8491	2099	-417	-1695	
-6838	-1591	8455	2090	-389	-1712	
-6909	-1483	8417	2081	-362	-1728	
-6978	-1375	8377	2070	-337	-1748	
-7046	-1266	8338	2059	-311	-1765	
-7114	-1157	8296	2049	-283	-1780	
-7181	-1048	8254	2038	-256	-1796	
-7246	-938	8210	2027	-230	-1813	
-7309	-829	8164	2016	-202	-1828	
-7372	-720	8118	2004	-176	-1845	
-7433	-610	8069	1993	-149	-1859	
-7494	-500	8021	1980	-122	-1874	
-7555	-390	7971	1966	-98	-1891	
-7614	-281	7919	1956	-69	-1903	
-7669	-170	7867	1940	-45	-1918	
-7725	-59	7813	1927	-21	-1934	
-7782	50	7758	1915	6	-1945	
-7835	160	7702	1900	31	-1959	
-7888	270	7644	1886	59	-1972	
-7941	378	7585	1871	91	-1984	
-7990	489	7525	1858	125	-1998	
-8040	599	7466	1841	161	-2009	
-8088	710	7404	1824	192	-2022	
-8134	819	7341	1810	218	-2033	
-8181	928	7278	1792	240	-2043	
-8225	1038	7212	1778	266	-2056	
-8267	1146	7145	1762	291	-2066	
-8308	1256	7078	1743	318	-2076	
-8350	1364	7010	1725	349	-2085	
-8389	1472	6941	1708	376	-2095	
-8428	1582	6870	1691	403	-2105	
-8465	1689	6799	1674	429	-2113	
-8498	1797	6726	1656	456	-2123	
-8533	1905	6652	1637	483	-2131	
-8567	2012	6578	1619	510	-2140	
-8599	2119	6503	1601	536	-2146	
-8630	2226	6427	1580	562	-2154	
-8657	2332	6349	1562	590	-2161	
-8685	2439	6271	1543	617	-2168	
-8712	2544	6190	1523	643	-2175	
-8737	2650	6110	1504	670	-2180	
-8761	2755	6030	1483	696	-2185	
-8782	2861	5947	1461	721	-2191	
-8803	2964	5865	1441	748	-2196	
-8823	3066	5781	1420	774	-2201	
-8844	3171	5696	1399	798	-2205	
-8861	3273	5611	1378	825	-2209	
-8876	3375	5524	1357	851	-2214	
-8890	3477	5437	1334	876	-2216	
-8903	3578	5349	1312	901	-2219	
-8914	3678	5260	1289	925	-2222	
-8925	3778	5171	1269	950	-2225	
-8934	3879	5080	1247	976	-2227	
-8944	3978	4989	1223	1000	-2229	
-8950	4075	4897	1200	1025	-2230	
-8954	4173	4804	1176	1049	-2231	
-8959	4271	4710	1154	1073	-2232	
-8960	4367	4616	1130	1098	-2232	
-8961	4463	4522	1105	1122	-2232	
-8961	4558	4426	1083	1146	-2232	
-8960	4651	4330	1059	1168	-2231	
-8957	4746	4232	1035	1193	-2231	
-8952	4839	4135	1010	1215	-2229	
-8947	4931	4037	986	1236	-2228	
-8940	5023	3938	962	1261	-2226	
-8931	5114	3839	937	1284	-2224	
-8923	5204	3739	910	1305	-2223	
-8910	5293	3639	887	1328	-2218	
-8897	5380	3537	864	1350	-2214	
-8884	5468	3436	837	1371	-2211	
-8870	5557	3334	813	1393	-2208	
-8853	5642	3231	788	1415	-2203	
-8835	5727	3129	761	1436	-2198	
-8816	5812	3025	736	1457	-2194	
-8794	5894	2921	710	1477	-2189	
-8773	5977	2816	685	1498	-2181	
-8751	6059	2711	659	1519	-2175	
-8726	6139	2607	632	1538	-2171	
-8701	6219	2502	606	1560	-2163	
-8674	6299	2395	580	1579	-2156	
-8646	6376	2289	552	1597	-2150	
-8617	6453	2182	526	1616	-2141	
-8585	6530	2075	500	1635	-2134	
-8552	6604	1967	474	1654	-2126	
-8519	6678	1858	449	1673	-2118	
-8486	6751	1751	422	1689	-2109	
-8450	6824	1643	395	1707	-2099	
-8412	6894	1535	368	1726	-2091	
-8374	6964	1426	343	1742	-2080	
-8333	7033	1317	315	1760	-2069	
-8292	7101	1208	288	1777	-2060	
-8250	7168	1099	263	1793	-2049	
-8206	7233	989	235	1809	-2038	
-8161	7299	878	209	1825	-2027	
-8116	7362	769	182	1841	-2014	
-8069	7424	660	156	1857	-2001	
-8021	7485	550	131	1872	-1990	
-7971	7545	441	104	1887	-1979	
-7919	7604	330	79	1901	-1965	
-7866	7663	220	53	1915	-1951	
-7814	7719	110	29	1930	-1938	
-7760	7775	0	-2	1942	-1925	
-7705	7829	-110	-34	1957	-1912	
-7648	7882	-220	-66	1971	-1897	
-7590	7934	-331	-103	1980	-1884	
-7531	7985	-441	-132	1994	-1868	
-7472	8036	-551	-157	2008	-1852	
-7411	8083	-660	-180	2018	-1836	
-7347	8131	-771	-204	2031	-1821	
-7282	8177	-880	-231	2042	-1805	
-7220	8222	-988	-259	2053	-1788	
-7155	8265	-1098	-288	2063	-1772	
-7088	8308	-1208	-315	2074	-1755	
-7020	8349	-1317	-341	2084	-1738	
-6951	8388	-1425	-369	2094	-1720	
-6882	8426	-1535	-396	2103	-1703	
-6809	8463	-1643	-422	2113	-1686	
-6737	8499	-1750	-450	2121	-1668	
-6666	8534	-1858	-477	2128	-1649	
-6591	8567	-1964	-503	2138	-1629	
-6517	8599	-2072	-529	2146	-1611	
-6441	8631	-2179	-555	2153	-1593	
-6363	8660	-2287	-582	2161	-1573	
-6284	8688	-2394	-609	2168	-1554	
-6206	8715	-2500	-634	2174	-1534	
-6126	8740	-2606	-661	2180	-1514	
-6045	8765	-2711	-688	2185	-1493	
-5966	8788	-2815	-711	2191	-1471	
-5882	8809	-2920	-738	2198	-1452	
-5798	8830	-3023	-764	2202	-1431	
-5715	8848	-3127	-789	2207	-1409	
-5629	8866	-3230	-816	2210	-1389	
-5544	8883	-3333	-840	2214	-1366	
-5456	8899	-3435	-867	2218	-1345	
-5370	8911	-3536	-891	2221	-1324	
-5282	8923	-3638	-915	2225	-1301	
-5193	8936	-3737	-941	2227	-1279	
-5103	8944	-3837	-965	2229	-1255	
-5011	8953	-3938	-990	2230	-1232	
-4921	8960	-4036	-1014	2231	-1211	
-4828	8964	-4134	-1038	2234	-1188	
-4734	8970	-4231	-1062	2235	-1164	
-4641	8973	-4328	-1086	2235	-1141	
-4547	8973	-4424	-1111	2235	-1118	
-4452	8974	-4520	-1134	2234	-1093	
-4357	8974	-4614	-1159	2232	-1069	
-4260	8971	-4709	-1180	2233	-1044	
-4163	8966	-4802	-1204	2232	-1021	
-4065	8961	-4895	-1228	2231	-997	
-3966	8955	-4987	-1250	2229	-973	
-3868	8947	-5078	-1272	2226	-947	
-3768	8937	-5168	-1293	2225	-921	
-3668	8927	-5259	-1318	2220	-897	
-3569	8915	-5347	-1339	2218	-872	
-3467	8902	-5435	-1360	2216	-846	
-3366	8887	-5523	-1382	2210	-821	
-3263	8871	-5609	-1403	2206	-797	
-3160	8854	-5693	-1424	2201	-770	
-3057	8835	-5779	-1444	2197	-744	
-2953	8815	-5862	-1466	2192	-718	
-2850	8794	-5945	-1486	2186	-692	
-2745	8771	-6028	-1506	2180	-667	
-2640	8749	-6109	-1527	2174	-641	
-2535	8723	-6189	-1545	2168	-614	
-2429	8696	-6269	-1565	2160	-588	
-2323	8668	-6347	-1584	2154	-560	
-2216	8638	-6424	-1603	2147	-534	
-2111	8608	-6501	-1622	2139	-508	
-2003	8576	-6577	-1639	2132	-480	
-1897	8544	-6651	-1659	2122	-454	
-1792	8510	-6724	-1677	2113	-427	
-1684	8473	-6797	-1694	2103	-401	
-1576	8437	-6868	-1712	2093	-375	
-1466	8399	-6939	-1729	2085	-347	
-1358	8359	-7009	-1747	2075	-321	
-1250	8318	-7077	-1763	2065	-294	
-1141	8277	-7144	-1780	2054	-267	
-1032	8233	-7210	-1797	2042	-240	
-922	8188	-7275	-1812	2032	-212	
-813	8143	-7339	-1828	2020	-186	
-702	8096	-7402	-1843	2009	-160	
-593	8049	-7463	-1858	1997	-133	
-483	8000	-7524	-1873	1983	-109	
-372	7949	-7583	-1888	1970	-83	
-263	7897	-7642	-1903	1957	-57	
-154	7844	-7700	-1918	1944	-32	
-45	7790	-7754	-1931	1930	-8	
66	7735	-7810	-1944	1917	16	
176	7679	-7863	-1957	1902	43	
286	7621	-7916	-1970	1887	73	
396	7563	-7968	-1983	1872	108	
504	7502	-8017	-1995	1857	148	
613	7441	-8066	-2006	1843	185	
723	7380	-8114	-2017	1828	212	
834	7316	-8161	-2031	1810	231	
941	7252	-8205	-2041	1795	253	
1050	7186	-8250	-2051	1778	278	
1160	7120	-8293	-2062	1762	306	
1269	7053	-8333	-2072	1745	336	
1378	6984	-8375	-2082	1727	365	
1487	6915	-8413	-2091	1709	392	
1595	6844	-8450	-2100	1691	418	
1702	6773	-8487	-2109	1673	444	
1810	6700	-8524	-2117	1655	472	
1918	6626	-8557	-2125	1637	499	
2024	6552	-8589	-2134	1618	524	
2133	6476	-8621	-2140	1599	552	
2240	6399	-8651	-2148	1580	579	
2345	6322	-8680	-2156	1559	604	
2451	6243	-8706	-2161	1540	632	
2556	6163	-8733	-2168	1521	658	
2660	6082	-8758	-2174	1499	684	
2764	6001	-8781	-2179	1480	710	
2868	5919	-8803	-2185	1458	736	
2973	5837	-8824	-2189	1437	761	
3076	5753	-8843	-2194	1416	786	
3178	5667	-8861	-2197	1395	814	
3282	5582	-8878	-2202	1376	840	
3385	5494	-8895	-2207	1352	864	
3485	5406	-8908	-2209	1331	890	
3585	5319	-8920	-2213	1309	915	
3686	5230	-8932	-2216	1285	939	
3784	5140	-8943	-2217	1263	964	
3883	5050	-8951	-2220	1241	990	
3984	4959	-8959	-2222	1217	1013	
4082	4866	-8966	-2222	1195	1038	
4178	4773	-8969	-2223	1172	1062	
4274	4679	-8972	-2224	1146	1085	
4370	4585	-8975	-2225	1124	1110	
4466	4490	-8976	-2225	1100	1133	
4562	4395	-8975	-2224	1076	1157	
4656	4299	-8972	-2223	1053	1181	
4748	4201	-8969	-2223	1027	1205	
4841	4104	-8964	-2220	1003	1228	
4934	4007	-8958	-2219	979	1250	
5025	3908	-8951	-2218	954	1272	
5115	3809	-8942	-2214	930	1295	
5204	3708	-8932	-2213	905	1317	
5294	3607	-8921	-2210	879	1339	
5382	3507	-8907	-2206	853	1361	
5469	3405	-8893	-2202	829	1384	
5556	3303	-8878	-2198	803	1405	
5641	3201	-8862	-2195	776	1425	
5726	3098	-8843	-2188	752	1447	
5808	2995	-8823	-2183	726	1468	
5891	2889	-8803	-2179	699	1488	
5975	2785	-8780	-2173	672	1508	
6056	2681	-8756	-2167	647	1529	
6137	2576	-8731	-2161	621	1549	
6217	2470	-8706	-2154	594	1569	
6295	2364	-8678	-2146	568	1590	
6371	2257	-8648	-2139	542	1608	
6447	2151	-8619	-2132	515	1626	
6523	2044	-8588	-2124	488	1645	
6597	1936	-8555	-2115	463	1664	
6672	1829	-8521	-2105	437	1683	
6744	1721	-8486	-2098	409	1699	
6816	1613	-8449	-2087	383	1718	
6887	1505	-8412	-2078	356	1736	
6955	1395	-8373	-2071	328	1751	
7023	1286	-8332	-2060	301	1770	
7089	1178	-8290	-2049	274	1786	
7156	1069	-8247	-2039	248	1802	
7224	959	-8203	-2027	221	1818	
7288	850	-8158	-2016	194	1834	
7350	740	-8111	-2005	169	1850	
7412	630	-8064	-1992	142	1864	
7473	521	-8015	-1980	116	1880	
7532	411	-7964	-1967	90	1896	
7591	301	-7914	-1953	65	1910	
7648	191	-7861	-1940	40	1923	
7704	80	-7807	-1926	13	1938	
7760	-30	-7752	-1913	-16	1951	
7813	-138	-7696	-1900	-49	1964	
7867	-249	-7639	-1885	-86	1977	
7920	-359	-7580	-1870	-122	1990	
7968	-468	-7520	-1856	-152	2003	
8016	-578	-7460	-1841	-175	2015	
8064	-688	-7398	-1826	-197	2026	
8111	-798	-7335	-1809	-220	2038	
8156	-907	-7271	-1794	-250	2049	
8202	-1017	-7206	-1778	-278	2059	
8245	-1125	-7139	-1759	-305	2071	
8287	-1234	-7072	-1745	-333	2080	
8327	-1343	-7004	-1727	-360	2091	
8365	-1452	-6935	-1708	-387	2102	
8404	-1561	-6865	-1691	-413	2110	
8441	-1668	-6793	-1673	-441	2119	
8476	-1775	-6720	-1655	-468	2129	
8511	-1883	-6647	-1637	-494	2137	
8545	-1991	-6573	-1619	-521	2144	
8575	-2098	-6497	-1600	-548	2153	
8606	-2205	-6420	-1580	-574	2160	
8635	-2311	-6344	-1561	-601	2166	
8662	-2417	-6264	-1542	-628	2174	
8689	-2523	-6185	-1521	-654	2179	
8715	-2628	-6105	-1502	-680	2186	
8738	-2732	-6023	-1483	-708	2191	
8759	-2837	-5943	-1461	-734	2196	
8781	-2942	-5860	-1441	-759	2202	
8801	-3045	-5776	-1420	-785	2206	
8819	-3148	-5690	-1398	-810	2211	
8836	-3250	-5604	-1378	-836	2214	
8852	-3353	-5518	-1356	-861	2218	
8867	-3455	-5430	-1334	-887	2222	
8880	-3556	-5342	-1313	-913	2225	
8891	-3657	-5254	-1289	-937	2229	
8902	-3757	-5164	-1267	-961	2230	
8912	-3856	-5074	-1244	-986	2232	
8920	-3955	-4982	-1221	-1011	2235	
8925	-4055	-4890	-1199	-1037	2235	
8930	-4152	-4798	-1176	-1061	2237	
8934	-4249	-4704	-1154	-1084	2238	
8936	-4345	-4609	-1130	-1109	2238	
8939	-4440	-4515	-1106	-1132	2238	
8939	-4537	-4420	-1083	-1156	2237	
8936	-4631	-4323	-1059	-1180	2237	
8932	-4724	-4228	-1035	-1202	2236	
8927	-4818	-4129	-1010	-1227	2236	
8923	-4909	-4031	-987	-1249	2233	
8917	-5001	-3933	-961	-1271	2231	
8908	-5092	-3833	-936	-1295	2229	
8897	-5182	-3733	-913	-1318	2226	
8887	-5272	-3632	-886	-1340	2224	
8875	-5360	-3531	-862	-1362	2220	
8860	-5448	-3430	-838	-1383	2217	
8846	-5535	-3327	-811	-1405	2212	
8828	-5620	-3225	-785	-1426	2208	
8810	-5705	-3122	-760	-1446	2203	
8793	-5790	-3018	-735	-1468	2199	
8773	-5873	-2914	-708	-1488	2194	
8752	-5956	-2810	-683	-1509	2188	
8728	-6038	-2705	-657	-1531	2183	
8703	-6119	-2600	-630	-1549	2177	
8676	-6198	-2494	-605	-1569	2168	
8650	-6278	-2387	-580	-1591	2160	
8622	-6355	-2281	-553	-1610	2153	
8591	-6431	-2173	-525	-1628	2146	
8562	-6508	-2067	-499	-1646	2141	
8531	-6583	-1960	-473	-1665	2132	
8496	-6657	-1852	-446	-1683	2122	
8460	-6730	-1744	-418	-1701	2114	
8424	-6802	-1636	-393	-1719	2104	
8388	-6873	-1528	-367	-1737	2095	
8349	-6943	-1420	-339	-1754	2086	
8311	-7012	-1310	-312	-1770	2076	
8269	-7079	-1201	-286	-1787	2066	
8226	-7146	-1091	-258	-1803	2054	
8183	-7213	-983	-232	-1819	2043	
8138	-7278	-873	-206	-1837	2031	
8092	-7340	-763	-179	-1854	2020	
8044	-7403	-654	-153	-1867	2008	
7996	-7464	-544	-126	-1883	1996	
7947	-7524	-433	-100	-1897	1983	
7897	-7583	-323	-74	-1912	1971	
7845	-7641	-213	-48	-1927	1958	
7791	-7697	-102	-23	-1940	1943	
7735	-7753	7	4	-1954	1931	
7680	-7808	117	29	-1967	1916	
7624	-7861	228	56	-1980	1901	
7566	-7913	336	87	-1993	1889	
7508	-7964	447	118	-2006	1873	
7447	-8013	557	151	-2019	1857	
7386	-8062	667	182	-2030	1842	
7325	-8109	776	210	-2042	1826	
7261	-8155	886	235	-2053	1809	
7195	-8200	996	259	-2064	1794	
7129	-8243	1105	285	-2075	1777	
7063	-8286	1215	312	-2085	1760	
6996	-8326	1323	341	-2096	1744	
6927	-8367	1433	368	-2106	1726	
6856	-8406	1541	395	-2114	1708	
6786	-8442	1649	423	-2123	1690	
6715	-8478	1758	448	-2134	1671	
6641	-8513	1865	476	-2142	1654	
6567	-8547	1973	502	-2149	1636	
6492	-8579	2081	528	-2157	1616	
6416	-8609	2189	555	-2164	1598	
6340	-8639	2296	581	-2171	1579	
6263	-8668	2401	608	-2178	1558	
6183	-8695	2507	634	-2185	1539	
6104	-8720	2614	661	-2190	1519	
6024	-8744	2718	687	-2197	1497	
5942	-8768	2822	712	-2203	1478	
5859	-8789	2928	739	-2207	1457	
5776	-8809	3031	765	-2212	1436	
5692	-8829	3134	788	-2216	1416	
5606	-8845	3238	814	-2222	1393	
5521	-8862	3340	841	-2225	1373	
5434	-8877	3441	866	-2228	1350	
5346	-8890	3543	891	-2231	1329	
5257	-8903	3644	916	-2234	1308	
5167	-8915	3745	941	-2237	1284	
5078	-8924	3845	965	-2240	1261	
4988	-8932	3944	990	-2241	1239	
4896	-8939	4043	1014	-2243	1217	
4805	-8944	4141	1040	-2244	1193	
4711	-8949	4238	1063	-2244	1170	
4617	-8951	4335	1087	-2244	1146	
4524	-8953	4432	1112	-2245	1123	
4427	-8955	4526	1133	-2246	1098	
4332	-8952	4621	1158	-2245	1074	
4236	-8950	4717	1181	-2244	1051	
4140	-8947	4810	1202	-2243	1026	
4043	-8941	4902	1227	-2241	1002	
3943	-8934	4993	1249	-2240	978	
3843	-8926	5085	1271	-2237	954	
3744	-8917	5176	1294	-2235	927	
3646	-8906	5265	1316	-2233	903	
3545	-8894	5354	1338	-2228	878	
3443	-8881	5442	1360	-2225	852	
3342	-8866	5529	1382	-2221	827	
3240	-8850	5616	1403	-2217	802	
3138	-8833	5701	1423	-2214	777	
3035	-8815	5786	1445	-2208	751	
2930	-8795	5870	1466	-2202	725	
2826	-8773	5952	1485	-2197	699	
2722	-8751	6034	1506	-2190	673	
2618	-8727	6116	1527	-2184	647	
2514	-8702	6196	1546	-2178	620	
2408	-8676	6275	1566	-2172	594	
2301	-8647	6354	1583	-2166	567	
2194	-8618	6432	1603	-2157	542	
2090	-8588	6507	1623	-2148	515	
1983	-8555	6583	1640	-2142	486	
1875	-8523	6659	1659	-2133	461	
1767	-8488	6731	1678	-2124	434	
1660	-8452	6804	1695	-2115	407	
1552	-8417	6875	1712	-2106	382	
1442	-8377	6945	1729	-2095	354	
1334	-8338	7015	1748	-2086	328	
1223	-8297	7082	1765	-2074	302	
1114	-8255	7151	1781	-2064	275	
1006	-8212	7217	1797	-2054	247	
897	-8168	7281	1813	-2042	221	
787	-8123	7346	1829	-2031	194	
678	-8075	7409	1844	-2019	168	
570	-8027	7470	1859	-2006	142	
459	-7979	7530	1874	-1995	117	
349	-7928	7589	1889	-1981	92	
239	-7877	7648	1902	-1969	66	
129	-7823	7706	1915	-1955	42	
21	-7770	7762	1931	-1941	18	
-88	-7715	7816	1944	-1928	-10	
-198	-7658	7870	1958	-1913	-41	
-309	-7600	7922	1970	-1899	-81	
-419	-7542	7974	1981	-1883	-124	
-528	-7482	8025	1995	-1868	-159	
-638	-7420	8073	2007	-1853	-180	
-749	-7358	8121	2019	-1836	-196	
-858	-7296	8166	2032	-1820	-217	
-966	-7231	8212	2040	-1805	-246	
-1077	-7166	8257	2050	-1789	-278	
-1185	-7099	8299	2061	-1771	-306	
-1294	-7033	8340	2072	-1755	-332	
-1405	-6964	8381	2082	-1737	-359	
-1512	-6893	8420	2091	-1720	-385	
-1619	-6823	8457	2100	-1703	-413	
-1726	-6752	8493	2108	-1683	-441	
-1834	-6678	8529	2117	-1666	-466	
-1941	-6605	8563	2125	-1648	-494	
-2047	-6530	8596	2134	-1626	-521	
-2155	-6454	8626	2141	-1608	-547	
-2260	-6379	8656	2148	-1589	-574	
-2366	-6301	8685	2155	-1570	-599	
-2473	-6222	8713	2162	-1551	-627	
-2577	-6142	8739	2169	-1529	-653	
-2681	-6061	8763	2174	-1510	-680	
-2787	-5980	8787	2179	-1489	-706	
-2892	-5898	8809	2185	-1468	-731	
-2997	-5816	8830	2190	-1448	-758	
-3099	-5731	8850	2196	-1426	-782	
-3202	-5646	8868	2198	-1407	-809	
-3304	-5561	8884	2203	-1385	-836	
-3406	-5474	8900	2208	-1361	-859	
-3509	-5386	8914	2209	-1340	-886	
-3609	-5297	8927	2211	-1320	-910	
-3707	-5209	8938	2215	-1297	-934	
-3808	-5120	8948	2218	-1273	-959	
-3908	-5029	8957	2220	-1251	-984	
-4007	-4937	8965	2222	-1228	-1009	
-4104	-4845	8971	2223	-1205	-1032	
-4200	-4753	8975	2223	-1181	-1057	
-4296	-4660	8979	2225	-1158	-1082	
-4392	-4566	8980	2224	-1134	-1106	
-4489	-4471	8981	2225	-1110	-1129	
-4585	-4375	8981	2226	-1086	-1152	
