-4507	-4451	8980	2225	-1105	-1133	
-4601	-4356	8980	2224	-1082	-1157	
-4697	-4260	8977	2224	-1058	-1181	
-4790	-4163	8974	2222	-1032	-1203	
-4882	-4066	8968	2221	-1008	-1226	
-4975	-3968	8962	2220	-984	-1250	
-5065	-3867	8955	2218	-959	-1272	
-5156	-3767	8946	2216	-934	-1295	
-5245	-3667	8935	2211	-909	-1318	
-5332	-3567	8923	2208	-885	-1339	
-5421	-3466	8910	2205	-859	-1360	
-5508	-3364	8896	2202	-833	-1382	
-5595	-3262	8879	2197	-808	-1404	
-5681	-3158	8863	2193	-781	-1424	
-5764	-3055	8845	2188	-757	-1445	
-5848	-2951	8824	2182	-731	-1467	
-5930	-2847	8803	2178	-703	-1487	
-6013	-2743	8780	2171	-678	-1509	
-6097	-2638	8756	2165	-652	-1529	
-6175	-2533	8732	2159	-626	-1548	
-6254	-2427	8706	2152	-599	-1567	
-6333	-2321	8678	2146	-573	-1586	
-6410	-2215	8649	2139	-545	-1605	
-6486	-2107	8619	2131	-519	-1625	
-6560	-2000	8587	2122	-493	-1644	
-6634	-1894	8553	2115	-466	-1662	
-6707	-1785	8520	2106	-441	-1680	
-6780	-1678	8485	2097	-412	-1697	
-6852	-1570	8448	2088	-385	-1715	
-6922	-1461	8409	2078	-358	-1733	
-6992	-1352	8370	2070	-330	-1750	
-7059	-1244	8330	2058	-305	-1768	
-7126	-1135	8288	2046	-279	-1785	
-7194	-1025	8245	2037	-251	-1800	
-7259	-917	8200	2024	-225	-1816	
-7322	-806	8154	2015	-198	-1832	
-7385	-697	8108	2003	-170	-1848	
-7447	-587	8060	1990	-144	-1863	
-7508	-477	8011	1977	-118	-1878	
-7567	-367	7960	1965	-91	-1893	
-7626	-257	7908	1953	-65	-1907	
-7681	-147	7855	1938	-40	-1921	
-7737	-38	7802	1925	-15	-1936	
-7793	72	7746	1911	10	-1949	
-7846	183	7690	1898	37	-1961	
-7899	292	7634	1883	65	-1973	
-7949	402	7575	1868	96	-1987	
-8001	512	7515	1854	133	-1999	
-8051	621	7453	1838	168	-2011	
-8098	731	7392	1822	198	-2022	
-8143	842	7329	1806	224	-2035	
-8188	951	7264	1791	245	-2046	
-8233	1060	7199	1774	270	-2056	
-8276	1170	7133	1756	295	-2068	
-8318	1279	7065	1741	325	-2078	
-8356	1387	6996	1724	355	-2088	
-8395	1495	6927	1704	380	-2098	
-8435	1604	6856	1689	408	-2106	
-8471	1712	6785	1670	435	-2115	
-8507	1820	6712	1652	461	-2124	
-8540	1928	6637	1634	489	-2132	
-8572	2035	6563	1615	516	-2139	
-8604	2142	6488	1598	543	-2147	
-8634	2248	6411	1577	570	-2154	
-8664	2355	6334	1559	595	-2162	
-8691	2461	6255	1540	622	-2167	
-8716	2566	6175	1519	650	-2174	
-8742	2671	6094	1499	675	-2182	
-8764	2776	6014	1478	701	-2186	
-8788	2880	5931	1458	729	-2191	
-8808	2985	5848	1436	753	-2198	
-8827	3087	5765	1416	779	-2201	
-8847	3191	5679	1395	805	-2206	
-8865	3293	5593	1373	829	-2211	
-8881	3396	5506	1352	856	-2214	
-8893	3497	5419	1329	881	-2218	
-8905	3597	5331	1307	907	-2221	
-8916	3699	5242	1286	931	-2225	
-8928	3799	5151	1263	956	-2226	
-8937	3897	5061	1241	981	-2227	
-8944	3997	4970	1218	1005	-2230	
-8951	4096	4878	1196	1031	-2230	
-8955	4193	4786	1173	1055	-2231	
-8959	4289	4691	1148	1078	-2233	
-8962	4386	4597	1124	1102	-2232	
-8961	4481	4501	1102	1126	-2234	
-8960	4576	4405	1078	1149	-2233	
-8959	4671	4309	1054	1173	-2232	
-8957	4764	4212	1029	1197	-2231	
-8952	4858	4115	1005	1220	-2230	
-8946	4949	4017	981	1243	-2228	
-8939	5040	3918	955	1264	-2227	
-8930	5133	3818	931	1288	-2224	
-8920	5222	3719	909	1312	-2220	
-8908	5311	3619	882	1332	-2220	
-8895	5399	3517	857	1354	-2215	
-8880	5487	3416	833	1377	-2209	
-8866	5574	3313	807	1397	-2206	
-8850	5660	3210	781	1419	-2202	
-8832	5745	3107	756	1439	-2197	
-8812	5829	3003	730	1460	-2192	
-8790	5912	2899	704	1482	-2187	
-8769	5994	2796	678	1502	-2181	
-8744	6075	2691	653	1522	-2175	
-8722	6157	2586	627	1541	-2168	
-8697	6236	2480	601	1562	-2163	
-8668	6314	2374	574	1583	-2156	
-8639	6392	2267	548	1601	-2148	
-8610	6468	2160	522	1619	-2140	
-8579	6545	2053	495	1639	-2132	
-8547	6620	1944	469	1657	-2124	
-8513	6694	1837	442	1675	-2114	
-8477	6766	1730	417	1694	-2106	
-8442	6838	1620	390	1711	-2099	
-8406	6909	1512	363	1730	-2088	
-8366	6978	1404	336	1746	-2078	
-8327	7047	1294	309	1763	-2068	
-8283	7115	1185	284	1781	-2056	
-8240	7181	1075	256	1796	-2047	
-8198	7246	966	229	1814	-2036	
-8153	7311	857	205	1831	-2023	
-8106	7375	748	176	1844	-2011	
-8058	7436	637	150	1860	-2000	
-8010	7497	527	126	1876	-1987	
-7961	7558	419	99	1889	-1975	
-7909	7617	309	73	1903	-1962	
-7857	7675	198	48	1918	-1949	
-7803	7731	86	21	1932	-1936	
-7748	7785	-23	-8	1946	-1922	
-7693	7840	-133	-40	1959	-1908	
-7636	7893	-242	-75	1973	-1894	
-7579	7945	-353	-107	1985	-1879	
-7520	7995	-463	-137	1997	-1864	
-7460	8045	-572	-161	2010	-1848	
-7398	8093	-682	-184	2021	-1832	
-7334	8139	-793	-209	2033	-1818	
-7270	8185	-902	-237	2044	-1801	
-7204	8231	-1011	-266	2055	-1785	
-7140	8273	-1121	-294	2065	-1769	
-7075	8315	-1229	-321	2076	-1751	
-7006	8356	-1338	-348	2086	-1735	
-6937	8395	-1448	-374	2095	-1717	
-6867	8434	-1556	-401	2104	-1700	
-6796	8470	-1664	-428	2114	-1682	
-6723	8506	-1772	-453	2124	-1663	
-6650	8541	-1881	-482	2131	-1645	
-6576	8574	-1988	-509	2139	-1627	
-6501	8607	-2094	-534	2148	-1608	
-6424	8637	-2201	-561	2155	-1587	
-6347	8665	-2309	-588	2161	-1569	
-6270	8693	-2416	-614	2168	-1549	
-6190	8720	-2521	-640	2176	-1529	
-6110	8746	-2627	-665	2181	-1509	
-6028	8770	-2733	-692	2187	-1488	
-5947	8793	-2836	-719	2193	-1468	
-5865	8814	-2941	-743	2199	-1447	
-5780	8833	-3045	-769	2203	-1426	
-5698	8852	-3148	-795	2208	-1406	
-5612	8870	-3251	-819	2213	-1384	
-5525	8886	-3354	-846	2215	-1362	
-5440	8901	-3456	-872	2217	-1340	
-5352	8915	-3556	-895	2221	-1318	
-5263	8926	-3658	-922	2224	-1297	
-5174	8937	-3758	-946	2226	-1274	
-5084	8946	-3858	-970	2228	-1251	
-4993	8955	-3957	-995	2232	-1229	
-4902	8961	-4056	-1019	2233	-1206	
-4810	8965	-4154	-1043	2233	-1182	
-4716	8970	-4251	-1067	2234	-1158	
-4623	8973	-4347	-1092	2235	-1136	
-4528	8974	-4444	-1115	2235	-1112	
-4434	8974	-4539	-1139	2234	-1087	
-4337	8973	-4634	-1162	2234	-1064	
-4239	8969	-4729	-1186	2233	-1039	
-4143	8965	-4821	-1209	2231	-1016	
-4045	8960	-4913	-1230	2231	-991	
-3947	8953	-5005	-1255	2228	-966	
-3848	8946	-5097	-1276	2226	-942	
-3747	8936	-5187	-1298	2223	-917	
-3648	8924	-5276	-1321	2221	-892	
-3546	8913	-5365	-1342	2218	-865	
-3446	8900	-5453	-1366	2213	-841	
-3345	8884	-5540	-1385	2211	-816	
-3242	8868	-5626	-1407	2206	-791	
-3140	8850	-5712	-1430	2200	-768	
-3036	8832	-5797	-1449	2195	-740	
-2933	8811	-5879	-1471	2191	-713	
-2828	8789	-5962	-1491	2185	-688	
-2722	8766	-6045	-1511	2179	-661	
-2618	8743	-6124	-1531	2173	-635	
-2514	8717	-6205	-1550	2167	-608	
-2408	8691	-6286	-1569	2160	-582	
-2302	8662	-6362	-1588	2152	-555	
-2196	8633	-6440	-1607	2145	-528	
-2088	8602	-6517	-1626	2138	-503	
-1982	8570	-6592	-1645	2128	-477	
-1875	8537	-6666	-1662	2122	-449	
-1767	8502	-6739	-1680	2112	-422	
-1660	8466	-6812	-1699	2101	-397	
-1553	8430	-6883	-1716	2093	-369	
-1444	8391	-6953	-1733	2083	-341	
-1336	8351	-7022	-1750	2072	-315	
-1229	8310	-7090	-1767	2062	-288	
-1118	8268	-7157	-1784	2052	-262	
-1008	8223	-7223	-1798	2042	-234	
-899	8179	-7288	-1815	2029	-209	
-790	8135	-7352	-1831	2018	-182	
-681	8087	-7414	-1846	2007	-154	
-570	8038	-7475	-1861	1995	-130	
-460	7989	-7537	-1876	1981	-102	
-351	7938	-7595	-1891	1969	-76	
-241	7886	-7654	-1906	1956	-52	
-132	7834	-7711	-1919	1941	-28	
-22	7779	-7765	-1934	1927	-4	
89	7723	-7821	-1947	1914	21	
199	7667	-7875	-1959	1899	48	
308	7609	-7927	-1972	1884	80	
416	7551	-7978	-1984	1869	117	
527	7491	-8027	-1996	1855	156	
636	7429	-8076	-2009	1838	192	
744	7366	-8124	-2021	1823	216	
855	7302	-8171	-2032	1808	236	
966	7238	-8214	-2045	1789	256	
1074	7173	-8259	-2054	1774	282	
1183	7107	-8302	-2063	1758	313	
1294	7039	-8343	-2074	1741	342	
1401	6969	-8383	-2083	1724	370	
1508	6900	-8420	-2093	1706	396	
1618	6829	-8458	-2101	1688	423	
1726	6758	-8494	-2110	1669	451	
1833	6685	-8530	-2120	1651	477	
1941	6611	-8564	-2128	1633	504	
2047	6536	-8596	-2135	1614	530	
2154	6460	-8627	-2142	1595	556	
2260	6383	-8656	-2149	1576	583	
2367	6305	-8685	-2155	1556	610	
2472	6226	-8712	-2162	1535	636	
2575	6147	-8738	-2169	1515	663	
2681	6065	-8762	-2175	1496	689	
2786	5985	-8786	-2181	1475	714	
2892	5902	-8808	-2186	1454	741	
2993	5818	-8828	-2191	1433	767	
3097	5735	-8848	-2195	1413	793	
3200	5650	-8865	-2200	1392	819	
3302	5563	-8882	-2203	1369	843	
3406	5477	-8897	-2205	1348	870	
3505	5389	-8910	-2210	1326	894	
3606	5301	-8923	-2213	1303	920	
3707	5211	-8934	-2215	1282	945	
3807	5122	-8945	-2218	1259	970	
3906	5031	-8953	-2221	1235	994	
4004	4940	-8960	-2221	1213	1019	
4102	4847	-8967	-2222	1190	1043	
4197	4755	-8970	-2224	1165	1067	
4295	4661	-8973	-2225	1143	1091	
4392	4566	-8975	-2224	1119	1114	
4487	4472	-8975	-2224	1095	1139	
4582	4376	-8974	-2225	1070	1162	
4674	4279	-8972	-2224	1047	1184	
4768	4182	-8969	-2222	1023	1210	
4861	4085	-8964	-2221	998	1231	
4951	3986	-8957	-2220	973	1255	
5043	3886	-8949	-2217	949	1277	
5133	3788	-8941	-2215	924	1298	
5223	3688	-8930	-2212	898	1323	
5313	3588	-8917	-2209	873	1344	
5400	3486	-8905	-2206	848	1366	
5487	3384	-8890	-2201	823	1387	
5572	3282	-8874	-2196	799	1409	
5659	3179	-8858	-2192	772	1431	
5743	3077	-8839	-2189	745	1450	
5827	2972	-8819	-2183	720	1471	
5911	2868	-8798	-2176	695	1493	
5991	2764	-8775	-2174	668	1513	
6073	2658	-8751	-2167	641	1533	
6153	2555	-8726	-2159	616	1553	
6232	2448	-8700	-2153	590	1573	
6310	2341	-8672	-2146	562	1593	
6386	2235	-8643	-2137	536	1612	
6463	2128	-8612	-2131	509	1630	
6539	2022	-8581	-2123	483	1649	
6613	1914	-8548	-2113	457	1668	
6686	1807	-8513	-2106	430	1685	
6760	1700	-8479	-2096	403	1705	
6831	1590	-8442	-2086	378	1722	
6900	1483	-8403	-2077	350	1739	
6970	1373	-8365	-2066	324	1757	
7039	1264	-8324	-2058	296	1773	
7105	1156	-8281	-2048	268	1789	
7171	1047	-8238	-2036	243	1805	
7237	938	-8194	-2025	215	1821	
7301	827	-8148	-2013	189	1838	
7362	717	-8102	-2001	163	1853	
7424	609	-8054	-1988	137	1869	
7485	498	-8005	-1977	111	1883	
7543	388	-7954	-1965	85	1898	
7603	279	-7903	-1952	60	1913	
7660	168	-7850	-1938	34	1926	
7716	58	-7795	-1924	9	1941	
7770	-51	-7741	-1910	-22	1955	
7823	-162	-7684	-1895	-55	1967	
7879	-272	-7628	-1882	-92	1980	
7929	-382	-7569	-1868	-129	1993	
7978	-491	-7509	-1854	-157	2004	
8027	-601	-7448	-1839	-180	2017	
8075	-711	-7385	-1821	-200	2029	
8121	-818	-7322	-1806	-225	2040	
8167	-929	-7258	-1791	-254	2051	
8212	-1040	-7193	-1775	-285	2061	
8253	-1149	-7126	-1759	-312	2073	
8294	-1257	-7059	-1739	-337	2084	
8335	-1365	-6991	-1724	-365	2092	
8374	-1474	-6921	-1708	-393	2102	
8411	-1583	-6849	-1688	-420	2111	
8447	-1690	-6778	-1670	-447	2121	
8483	-1798	-6706	-1652	-473	2129	
8518	-1906	-6632	-1634	-500	2137	
8551	-2012	-6557	-1615	-527	2145	
8582	-2119	-6482	-1595	-554	2152	
8611	-2227	-6404	-1577	-581	2162	
8639	-2333	-6327	-1557	-607	2168	
8668	-2440	-6249	-1538	-634	2174	
8695	-2545	-6169	-1516	-659	2182	
8718	-2649	-6088	-1497	-685	2186	
8741	-2755	-6008	-1477	-711	2192	
8764	-2859	-5926	-1456	-737	2199	
8786	-2963	-5841	-1436	-764	2202	
8805	-3066	-5757	-1414	-790	2207	
8824	-3170	-5673	-1395	-817	2211	
8841	-3272	-5586	-1373	-841	2216	
8855	-3374	-5500	-1350	-867	2221	
8870	-3476	-5413	-1330	-893	2223	
8883	-3577	-5325	-1306	-917	2226	
8895	-3677	-5236	-1285	-943	2230	
8905	-3777	-5146	-1262	-968	2232	
8912	-3877	-5055	-1240	-992	2233	
8920	-3975	-4963	-1218	-1016	2234	
8927	-4073	-4871	-1194	-1041	2236	
8931	-4172	-4778	-1171	-1066	2238	
8935	-4268	-4685	-1148	-1090	2238	
8937	-4364	-4591	-1124	-1113	2239	
8938	-4462	-4496	-1101	-1138	2239	
8938	-4555	-4399	-1078	-1161	2238	
8937	-4650	-4304	-1054	-1184	2239	
8932	-4743	-4207	-1029	-1208	2237	
8928	-4835	-4108	-1005	-1230	2236	
8922	-4928	-4011	-980	-1254	2234	
8914	-5019	-3911	-957	-1278	2231	
8907	-5111	-3812	-932	-1299	2229	
8897	-5200	-3712	-905	-1320	2226	
8884	-5289	-3611	-883	-1344	2223	
8871	-5378	-3510	-858	-1366	2219	
8857	-5465	-3409	-831	-1387	2216	
8843	-5552	-3307	-806	-1410	2212	
8825	-5638	-3204	-780	-1431	2208	
8807	-5723	-3101	-755	-1451	2204	
8789	-5807	-2998	-731	-1472	2198	
8767	-5889	-2892	-703	-1493	2194	
8746	-5973	-2788	-676	-1513	2187	
8723	-6054	-2684	-652	-1534	2180	
8698	-6135	-2578	-625	-1554	2175	
8672	-6215	-2472	-599	-1573	2168	
8644	-6293	-2365	-573	-1592	2160	
8618	-6371	-2258	-546	-1612	2153	
8587	-6447	-2152	-522	-1632	2146	
8555	-6524	-2044	-494	-1650	2138	
8523	-6599	-1937	-467	-1668	2130	
8490	-6672	-1831	-441	-1687	2122	
8455	-6745	-1722	-414	-1705	2113	
8417	-6817	-1613	-388	-1723	2103	
8380	-6887	-1505	-360	-1739	2093	
8341	-6958	-1397	-334	-1758	2084	
8301	-7027	-1288	-308	-1775	2073	
8260	-7093	-1178	-280	-1791	2063	
8217	-7159	-1069	-253	-1807	2052	
8174	-7226	-960	-226	-1823	2041	
8129	-7290	-849	-199	-1839	2031	
8084	-7354	-740	-174	-1855	2018	
8036	-7415	-631	-147	-1871	2006	
7987	-7476	-521	-121	-1886	1995	
7937	-7537	-411	-95	-1901	1980	
7884	-7595	-300	-69	-1916	1969	
7833	-7653	-190	-44	-1930	1955	
7780	-7710	-80	-18	-1944	1941	
7725	-7765	30	9	-1957	1927	
7669	-7818	140	34	-1971	1912	
7612	-7872	250	60	-1984	1897	
7555	-7923	360	93	-1994	1883	
7496	-7974	470	125	-2008	1869	
7435	-8024	580	158	-2021	1854	
7374	-8072	689	190	-2033	1839	
7310	-8119	799	217	-2044	1823	
7246	-8164	909	242	-2056	1806	
7182	-8209	1018	264	-2069	1789	
7117	-8253	1128	289	-2079	1772	
7049	-8294	1236	318	-2088	1756	
6981	-8335	1346	346	-2098	1740	
6912	-8374	1455	374	-2107	1723	
6842	-8413	1564	401	-2116	1705	
6773	-8450	1673	427	-2126	1687	
6700	-8485	1780	453	-2133	1669	
6625	-8520	1887	480	-2141	1650	
6552	-8554	1996	507	-2152	1631	
6477	-8585	2103	534	-2159	1613	
6402	-8615	2210	561	-2165	1594	
6324	-8645	2317	587	-2174	1575	
6244	-8673	2424	614	-2180	1555	
6167	-8700	2530	639	-2186	1535	
6088	-8725	2635	666	-2192	1515	
6006	-8749	2741	691	-2197	1494	
5925	-8772	2845	717	-2204	1473	
5842	-8793	2948	745	-2209	1454	
5759	-8813	3053	770	-2213	1432	
5673	-8832	3156	794	-2217	1410	
5588	-8849	3259	821	-2220	1390	
5503	-8865	3361	846	-2226	1368	
5415	-8880	3463	869	-2231	1345	
5327	-8893	3564	896	-2233	1324	
5238	-8905	3664	921	-2235	1302	
5151	-8916	3766	946	-2238	1279	
5061	-8926	3866	971	-2241	1257	
4969	-8934	3965	996	-2242	1234	
4877	-8941	4065	1019	-2243	1211	
4784	-8946	4161	1043	-2244	1188	
4692	-8949	4258	1067	-2246	1165	
4598	-8952	4356	1091	-2245	1141	
4504	-8954	4451	1116	-2244	1117	
4409	-8953	4547	1139	-2245	1094	
4313	-8952	4642	1162	-2244	1070	
4218	-8949	4736	1186	-2243	1046	
4119	-8944	4829	1208	-2243	1021	
4021	-8939	4921	1231	-2241	997	
3923	-8933	5013	1254	-2239	972	
3824	-8924	5105	1277	-2237	947	
3726	-8914	5195	1299	-2235	922	
3625	-8904	5284	1321	-2231	897	
3525	-8892	5373	1342	-2229	873	
3424	-8878	5461	1363	-2226	846	
3322	-8864	5548	1387	-2220	822	
3219	-8847	5634	1408	-2216	796	
3116	-8829	5720	1426	-2212	769	
3012	-8810	5804	1448	-2207	746	
2909	-8790	5887	1470	-2202	720	
2805	-8768	5970	1489	-2195	694	
2701	-8745	6051	1510	-2190	667	
2596	-8722	6133	1530	-2184	640	
2490	-8697	6213	1550	-2177	615	
2384	-8669	6291	1570	-2170	588	
2278	-8641	6371	1589	-2163	562	
2173	-8611	6447	1608	-2156	536	
2066	-8580	6523	1627	-2147	509	
1959	-8549	6599	1645	-2139	481	
1852	-8516	6673	1664	-2130	455	
1744	-8481	6746	1681	-2120	429	
1637	-8445	6820	1698	-2114	402	
1528	-8408	6890	1717	-2103	377	
1419	-8370	6959	1733	-2093	349	
1311	-8329	7029	1751	-2083	322	
1201	-8288	7098	1767	-2072	296	
1094	-8247	7164	1784	-2064	268	
984	-8204	7231	1801	-2051	242	
874	-8159	7295	1815	-2041	215	
764	-8113	7358	1831	-2029	189	
654	-8066	7422	1848	-2016	163	
546	-8018	7483	1862	-2004	137	
436	-7968	7543	1878	-1990	111	
327	-7916	7602	1892	-1978	86	
217	-7865	7660	1905	-1965	61	
106	-7812	7718	1920	-1952	36	
-2	-7758	7773	1934	-1938	12	
-111	-7702	7828	1946	-1924	-15	
-222	-7645	7881	1960	-1909	-48	
-333	-7588	7934	1972	-1895	-89	
-442	-7529	7985	1984	-1880	-133	
-552	-7469	8034	1998	-1864	-165	
-663	-7408	8084	2008	-1850	-184	
-772	-7345	8130	2020	-1834	-200	
-880	-7282	8176	2033	-1817	-223	
-988	-7217	8222	2041	-1803	-253	
-1099	-7152	8266	2052	-1786	-283	
-1208	-7086	8308	2064	-1768	-312	
-1316	-7018	8349	2073	-1752	-338	
-1426	-6950	8389	2084	-1734	-365	
-1534	-6878	8428	2092	-1717	-391	
-1642	-6808	8465	2102	-1699	-419	
-1749	-6737	8501	2111	-1679	-446	
-1855	-6663	8536	2118	-1662	-473	
-1963	-6590	8570	2127	-1644	-499	
-2069	-6515	8602	2135	-1624	-525	
-2176	-6438	8633	2143	-1605	-552	
-2283	-6362	8663	2151	-1585	-579	
-2387	-6284	8690	2158	-1565	-606	
-2492	-6205	8718	2163	-1547	-631	
-2600	-6125	8744	2169	-1527	-658	
-2705	-6045	8769	2175	-1506	-685	
-2808	-5964	8793	2180	-1486	-711	
-2911	-5882	8814	2187	-1465	-736	
-3017	-5798	8834	2190	-1444	-762	
-3121	-5713	8853	2196	-1423	-788	
-3224	-5628	8872	2200	-1402	-813	
-3326	-5543	8888	2203	-1381	-838	
-3428	-5456	8902	2209	-1358	-864	
-3529	-5368	8916	2211	-1336	-890	
-3628	-5280	8929	2214	-1313	-915	
-3729	-5191	8941	2217	-1290	-939	
-3828	-5101	8950	2218	-1269	-964	
-3926	-5010	8959	2220	-1246	-989	
-4026	-4918	8966	2221	-1223	-1013	
-4125	-4827	8971	2223	-1200	-1038	
-4223	-4733	8976	2225	-1176	-1063	
-4318	-4640	8979	2225	-1153	-1086	
-4413	-4545	8980	2225	-1130	-1111	
-4508	-4451	8981	2225	-1105	-1134	
-4604	-4355	8980	2223	-1082	-1158	
-4698	-4258	8978	2222	-1058	-1182	
-4790	-4162	8973	2222	-1033	-1204	
-4882	-4063	8969	2221	-1009	-1227	
-4976	-3965	8963	2219	-984	-1250	
-5066	-3866	8955	2216	-959	-1272	
-5157	-3765	8945	2214	-935	-1296	
-5246	-3667	8934	2212	-908	-1317	
-5333	-3566	8923	2208	-884	-1339	
-5423	-3463	8911	2205	-859	-1362	
-5510	-3362	8896	2202	-833	-1382	
-5596	-3261	8880	2197	-808	-1405	
-5683	-3158	8862	2192	-781	-1426	
-5766	-3054	8844	2188	-756	-1446	
-5850	-2950	8824	2182	-730	-1467	
-5933	-2847	8803	2178	-703	-1487	
-6014	-2743	8781	2173	-678	-1508	
-6095	-2637	8756	2165	-652	-1529	
-6175	-2531	8731	2158	-626	-1548	
-6254	-2426	8705	2152	-599	-1567	
-6332	-2319	8678	2145	-573	-1588	
-6411	-2213	8649	2138	-546	-1606	
-6487	-2107	8618	2130	-520	-1626	
-6561	-1999	8586	2123	-492	-1644	
-6636	-1892	8553	2115	-465	-1661	
-6708	-1785	8519	2104	-440	-1682	
-6782	-1677	8484	2097	-411	-1698	
-6853	-1569	8447	2088	-384	-1716	
-6923	-1461	8409	2078	-358	-1736	
-6993	-1353	8369	2070	-330	-1750	
-7060	-1243	8329	2059	-305	-1767	
-7128	-1133	8287	2047	-278	-1785	
-7195	-1025	8244	2036	-251	-1800	
-7259	-915	8200	2026	-224	-1817	
-7322	-806	8154	2014	-197	-1831	
-7384	-697	8107	2001	-170	-1848	
-7447	-586	8060	1990	-143	-1863	
-7507	-476	8010	1978	-118	-1877	
-7567	-367	7959	1965	-91	-1894	
-7625	-257	7908	1951	-67	-1906	
-7681	-146	7855	1939	-40	-1921	
-7738	-36	7801	1925	-14	-1936	
-7794	74	7746	1910	9	-1950	
-7847	184	7690	1897	37	-1962	
-7900	294	7633	1883	66	-1975	
-7951	404	7574	1868	97	-1988	
-8000	513	7514	1853	132	-2000	
-8050	624	7453	1837	167	-2013	
-8098	732	7391	1823	199	-2024	
-8144	842	7327	1806	223	-2035	
-8189	952	7263	1791	246	-2047	
-8234	1062	7199	1775	269	-2055	
-8276	1170	7132	1757	296	-2068	
-8318	1279	7064	1740	327	-2078	
-8359	1389	6996	1723	355	-2087	
-8398	1496	6927	1706	383	-2098	
-8435	1606	6856	1688	409	-2106	
-8471	1714	6783	1670	434	-2116	
-8508	1821	6711	1653	462	-2124	
-8540	1929	6638	1634	490	-2131	
-8572	2035	6562	1615	516	-2140	
-8604	2144	6486	1596	543	-2147	
-8634	2250	6410	1577	570	-2154	
-8664	2356	6333	1558	596	-2162	
-8691	2462	6254	1538	623	-2167	
-8716	2567	6174	1519	650	-2175	
-8741	2673	6094	1499	676	-2182	
-8765	2778	6013	1479	702	-2186	
-8788	2882	5931	1459	728	-2191	
-8808	2986	5847	1436	752	-2197	
-8828	3089	5763	1415	779	-2202	
-8846	3191	5677	1395	805	-2207	
-8864	3295	5591	1373	829	-2210	
-8881	3397	5506	1351	856	-2214	
-8893	3499	5418	1331	881	-2218	
-8906	3600	5330	1308	906	-2221	
-8917	3700	5241	1285	931	-2223	
-8927	3799	5150	1263	956	-2226	
-8937	3899	5060	1240	981	-2229	
-8945	3998	4969	1218	1006	-2230	
-8952	4097	4877	1195	1030	-2231	
-8955	4194	4783	1173	1054	-2232	
-8960	4291	4690	1149	1079	-2232	
-8963	4388	4596	1124	1102	-2234	
-8961	4483	4501	1101	1126	-2233	
-8961	4578	4404	1078	1150	-2232	
-8959	4673	4307	1054	1174	-2232	
-8956	4765	4211	1030	1198	-2231	
-8952	4858	4114	1006	1221	-2229	
-8946	4951	4015	981	1243	-2227	
-8939	5042	3916	956	1264	-2227	
-8928	5133	3817	931	1288	-2225	
-8919	5223	3717	907	1312	-2221	
-8909	5312	3617	881	1331	-2220	
-8894	5401	3515	855	1354	-2214	
-8880	5488	3414	833	1377	-2209	
-8865	5574	3312	806	1397	-2207	
-8850	5660	3209	780	1420	-2202	
-8832	5745	3106	756	1441	-2197	
-8813	5830	3003	729	1462	-2192	
-8791	5913	2898	704	1482	-2187	
-8767	5994	2793	678	1502	-2181	
-8745	6076	2690	652	1523	-2175	
-8722	6157	2585	628	1543	-2168	
-8696	6237	2479	601	1564	-2162	
-8669	6314	2373	575	1582	-2155	
-8638	6392	2265	548	1602	-2147	
-8610	6469	2159	521	1621	-2140	
-8579	6545	2051	495	1638	-2132	
-8547	6621	1943	468	1658	-2124	
-8513	6694	1836	441	1675	-2115	
-8476	6766	1728	415	1694	-2107	
-8441	6838	1619	389	1711	-2097	
-8403	6910	1510	362	1729	-2087	
-8365	6980	1402	335	1747	-2078	
-8325	7049	1293	308	1763	-2067	
-8283	7116	1184	283	1780	-2056	
-8241	7181	1075	256	1797	-2046	
-8197	7248	965	230	1813	-2034	
-8153	7312	856	204	1830	-2022	
-8104	7375	745	176	1845	-2011	
-8058	7438	636	150	1860	-1999	
-8010	7499	526	125	1876	-1987	
-7960	7559	417	100	1890	-1975	
-7910	7617	307	73	1905	-1962	
-7857	7675	197	48	1919	-1948	
-7803	7731	86	21	1932	-1936	
-7747	7787	-24	-8	1947	-1921	
-7692	7840	-133	-40	1958	-1907	
-7636	7893	-243	-76	1971	-1894	
-7577	7946	-354	-108	1986	-1880	
-7518	7996	-464	-138	1997	-1865	
-7458	8046	-574	-164	2009	-1848	
-7397	8093	-683	-184	2021	-1833	
-7335	8140	-793	-210	2033	-1818	
-7269	8185	-903	-238	2045	-1801	
-7204	8230	-1014	-265	2055	-1785	
-7139	8274	-1123	-293	2066	-1769	
-7072	8317	-1231	-320	2077	-1751	
-7005	8357	-1341	-347	2086	-1733	
-6936	8395	-1449	-374	2097	-1716	
-6865	8434	-1558	-401	2105	-1699	
-6795	8472	-1666	-427	2114	-1682	
-6722	8507	-1773	-454	2124	-1664	
-6648	8541	-1882	-481	2132	-1644	
-6574	8575	-1989	-508	2140	-1626	
-6499	8607	-2096	-535	2147	-1609	
-6422	8637	-2204	-560	2155	-1587	
-6346	8666	-2310	-588	2161	-1567	
-6269	8694	-2416	-614	2168	-1549	
-6190	8720	-2521	-640	2175	-1530	
-6110	8746	-2628	-667	2181	-1508	
-6028	8769	-2733	-693	2187	-1488	
-5947	8792	-2838	-720	2192	-1469	
-5866	8814	-2943	-744	2197	-1447	
-5782	8833	-3046	-769	2203	-1425	
-5696	8853	-3149	-795	2208	-1406	
-5610	8870	-3252	-819	2213	-1382	
-5525	8886	-3354	-845	2216	-1362	
-5439	8901	-3457	-873	2218	-1341	
-5351	8914	-3557	-897	2222	-1318	
-5263	8927	-3658	-921	2224	-1295	
-5172	8937	-3760	-946	2226	-1273	
-5082	8946	-3860	-971	2229	-1251	
-4991	8954	-3959	-996	2230	-1228	
-4900	8961	-4057	-1020	2232	-1205	
-4808	8966	-4154	-1044	2233	-1182	
-4715	8970	-4252	-1069	2233	-1159	
-4621	8974	-4349	-1092	2236	-1136	
-4527	8974	-4446	-1115	2235	-1111	
-4432	8974	-4540	-1140	2234	-1089	
-4336	8972	-4635	-1162	2234	-1065	
-4238	8969	-4729	-1186	2232	-1039	
-4142	8966	-4822	-1209	2231	-1015	
-4044	8960	-4915	-1231	2231	-990	
-3946	8952	-5007	-1255	2229	-967	
-3847	8944	-5098	-1276	2225	-941	
-3747	8936	-5189	-1299	2223	-917	
-3647	8924	-5277	-1321	2220	-892	
-3546	8913	-5367	-1343	2217	-866	
-3445	8900	-5454	-1365	2214	-841	
-3343	8884	-5541	-1385	2211	-815	
-3242	8868	-5628	-1408	2207	-790	
-3139	8850	-5712	-1429	2202	-765	
-3035	8831	-5797	-1450	2196	-739	
-2931	8811	-5881	-1470	2191	-712	
-2828	8789	-5964	-1490	2185	-686	
-2721	8768	-6047	-1510	2179	-660	
-2616	8743	-6126	-1530	2173	-634	
-2512	8717	-6206	-1551	2166	-608	
-2405	8690	-6286	-1569	2159	-582	
-2301	8661	-6364	-1589	2152	-556	
-2194	8632	-6441	-1608	2146	-528	
-2087	8602	-6517	-1625	2139	-501	
-1981	8570	-6593	-1645	2129	-476	
-1874	8536	-6668	-1662	2120	-447	
-1767	8502	-6740	-1679	2112	-422	
-1659	8466	-6813	-1700	2102	-396	
-1552	8429	-6884	-1717	2092	-369	
-1442	8390	-6954	-1734	2083	-343	
-1334	8351	-7023	-1751	2073	-316	
-1227	8310	-7090	-1766	2062	-288	
-1117	8268	-7158	-1784	2051	-261	
-1008	8224	-7224	-1800	2041	-234	
-898	8179	-7288	-1815	2030	-208	
-789	8133	-7352	-1832	2018	-181	
-678	8086	-7415	-1847	2005	-155	
-568	8038	-7477	-1861	1994	-128	
-460	7988	-7536	-1876	1981	-102	
-349	7937	-7596	-1891	1967	-77	
-239	7886	-7655	-1905	1955	-52	
-130	7832	-7711	-1920	1941	-27	
-21	7778	-7767	-1933	1927	-3	
89	7723	-7821	-1947	1913	22	
200	7667	-7874	-1960	1899	48	
310	7609	-7927	-1973	1884	79	
419	7549	-7979	-1984	1869	116	
528	7490	-8029	-1996	1855	157	
637	7428	-8077	-2009	1838	192	
746	7365	-8124	-2020	1824	216	
856	7302	-8171	-2031	1809	237	
965	7237	-8216	-2043	1790	258	
1075	7173	-8259	-2053	1773	283	
1185	7107	-8302	-2065	1758	312	
1294	7038	-8343	-2074	1740	342	
1403	6969	-8382	-2084	1723	369	
1511	6899	-8421	-2094	1706	397	
1619	6828	-8460	-2102	1688	424	
1726	6756	-8496	-2111	1670	450	
1834	6684	-8530	-2119	1651	476	
1942	6610	-8564	-2127	1633	504	
2049	6535	-8597	-2134	1615	533	
2156	6458	-8627	-2142	1595	557	
2262	6382	-8657	-2149	1576	583	
2368	6303	-8686	-2155	1558	611	
2472	6225	-8713	-2164	1535	637	
2578	6146	-8738	-2170	1516	663	
2683	6064	-8763	-2175	1496	689	
2787	5984	-8786	-2180	1474	715	
2891	5901	-8808	-2186	1455	741	
2996	5817	-8828	-2191	1433	768	
3099	5733	-8847	-2195	1412	794	
3201	5647	-8866	-2200	1390	819	
3305	5561	-8883	-2204	1368	844	
3407	5475	-8898	-2208	1347	870	
3507	5388	-8911	-2211	1326	894	
3607	5300	-8923	-2213	1305	920	
3707	5211	-8934	-2216	1281	945	
3809	5120	-8945	-2219	1258	970	
3907	5030	-8953	-2221	1235	995	
4005	4939	-8960	-2222	1212	1019	
4103	4846	-8966	-2223	1189	1043	
4199	4753	-8970	-2224	1166	1068	
4296	4659	-8972	-2224	1143	1092	
4393	4565	-8974	-2225	1118	1116	
4488	4470	-8976	-2224	1095	1139	
4582	4375	-8974	-2225	1071	1163	
4677	4278	-8972	-2225	1046	1185	
4769	4181	-8968	-2220	1024	1210	
4861	4084	-8962	-2221	998	1232	
4953	3985	-8957	-2221	973	1255	
5044	3885	-8948	-2216	949	1279	
5134	3786	-8940	-2214	924	1302	
5223	3687	-8930	-2212	899	1323	
5312	3586	-8917	-2208	873	1344	
5401	3485	-8905	-2205	849	1365	
5488	3383	-8890	-2201	823	1388	
5574	3281	-8874	-2198	797	1410	
5660	3178	-8857	-2192	772	1431	
5745	3076	-8838	-2187	746	1454	
5828	2973	-8818	-2182	721	1473	
5912	2867	-8797	-2176	695	1492	
5994	2762	-8775	-2170	668	1514	
6074	2658	-8751	-2165	642	1534	
6153	2553	-8726	-2159	616	1554	
6233	2448	-8699	-2152	589	1574	
6312	2340	-8672	-2145	563	1593	
6388	2233	-8643	-2138	536	1611	
6464	2127	-8613	-2129	511	1631	
6538	2020	-8581	-2121	482	1650	
6614	1914	-8548	-2114	455	1667	
6688	1806	-8513	-2105	429	1685	
6758	1698	-8477	-2095	403	1703	
6832	1590	-8441	-2087	377	1721	
6902	1481	-8404	-2078	349	1738	
6971	1372	-8363	-2066	323	1756	
7038	1264	-8323	-2056	297	1774	
7104	1154	-8282	-2046	269	1789	
7172	1044	-8238	-2035	241	1806	
7236	935	-8194	-2024	216	1823	
7300	826	-8148	-2012	189	1838	
7365	717	-8101	-2001	163	1854	
7426	606	-8054	-1989	137	1868	
7485	497	-8003	-1976	110	1883	
7545	386	-7954	-1964	85	1898	
7603	277	-7903	-1953	57	1912	
7660	167	-7850	-1936	34	1927	
7716	57	-7795	-1924	9	1940	
7771	-52	-7739	-1912	-23	1953	
7824	-163	-7683	-1896	-54	1969	
7878	-273	-7626	-1882	-92	1980	
7930	-383	-7568	-1868	-130	1993	
7979	-493	-7508	-1852	-158	2006	
8028	-603	-7447	-1836	-179	2017	
8074	-713	-7385	-1821	-200	2030	
8122	-823	-7321	-1806	-226	2041	
8167	-932	-7257	-1790	-255	2052	
8211	-1041	-7191	-1773	-284	2063	
8253	-1149	-7125	-1757	-312	2073	
8295	-1259	-7059	-1740	-339	2082	
8337	-1367	-6990	-1722	-365	2092	
8376	-1475	-6920	-1706	-393	2103	
8413	-1584	-6849	-1689	-420	2111	
8448	-1692	-6777	-1670	-447	2121	
8484	-1799	-6705	-1652	-474	2129	
8517	-1907	-6631	-1634	-500	2137	
8550	-2015	-6557	-1614	-528	2146	
8583	-2121	-6480	-1596	-554	2152	
8612	-2228	-6404	-1576	-580	2160	
8641	-2334	-6327	-1557	-609	2167	
8669	-2440	-6248	-1538	-634	2176	
8695	-2546	-6168	-1517	-659	2182	
8720	-2651	-6087	-1498	-686	2186	
8742	-2756	-6006	-1476	-712	2193	
8765	-2860	-5924	-1455	-738	2199	
8785	-2964	-5840	-1437	-766	2203	
8805	-3067	-5756	-1415	-791	2208	
8825	-3170	-5671	-1393	-816	2212	
8841	-3274	-5586	-1373	-842	2216	
8855	-3376	-5499	-1351	-867	2219	
8870	-3477	-5411	-1329	-892	2223	
8883	-3578	-5324	-1307	-916	2226	
8894	-3678	-5233	-1284	-941	2228	
8904	-3778	-5144	-1264	-968	2232	
8913	-3878	-5055	-1240	-993	2233	
8921	-3977	-4962	-1216	-1016	2235	
8927	-4076	-4871	-1195	-1042	2236	
8931	-4173	-4777	-1171	-1066	2237	
8936	-4270	-4684	-1148	-1090	2239	
8937	-4367	-4590	-1125	-1115	2239	
8937	-4462	-4494	-1100	-1137	2239	
8937	-4557	-4399	-1078	-1161	2239	
8937	-4651	-4302	-1053	-1185	2237	
8934	-4745	-4205	-1029	-1208	2237	
8928	-4838	-4108	-1006	-1231	2234	
8923	-4930	-4009	-980	-1254	2233	
8915	-5021	-3910	-956	-1277	2232	
8905	-5112	-3811	-931	-1300	2229	
8897	-5201	-3710	-905	-1322	2227	
8885	-5290	-3610	-881	-1343	2223	
8871	-5379	-3509	-857	-1367	2219	
8857	-5467	-3407	-832	-1388	2215	
8842	-5554	-3305	-806	-1409	2212	
8827	-5639	-3202	-781	-1431	2207	
8808	-5724	-3099	-755	-1451	2203	
8788	-5809	-2995	-729	-1472	2198	
8767	-5891	-2891	-702	-1493	2192	
8744	-5974	-2787	-677	-1513	2186	
8721	-6055	-2681	-651	-1534	2181	
8698	-6135	-2576	-623	-1553	2176	
8673	-6215	-2470	-599	-1572	2168	
8644	-6294	-2364	-572	-1593	2160	
8615	-6371	-2258	-544	-1611	2155	
8585	-6448	-2151	-521	-1631	2146	
8555	-6525	-2044	-494	-1651	2138	
8523	-6599	-1936	-467	-1669	2130	
8489	-6673	-1829	-442	-1687	2121	
8454	-6746	-1721	-414	-1705	2112	
8417	-6818	-1613	-387	-1723	2103	
8381	-6889	-1504	-360	-1741	2093	
8341	-6957	-1395	-333	-1757	2083	
8301	-7027	-1286	-308	-1774	2073	
8260	-7094	-1176	-281	-1791	2062	
8216	-7160	-1067	-252	-1807	2051	
8173	-7227	-958	-228	-1823	2040	
8128	-7291	-848	-201	-1840	2030	
8082	-7354	-738	-173	-1856	2017	
8035	-7416	-629	-147	-1871	2006	
7986	-7477	-519	-121	-1886	1994	
7937	-7536	-410	-94	-1901	1980	
7885	-7596	-299	-69	-1915	1968	
7832	-7654	-189	-42	-1930	1955	
7779	-7710	-79	-18	-1944	1942	
7724	-7766	32	8	-1956	1927	
7669	-7820	142	35	-1971	1912	
7612	-7873	251	61	-1985	1898	
7553	-7924	361	93	-1996	1884	
7494	-7975	471	125	-2009	1870	
7434	-8024	581	157	-2021	1854	
7372	-8072	691	189	-2033	1839	
7310	-8119	800	217	-2044	1823	
7247	-8165	910	240	-2055	1807	
7181	-8209	1020	264	-2067	1790	
7117	-8252	1129	291	-2077	1773	
7051	-8295	1238	318	-2087	1757	
6981	-8336	1348	347	-2097	1739	
6912	-8375	1457	375	-2107	1723	
6842	-8414	1565	401	-2116	1706	
6771	-8450	1673	429	-2124	1687	
6699	-8485	1782	455	-2133	1668	
6626	-8521	1889	482	-2141	1651	
6552	-8554	1996	509	-2150	1632	
6476	-8586	2105	535	-2159	1612	
6400	-8617	2213	561	-2166	1594	
6323	-8645	2318	587	-2173	1573	
6244	-8672	2425	614	-2180	1555	
6165	-8699	2532	640	-2186	1535	
6085	-8726	2637	666	-2192	1514	
6005	-8750	2741	692	-2197	1494	
5923	-8772	2846	718	-2204	1474	
5839	-8794	2951	745	-2210	1454	
5757	-8813	3053	770	-2214	1433	
5673	-8831	3156	796	-2217	1410	
5588	-8849	3260	823	-2221	1390	
5501	-8866	3364	846	-2226	1368	
5413	-8881	3465	869	-2230	1343	
5326	-8894	3565	894	-2233	1322	
5238	-8905	3666	920	-2235	1302	
5149	-8916	3767	945	-2239	1279	
5060	-8926	3867	971	-2240	1257	
4968	-8934	3966	994	-2241	1234	
4876	-8941	4065	1019	-2243	1210	
4784	-8945	4162	1044	-2244	1188	
4690	-8949	4259	1066	-2247	1164	
4595	-8952	4357	1091	-2245	1141	
4503	-8954	4453	1115	-2243	1117	
4407	-8953	4548	1138	-2247	1092	
4311	-8951	4643	1163	-2244	1070	
4216	-8949	4736	1186	-2243	1045	
4119	-8944	4829	1208	-2243	1021	
4021	-8940	4922	1231	-2241	997	
3922	-8933	5014	1254	-2239	972	
3822	-8924	5105	1277	-2237	948	
3723	-8915	5195	1299	-2235	923	
3624	-8904	5285	1321	-2231	897	
3522	-8892	5375	1343	-2228	871	
3420	-8878	5461	1364	-2225	846	
3319	-8863	5547	1386	-2219	822	
3219	-8847	5634	1408	-2216	796	
3115	-8830	5720	1428	-2212	770	
3010	-8811	5805	1448	-2207	743	
2908	-8790	5888	1470	-2202	718	
2803	-8768	5971	1490	-2196	693	
2699	-8745	6053	1509	-2191	666	
2595	-8720	6133	1530	-2184	641	
2490	-8696	6214	1550	-2178	614	
2385	-8669	6292	1569	-2170	588	
2277	-8641	6370	1588	-2163	561	
2171	-8612	6449	1608	-2156	535	
2065	-8581	6525	1628	-2147	509	
1959	-8548	6600	1645	-2139	482	
1851	-8515	6674	1664	-2129	457	
1743	-8480	6747	1683	-2121	430	
1637	-8444	6819	1698	-2114	402	
1527	-8408	6890	1716	-2104	375	
1420	-8369	6962	1734	-2093	348	
1309	-8330	7030	1750	-2082	322	
1198	-8289	7098	1768	-2072	294	
1091	-8247	7166	1784	-2062	268	
982	-8203	7231	1799	-2052	241	
874	-8158	7295	1816	-2039	214	
763	-8112	7360	1830	-2028	188	
653	-8065	7423	1846	-2018	162	
544	-8017	7484	1863	-2002	136	
434	-7968	7544	1877	-1991	111	
325	-7917	7603	1891	-1980	86	
215	-7865	7661	1906	-1965	61	
106	-7811	7718	1920	-1952	36	
-6	-7756	7774	1933	-1939	13	
-114	-7702	7828	1946	-1924	-16	
-222	-7646	7882	1959	-1909	-49	
-333	-7588	7935	1972	-1895	-89	
-443	-7528	7985	1984	-1879	-134	
-552	-7469	8035	1998	-1865	-165	
-662	-7407	8083	2010	-1851	-184	
-773	-7344	8130	2020	-1833	-201	
-882	-7282	8176	2033	-1816	-224	
-991	-7217	8222	2042	-1801	-253	
-1101	-7151	8266	2051	-1785	-284	
-1210	-7085	8308	2063	-1768	-312	
-1318	-7016	8349	2074	-1751	-338	
-1426	-6948	8389	2083	-1735	-365	
-1536	-6878	8428	2094	-1716	-391	
-1643	-6807	8466	2102	-1697	-419	
-1752	-6735	8502	2111	-1680	-446	
-1859	-6663	8537	2120	-1662	-472	
-1965	-6589	8571	2127	-1643	-498	
-2070	-6513	8602	2136	-1623	-525	
-2176	-6437	8633	2143	-1604	-553	
-2284	-6361	8663	2150	-1586	-579	
-2389	-6283	8692	2158	-1565	-605	
-2495	-6204	8718	2163	-1546	-632	
-2600	-6125	8744	2170	-1527	-658	
-2705	-6044	8769	2176	-1506	-684	
-2810	-5963	8793	2181	-1485	-711	
-2914	-5880	8814	2186	-1464	-737	
-3018	-5797	8834	2190	-1444	-763	
-3120	-5713	8853	2196	-1423	-788	
-3224	-5628	8872	2201	-1400	-814	
-3327	-5542	8888	2203	-1379	-839	
-3428	-5455	8903	2207	-1358	-865	
-3530	-5366	8917	2212	-1335	-890	
-3631	-5278	8930	2214	-1313	-915	
-3731	-5190	8941	2216	-1291	-940	
-3830	-5099	8950	2218	-1268	-964	
-3930	-5009	8959	2219	-1245	-990	
-4028	-4918	8966	2221	-1223	-1014	
-4124	-4826	8971	2223	-1199	-1037	
-4224	-4733	8976	2224	-1176	-1063	
-4320	-4639	8979	2224	-1154	-1086	
-4415	-4544	8981	2224	-1129	-1111	
