-4399	-4561	8980	2224	-1133	-1106	
-4494	-4465	8980	2225	-1109	-1130	
-4590	-4370	8980	2225	-1085	-1154	
-4683	-4273	8978	2224	-1060	-1177	
-4775	-4176	8973	2223	-1034	-1200	
-4870	-4079	8970	2221	-1011	-1224	
-4962	-3980	8964	2221	-986	-1246	
-5052	-3882	8956	2220	-961	-1268	
-5142	-3781	8948	2215	-938	-1292	
-5232	-3681	8936	2212	-914	-1314	
-5321	-3580	8925	2209	-888	-1336	
-5409	-3479	8912	2205	-862	-1358	
-5497	-3378	8897	2201	-836	-1379	
-5584	-3275	8882	2198	-812	-1402	
-5669	-3173	8865	2193	-785	-1423	
-5754	-3070	8847	2189	-759	-1443	
-5837	-2966	8828	2184	-735	-1464	
-5920	-2862	8807	2178	-708	-1485	
-6002	-2758	8784	2173	-681	-1504	
-6084	-2653	8760	2167	-655	-1524	
-6163	-2547	8736	2159	-629	-1545	
-6243	-2443	8709	2154	-603	-1564	
-6321	-2336	8681	2146	-577	-1585	
-6398	-2230	8652	2139	-550	-1602	
-6476	-2123	8623	2132	-523	-1622	
-6551	-2015	8592	2124	-497	-1642	
-6624	-1908	8558	2115	-469	-1660	
-6698	-1801	8525	2106	-443	-1679	
-6770	-1693	8490	2099	-416	-1696	
-6841	-1585	8453	2088	-389	-1713	
-6912	-1476	8415	2078	-363	-1731	
-6983	-1368	8376	2070	-334	-1748	
-7052	-1259	8336	2057	-309	-1766	
-7118	-1150	8294	2048	-283	-1782	
-7184	-1041	8251	2038	-254	-1797	
-7250	-932	8207	2027	-228	-1815	
-7314	-823	8161	2014	-202	-1830	
-7375	-712	8114	2003	-174	-1845	
-7438	-603	8066	1991	-147	-1860	
-7499	-493	8018	1979	-122	-1876	
-7559	-383	7967	1967	-96	-1891	
-7618	-273	7915	1952	-69	-1905	
-7674	-163	7863	1942	-44	-1918	
-7730	-53	7809	1928	-18	-1933	
-7785	57	7755	1912	7	-1948	
-7839	167	7698	1900	33	-1960	
-7891	277	7640	1886	62	-1974	
-7943	387	7583	1870	91	-1986	
-7993	497	7523	1854	127	-1997	
-8043	607	7462	1839	163	-2010	
-8092	716	7401	1825	194	-2020	
-8137	825	7338	1809	220	-2032	
-8183	935	7273	1793	243	-2044	
-8227	1045	7208	1776	267	-2055	
-8269	1154	7142	1760	293	-2066	
-8312	1263	7075	1743	320	-2076	
-8352	1372	7006	1727	350	-2086	
-8392	1481	6936	1709	379	-2096	
-8429	1589	6866	1691	404	-2105	
-8467	1697	6795	1674	432	-2113	
-8502	1805	6722	1655	459	-2122	
-8537	1912	6650	1636	484	-2131	
-8570	2019	6575	1619	511	-2139	
-8600	2126	6498	1599	538	-2146	
-8630	2233	6422	1580	565	-2153	
-8659	2340	6344	1561	591	-2161	
-8687	2446	6265	1542	618	-2167	
-8713	2551	6186	1521	644	-2174	
-8738	2656	6106	1500	670	-2181	
-8763	2761	6025	1481	698	-2186	
-8785	2866	5943	1460	724	-2191	
-8806	2970	5859	1440	749	-2197	
-8825	3074	5776	1418	775	-2201	
-8843	3177	5691	1398	800	-2205	
-8860	3279	5606	1376	826	-2210	
-8876	3381	5519	1355	852	-2213	
-8891	3483	5432	1334	878	-2217	
-8904	3585	5343	1310	902	-2220	
-8917	3686	5255	1289	927	-2222	
-8928	3786	5166	1267	953	-2225	
-8935	3885	5073	1245	979	-2227	
-8941	3984	4982	1223	1004	-2228	
-8948	4082	4892	1198	1027	-2231	
-8954	4180	4798	1176	1052	-2231	
-8957	4277	4704	1153	1076	-2230	
-8961	4374	4611	1128	1099	-2232	
-8961	4469	4515	1105	1123	-2232	
-8961	4564	4420	1081	1147	-2232	
-8960	4658	4323	1058	1171	-2233	
-8957	4752	4227	1034	1195	-2231	
-8952	4844	4130	1009	1218	-2230	
-8945	4938	4032	985	1239	-2228	
-8938	5030	3933	960	1263	-2225	
-8930	5120	3833	936	1285	-2223	
-8920	5210	3733	912	1308	-2221	
-8909	5299	3632	887	1331	-2218	
-8897	5386	3531	861	1352	-2214	
-8884	5475	3429	836	1374	-2210	
-8868	5563	3328	811	1395	-2207	
-8852	5648	3225	785	1415	-2202	
-8834	5733	3121	759	1438	-2197	
-8815	5817	3019	735	1458	-2193	
-8795	5900	2914	709	1478	-2188	
-8774	5982	2809	681	1500	-2182	
-8751	6064	2706	656	1519	-2177	
-8726	6145	2601	630	1540	-2169	
-8700	6224	2495	602	1560	-2164	
-8673	6303	2388	578	1579	-2157	
-8644	6381	2282	552	1599	-2150	
-8615	6458	2175	524	1617	-2143	
-8584	6534	2067	497	1636	-2134	
-8550	6609	1960	472	1654	-2126	
-8517	6683	1852	446	1673	-2117	
-8484	6756	1744	418	1692	-2108	
-8448	6828	1636	392	1709	-2099	
-8410	6899	1527	365	1727	-2090	
-8372	6968	1418	339	1744	-2081	
-8330	7037	1310	313	1761	-2070	
-8291	7105	1200	286	1778	-2060	
-8247	7172	1091	261	1795	-2048	
-8203	7238	982	233	1812	-2038	
-8160	7303	872	206	1827	-2027	
-8113	7366	762	182	1844	-2013	
-8066	7427	653	153	1858	-2003	
-8018	7488	542	128	1872	-1991	
-7968	7549	433	103	1888	-1978	
-7917	7608	324	76	1902	-1965	
-7864	7666	214	51	1916	-1951	
-7811	7722	103	25	1930	-1938	
-7757	7778	-7	-3	1944	-1924	
-7702	7833	-117	-34	1956	-1910	
-7644	7885	-228	-70	1971	-1897	
-7586	7938	-338	-104	1982	-1882	
-7528	7988	-448	-133	1995	-1867	
-7468	8038	-557	-159	2009	-1851	
-7407	8086	-667	-181	2020	-1835	
-7344	8133	-777	-204	2032	-1818	
-7280	8180	-887	-234	2042	-1804	
-7215	8224	-996	-263	2053	-1788	
-7149	8268	-1105	-289	2065	-1770	
-7083	8310	-1215	-316	2075	-1754	
-7016	8350	-1324	-343	2086	-1737	
-6947	8391	-1432	-370	2095	-1720	
-6877	8428	-1540	-396	2103	-1701	
-6806	8466	-1649	-425	2113	-1684	
-6732	8502	-1758	-452	2121	-1667	
-6659	8536	-1866	-476	2132	-1647	
-6586	8570	-1972	-503	2139	-1629	
-6512	8602	-2080	-531	2145	-1610	
-6435	8632	-2187	-557	2153	-1591	
-6357	8662	-2293	-583	2160	-1571	
-6280	8689	-2400	-611	2168	-1551	
-6202	8716	-2506	-637	2174	-1532	
-6122	8743	-2612	-663	2180	-1512	
-6041	8766	-2717	-689	2186	-1493	
-5960	8789	-2822	-714	2191	-1471	
-5877	8811	-2926	-740	2196	-1451	
-5793	8830	-3030	-765	2202	-1429	
-5710	8850	-3133	-790	2208	-1408	
-5625	8867	-3237	-817	2211	-1388	
-5538	8884	-3340	-841	2215	-1364	
-5452	8899	-3441	-866	2218	-1343	
-5365	8911	-3543	-892	2220	-1323	
-5276	8924	-3644	-918	2224	-1300	
-5187	8935	-3743	-942	2226	-1277	
-5096	8945	-3843	-967	2229	-1255	
-5006	8953	-3943	-992	2230	-1232	
-4914	8960	-4043	-1015	2232	-1209	
-4822	8966	-4140	-1041	2233	-1186	
-4730	8970	-4237	-1065	2234	-1162	
-4636	8972	-4334	-1089	2234	-1139	
-4540	8974	-4430	-1113	2235	-1116	
-4447	8974	-4525	-1135	2236	-1092	
-4351	8972	-4620	-1161	2233	-1069	
-4254	8970	-4715	-1182	2233	-1043	
-4157	8967	-4808	-1205	2232	-1019	
-4059	8961	-4901	-1229	2230	-995	
-3960	8954	-4992	-1250	2228	-969	
-3862	8947	-5084	-1274	2226	-945	
-3763	8937	-5174	-1295	2224	-920	
-3662	8926	-5264	-1317	2220	-896	
-3562	8914	-5353	-1340	2218	-870	
-3461	8900	-5440	-1362	2214	-844	
-3359	8886	-5528	-1383	2210	-819	
-3258	8870	-5614	-1403	2206	-794	
-3153	8853	-5700	-1425	2202	-769	
-3050	8835	-5784	-1447	2198	-742	
-2948	8813	-5868	-1467	2192	-717	
-2842	8792	-5952	-1487	2186	-691	
-2737	8769	-6033	-1507	2179	-664	
-2634	8745	-6114	-1527	2173	-638	
-2528	8721	-6194	-1547	2167	-612	
-2422	8694	-6273	-1566	2161	-586	
-2316	8666	-6351	-1586	2154	-559	
-2210	8637	-6429	-1606	2145	-533	
-2104	8606	-6505	-1624	2138	-506	
-1998	8575	-6580	-1641	2131	-478	
-1891	8541	-6656	-1660	2122	-452	
-1784	8507	-6728	-1678	2114	-426	
-1676	8471	-6801	-1695	2105	-398	
-1568	8434	-6873	-1713	2095	-372	
-1461	8397	-6943	-1732	2084	-345	
-1351	8356	-7013	-1748	2075	-319	
-1243	8317	-7080	-1764	2065	-292	
-1133	8274	-7148	-1782	2054	-265	
-1024	8229	-7214	-1798	2042	-238	
-915	8186	-7279	-1814	2030	-211	
-806	8140	-7344	-1829	2020	-184	
-697	8094	-7405	-1845	2006	-158	
-586	8046	-7467	-1860	1994	-132	
-475	7996	-7528	-1873	1984	-106	
-366	7946	-7587	-1889	1970	-81	
-257	7894	-7645	-1904	1956	-57	
-146	7840	-7702	-1917	1944	-31	
-35	7786	-7758	-1932	1930	-7	
73	7731	-7813	-1944	1915	18	
182	7675	-7867	-1957	1901	45	
292	7618	-7919	-1970	1886	75	
402	7559	-7971	-1982	1873	111	
512	7498	-8021	-1994	1857	151	
622	7438	-8070	-2006	1842	187	
731	7376	-8116	-2020	1827	213	
838	7312	-8163	-2030	1810	233	
949	7248	-8209	-2040	1794	255	
1059	7182	-8252	-2052	1777	280	
1167	7116	-8295	-2063	1760	308	
1276	7048	-8337	-2073	1742	337	
1385	6979	-8377	-2082	1726	367	
1493	6910	-8415	-2091	1708	393	
1602	6839	-8454	-2101	1690	419	
1711	6767	-8490	-2110	1672	446	
1818	6695	-8525	-2118	1653	472	
1924	6621	-8559	-2125	1636	501	
2032	6545	-8593	-2133	1617	527	
2139	6470	-8623	-2140	1598	553	
2245	6393	-8652	-2148	1579	580	
2352	6316	-8682	-2156	1559	606	
2456	6237	-8709	-2160	1541	633	
2563	6158	-8735	-2168	1519	659	
2668	6078	-8760	-2175	1498	685	
2772	5996	-8783	-2179	1479	712	
2877	5914	-8804	-2185	1457	737	
2980	5830	-8825	-2191	1437	764	
3082	5747	-8844	-2195	1416	789	
3185	5662	-8862	-2200	1393	814	
3288	5576	-8880	-2203	1373	841	
3390	5490	-8895	-2207	1350	865	
3491	5401	-8909	-2211	1327	890	
3591	5313	-8922	-2213	1307	916	
3693	5225	-8933	-2215	1285	941	
3793	5135	-8943	-2219	1261	965	
3891	5044	-8952	-2220	1239	990	
3991	4953	-8959	-2221	1215	1015	
4088	4861	-8965	-2224	1193	1039	
4184	4767	-8969	-2223	1170	1064	
4281	4673	-8973	-2225	1145	1088	
4378	4580	-8975	-2225	1121	1111	
4473	4485	-8976	-2224	1098	1136	
4569	4389	-8975	-2224	1074	1159	
4662	4292	-8972	-2222	1050	1182	
4755	4196	-8969	-2222	1027	1206	
4847	4098	-8964	-2221	1003	1228	
4939	4000	-8958	-2219	978	1251	
5032	3901	-8951	-2217	952	1275	
5121	3802	-8941	-2216	927	1296	
5210	3702	-8931	-2212	902	1319	
5299	3601	-8920	-2209	877	1341	
5387	3500	-8906	-2206	852	1363	
5476	3399	-8892	-2202	826	1385	
5561	3297	-8877	-2198	801	1406	
5646	3194	-8860	-2193	776	1429	
5731	3090	-8841	-2189	750	1448	
5815	2987	-8821	-2184	724	1469	
5897	2883	-8801	-2177	699	1490	
5979	2779	-8778	-2172	672	1509	
6061	2673	-8754	-2166	646	1531	
6142	2569	-8730	-2158	621	1550	
6222	2463	-8704	-2154	593	1570	
6300	2357	-8676	-2147	566	1589	
6378	2250	-8647	-2139	540	1608	
6453	2144	-8617	-2132	513	1627	
6528	2037	-8586	-2124	487	1646	
6602	1929	-8552	-2115	461	1665	
6676	1822	-8519	-2107	434	1683	
6749	1713	-8484	-2097	407	1701	
6819	1606	-8447	-2089	379	1718	
6890	1497	-8410	-2080	353	1735	
6960	1389	-8369	-2068	328	1753	
7029	1281	-8329	-2059	300	1769	
7096	1171	-8288	-2049	272	1787	
7161	1061	-8244	-2037	246	1804	
7227	952	-8200	-2026	220	1818	
7291	844	-8155	-2015	194	1835	
7354	734	-8109	-2003	167	1852	
7417	624	-8061	-1991	140	1867	
7476	514	-8012	-1979	115	1881	
7536	403	-7961	-1966	90	1895	
7595	293	-7911	-1953	64	1911	
7651	184	-7857	-1939	38	1926	
7709	73	-7804	-1926	12	1938	
7763	-36	-7749	-1912	-17	1952	
7817	-145	-7692	-1898	-50	1966	
7871	-256	-7635	-1885	-87	1979	
7922	-367	-7577	-1871	-124	1991	
7972	-478	-7517	-1855	-153	2003	
8020	-585	-7456	-1839	-177	2015	
8067	-696	-7393	-1824	-196	2028	
8114	-805	-7331	-1808	-220	2039	
8160	-914	-7267	-1792	-249	2050	
8203	-1024	-7202	-1776	-278	2061	
8247	-1133	-7136	-1760	-309	2071	
8288	-1242	-7068	-1741	-334	2084	
8328	-1352	-6999	-1724	-360	2092	
8368	-1459	-6930	-1708	-387	2102	
8407	-1567	-6860	-1689	-414	2111	
8443	-1676	-6788	-1671	-442	2119	
8479	-1784	-6716	-1655	-470	2129	
8513	-1891	-6643	-1636	-498	2137	
8544	-1998	-6568	-1617	-523	2145	
8576	-2104	-6492	-1599	-551	2153	
8608	-2211	-6415	-1580	-577	2159	
8637	-2317	-6338	-1561	-604	2167	
8664	-2423	-6260	-1540	-629	2174	
8691	-2530	-6181	-1520	-655	2180	
8716	-2635	-6100	-1502	-684	2186	
8739	-2740	-6019	-1480	-707	2192	
8761	-2844	-5936	-1459	-734	2196	
8782	-2948	-5853	-1441	-762	2200	
8801	-3052	-5770	-1418	-786	2207	
8818	-3155	-5685	-1397	-813	2212	
8837	-3257	-5599	-1377	-837	2214	
8854	-3360	-5514	-1354	-864	2218	
8868	-3463	-5425	-1332	-889	2223	
8880	-3564	-5337	-1310	-913	2226	
8892	-3663	-5248	-1289	-940	2228	
8902	-3764	-5159	-1266	-964	2231	
8912	-3864	-5068	-1243	-988	2234	
8919	-3962	-4976	-1220	-1012	2235	
8925	-4060	-4885	-1198	-1037	2236	
8932	-4158	-4792	-1174	-1062	2237	
8935	-4255	-4698	-1151	-1085	2237	
8937	-4352	-4605	-1129	-1111	2238	
8938	-4447	-4509	-1105	-1135	2238	
8937	-4542	-4413	-1081	-1157	2237	
8936	-4637	-4317	-1057	-1181	2238	
8932	-4731	-4220	-1033	-1205	2236	
8928	-4824	-4123	-1009	-1228	2235	
8923	-4915	-4024	-984	-1250	2234	
8916	-5007	-3926	-961	-1274	2231	
8907	-5097	-3826	-935	-1295	2230	
8897	-5188	-3727	-909	-1318	2227	
8886	-5278	-3627	-885	-1340	2224	
8874	-5365	-3525	-858	-1361	2221	
8860	-5454	-3423	-835	-1384	2217	
8844	-5540	-3321	-810	-1406	2213	
8828	-5625	-3218	-784	-1427	2208	
8810	-5711	-3114	-759	-1448	2203	
8791	-5796	-3011	-733	-1470	2199	
8772	-5879	-2907	-707	-1491	2193	
8750	-5962	-2803	-681	-1510	2188	
8727	-6043	-2698	-655	-1530	2183	
8703	-6123	-2593	-630	-1551	2175	
8676	-6203	-2488	-604	-1572	2167	
8648	-6281	-2381	-577	-1590	2162	
8620	-6360	-2273	-550	-1608	2156	
8591	-6438	-2167	-526	-1629	2147	
8560	-6513	-2060	-497	-1648	2139	
8528	-6587	-1952	-470	-1666	2131	
8495	-6661	-1844	-445	-1685	2122	
8460	-6734	-1738	-417	-1702	2115	
8424	-6807	-1628	-391	-1719	2105	
8385	-6877	-1520	-364	-1737	2096	
8346	-6947	-1412	-337	-1754	2085	
8306	-7016	-1303	-311	-1772	2075	
8266	-7083	-1194	-284	-1788	2066	
8223	-7150	-1084	-257	-1804	2055	
8180	-7217	-975	-230	-1821	2044	
8136	-7281	-866	-203	-1836	2032	
8090	-7344	-755	-177	-1853	2020	
8042	-7407	-645	-151	-1869	2009	
7994	-7468	-536	-124	-1884	1996	
7944	-7529	-427	-98	-1898	1983	
7893	-7587	-315	-73	-1913	1970	
7840	-7645	-206	-47	-1927	1957	
7788	-7702	-96	-21	-1941	1943	
7733	-7756	14	5	-1955	1930	
7678	-7811	124	31	-1970	1915	
7621	-7865	235	58	-1982	1901	
7563	-7916	345	88	-1993	1887	
7505	-7967	454	120	-2006	1871	
7443	-8017	564	154	-2018	1856	
7382	-8065	675	186	-2030	1842	
7320	-8112	784	212	-2043	1826	
7255	-8158	893	237	-2054	1808	
7192	-8203	1002	261	-2064	1793	
7127	-8247	1112	287	-2075	1776	
7060	-8289	1222	315	-2086	1759	
6991	-8329	1331	342	-2096	1743	
6921	-8369	1439	370	-2105	1724	
6852	-8408	1548	397	-2115	1707	
6781	-8444	1656	423	-2124	1689	
6709	-8480	1765	450	-2133	1670	
6636	-8515	1873	478	-2140	1653	
6563	-8549	1981	503	-2149	1633	
6488	-8581	2088	530	-2157	1614	
6412	-8611	2196	557	-2164	1596	
6336	-8641	2303	583	-2173	1576	
6255	-8669	2408	610	-2179	1557	
6176	-8696	2515	636	-2184	1538	
6097	-8721	2621	662	-2192	1518	
6018	-8745	2725	689	-2197	1498	
5936	-8768	2831	714	-2203	1476	
5854	-8790	2935	740	-2208	1456	
5772	-8810	3038	765	-2213	1435	
5685	-8829	3141	791	-2217	1414	
5601	-8847	3244	818	-2221	1393	
5516	-8863	3347	843	-2224	1370	
5428	-8879	3449	866	-2229	1349	
5341	-8892	3550	892	-2233	1327	
5251	-8904	3651	917	-2235	1305	
5162	-8915	3752	941	-2237	1283	
5074	-8924	3852	967	-2240	1260	
4982	-8931	3951	991	-2241	1238	
4890	-8939	4050	1016	-2243	1215	
4797	-8945	4148	1040	-2243	1192	
4703	-8949	4245	1064	-2245	1167	
4611	-8952	4342	1089	-2245	1145	
4517	-8953	4438	1112	-2245	1121	
4423	-8953	4533	1135	-2245	1096	
4326	-8952	4628	1162	-2243	1075	
4229	-8949	4722	1183	-2243	1050	
4134	-8946	4815	1204	-2243	1024	
4036	-8941	4908	1229	-2242	1000	
3937	-8934	5000	1250	-2240	975	
3838	-8925	5091	1271	-2238	949	
3737	-8916	5182	1294	-2235	924	
3639	-8906	5272	1316	-2232	901	
3540	-8893	5360	1339	-2229	875	
3438	-8879	5448	1361	-2225	851	
3336	-8865	5536	1381	-2222	825	
3233	-8850	5622	1404	-2216	799	
3131	-8833	5707	1426	-2211	774	
3028	-8813	5792	1446	-2209	748	
2924	-8793	5875	1466	-2203	723	
2819	-8772	5959	1487	-2196	696	
2715	-8749	6041	1508	-2191	670	
2611	-8725	6122	1527	-2183	645	
2506	-8700	6202	1547	-2177	618	
2400	-8673	6280	1567	-2172	592	
2293	-8646	6359	1584	-2164	565	
2187	-8616	6436	1605	-2156	539	
2082	-8585	6513	1624	-2148	513	
1975	-8554	6588	1641	-2141	485	
1867	-8520	6663	1661	-2132	459	
1759	-8486	6737	1679	-2122	432	
1651	-8451	6808	1696	-2115	405	
1543	-8413	6880	1713	-2106	379	
1435	-8375	6951	1731	-2095	352	
1326	-8335	7019	1748	-2086	326	
1217	-8295	7087	1765	-2076	300	
1108	-8253	7153	1782	-2064	273	
998	-8209	7221	1797	-2053	245	
889	-8166	7287	1814	-2042	220	
780	-8119	7350	1829	-2030	192	
670	-8072	7413	1845	-2018	167	
562	-8025	7473	1862	-2005	142	
451	-7975	7535	1875	-1993	113	
342	-7925	7594	1891	-1979	90	
232	-7873	7652	1905	-1966	66	
122	-7821	7710	1918	-1955	40	
13	-7765	7765	1931	-1939	16	
-97	-7710	7820	1944	-1927	-10	
-206	-7654	7874	1958	-1912	-43	
-316	-7596	7927	1970	-1896	-84	
-426	-7538	7978	1982	-1882	-127	
-536	-7478	8028	1995	-1867	-161	
-646	-7416	8075	2007	-1851	-181	
-754	-7354	8123	2018	-1836	-198	
-866	-7291	8170	2029	-1821	-220	
-975	-7227	8215	2042	-1803	-248	
-1084	-7162	8260	2051	-1786	-280	
-1194	-7096	8302	2062	-1771	-308	
-1302	-7027	8343	2073	-1753	-334	
-1410	-6958	8384	2082	-1737	-361	
-1517	-6889	8422	2092	-1719	-386	
-1626	-6818	8459	2101	-1702	-414	
-1735	-6746	8496	2109	-1683	-443	
-1842	-6674	8532	2119	-1664	-468	
-1949	-6600	8566	2127	-1646	-495	
-2056	-6524	8597	2133	-1626	-521	
-2160	-6449	8628	2141	-1609	-549	
-2266	-6371	8658	2149	-1589	-576	
-2373	-6295	8687	2156	-1568	-602	
-2480	-6217	8715	2163	-1548	-630	
-2585	-6136	8740	2168	-1530	-655	
-2689	-6056	8766	2174	-1510	-681	
-2794	-5975	8789	2180	-1488	-707	
-2898	-5893	8810	2185	-1468	-733	
-3002	-5809	8831	2189	-1447	-759	
-3106	-5725	8851	2195	-1426	-785	
-3208	-5640	8869	2199	-1405	-810	
-3309	-5555	8885	2203	-1383	-835	
-3412	-5467	8901	2206	-1362	-861	
-3513	-5380	8914	2211	-1338	-885	
-3615	-5292	8927	2214	-1316	-911	
-3716	-5204	8939	2215	-1294	-936	
-3814	-5114	8949	2219	-1270	-960	
-3914	-5023	8957	2220	-1248	-986	
-4012	-4932	8965	2221	-1226	-1011	
-4111	-4839	8971	2223	-1203	-1033	
-4208	-4746	8975	2223	-1179	-1059	
-4303	-4654	8979	2224	-1156	-1083	
-4400	-4559	8980	2225	-1133	-1107	
-4497	-4465	8980	2225	-1109	-1130	
-4591	-4369	8980	2225	-1085	-1153	
-4686	-4271	8978	2224	-1061	-1178	
-4778	-4175	8974	2221	-1036	-1201	
-4869	-4077	8969	2221	-1011	-1224	
-4962	-3979	8963	2220	-986	-1247	
-5055	-3880	8956	2217	-962	-1270	
-5143	-3780	8947	2216	-937	-1291	
-5232	-3681	8937	2212	-914	-1314	
-5323	-3580	8925	2209	-888	-1336	
-5410	-3480	8912	2206	-862	-1358	
-5498	-3378	8898	2202	-837	-1379	
-5584	-3274	8882	2198	-811	-1401	
-5669	-3172	8865	2192	-785	-1423	
-5753	-3069	8847	2189	-759	-1443	
-5837	-2966	8827	2183	-734	-1464	
-5920	-2862	8806	2176	-708	-1485	
-6002	-2757	8784	2173	-680	-1504	
-6085	-2652	8760	2166	-655	-1526	
-6165	-2546	8735	2159	-630	-1545	
-6243	-2440	8709	2153	-603	-1565	
-6322	-2334	8681	2146	-576	-1585	
-6400	-2229	8652	2139	-549	-1603	
-6474	-2122	8622	2132	-523	-1624	
-6551	-2015	8592	2124	-496	-1642	
-6626	-1907	8558	2115	-470	-1659	
-6699	-1800	8524	2106	-443	-1678	
-6772	-1693	8489	2097	-416	-1697	
-6842	-1584	8452	2090	-389	-1713	
-6913	-1476	8414	2081	-361	-1729	
-6983	-1367	8375	2069	-335	-1749	
-7050	-1258	8335	2060	-308	-1765	
-7118	-1149	8294	2049	-281	-1781	
-7184	-1040	8251	2038	-255	-1798	
-7250	-930	8206	2028	-228	-1813	
-7313	-821	8160	2014	-202	-1829	
-7376	-711	8114	2003	-175	-1846	
-7440	-603	8066	1992	-148	-1861	
-7499	-492	8017	1978	-122	-1875	
-7559	-382	7967	1966	-96	-1891	
-7617	-272	7915	1953	-70	-1905	
-7675	-162	7863	1939	-46	-1920	
-7731	-52	7809	1926	-19	-1934	
-7786	58	7754	1914	8	-1946	
-7840	168	7698	1899	33	-1960	
-7892	277	7640	1885	61	-1973	
-7942	387	7582	1870	92	-1985	
-7994	498	7522	1854	128	-1998	
-8044	607	7461	1841	163	-2010	
-8092	717	7401	1824	195	-2021	
-8138	827	7337	1808	220	-2033	
-8181	936	7273	1793	242	-2044	
-8227	1046	7207	1776	267	-2056	
-8270	1155	7141	1759	292	-2065	
-8310	1263	7073	1741	321	-2077	
-8352	1374	7005	1725	351	-2087	
-8393	1482	6936	1709	378	-2096	
-8430	1589	6865	1689	404	-2106	
-8466	1698	6794	1673	431	-2114	
-8502	1806	6722	1655	458	-2123	
-8536	1914	6648	1637	485	-2131	
-8568	2021	6573	1618	513	-2139	
-8599	2127	6497	1599	539	-2146	
-8631	2234	6421	1579	566	-2153	
-8660	2340	6343	1561	593	-2161	
-8687	2448	6266	1541	619	-2168	
-8714	2553	6187	1521	646	-2174	
-8738	2657	6105	1502	672	-2179	
-8762	2763	6024	1481	698	-2186	
-8783	2867	5942	1461	724	-2191	
-8806	2972	5860	1442	752	-2196	
-8825	3074	5775	1420	777	-2201	
-8843	3177	5690	1397	801	-2205	
-8861	3281	5604	1376	827	-2209	
-8877	3382	5518	1355	853	-2213	
-8892	3485	5431	1333	878	-2217	
-8904	3586	5343	1311	904	-2220	
-8915	3686	5254	1288	928	-2222	
-8925	3786	5163	1267	953	-2225	
-8935	3886	5074	1245	977	-2227	
-8945	3986	4983	1221	1002	-2229	
-8950	4083	4891	1199	1029	-2231	
-8955	4180	4798	1176	1052	-2231	
-8958	4277	4703	1152	1076	-2232	
-8960	4374	4610	1129	1100	-2232	
-8963	4470	4516	1104	1123	-2232	
-8961	4565	4419	1081	1147	-2233	
-8959	4660	4322	1056	1170	-2233	
-8956	4753	4225	1033	1195	-2231	
-8952	4846	4128	1009	1218	-2229	
-8947	4938	4030	984	1240	-2228	
-8940	5030	3932	961	1264	-2226	
-8930	5120	3833	934	1286	-2223	
-8921	5211	3732	911	1309	-2221	
-8909	5300	3632	887	1333	-2219	
-8897	5388	3531	860	1352	-2215	
-8883	5476	3428	835	1372	-2211	
-8868	5563	3326	810	1396	-2208	
-8851	5648	3223	786	1417	-2203	
-8834	5733	3121	760	1437	-2198	
-8816	5818	3018	734	1459	-2193	
-8795	5901	2913	708	1479	-2189	
-8773	5983	2809	682	1500	-2183	
-8749	6065	2705	656	1520	-2176	
-8726	6145	2600	629	1538	-2170	
-8699	6225	2494	605	1560	-2163	
-8671	6304	2387	579	1580	-2156	
-8644	6382	2281	550	1599	-2149	
-8614	6459	2174	526	1619	-2141	
-8584	6535	2066	498	1636	-2133	
-8552	6610	1959	472	1654	-2127	
-8519	6683	1851	446	1673	-2117	
-8484	6756	1743	418	1691	-2107	
-8446	6828	1635	393	1709	-2098	
-8410	6899	1526	364	1727	-2089	
-8371	6969	1416	338	1744	-2080	
-8331	7037	1308	312	1761	-2069	
-8289	7105	1199	285	1777	-2060	
-8247	7173	1090	259	1793	-2049	
-8204	7238	981	233	1811	-2038	
-8158	7303	871	207	1827	-2027	
-8113	7366	762	180	1842	-2014	
-8065	7428	651	154	1858	-2003	
-8016	7490	542	128	1873	-1991	
-7967	7550	433	102	1887	-1978	
-7915	7609	322	77	1902	-1964	
-7865	7666	213	52	1916	-1951	
-7813	7723	102	25	1930	-1938	
-7757	7779	-9	-4	1944	-1924	
-7701	7833	-118	-35	1957	-1910	
-7644	7886	-228	-70	1971	-1895	
-7585	7938	-338	-105	1983	-1882	
-7527	7988	-449	-133	1996	-1867	
-7468	8038	-559	-159	2009	-1851	
-7406	8086	-668	-183	2020	-1836	
-7343	8133	-779	-206	2031	-1820	
-7278	8179	-888	-233	2043	-1802	
-7215	8225	-997	-262	2054	-1787	
-7150	8268	-1106	-291	2064	-1770	
-7082	8311	-1215	-318	2075	-1752	
-7014	8351	-1325	-344	2085	-1738	
-6945	8390	-1434	-370	2095	-1719	
-6874	8428	-1542	-398	2104	-1702	
-6803	8467	-1651	-425	2113	-1685	
-6732	8503	-1758	-450	2122	-1666	
-6660	8536	-1865	-478	2131	-1648	
-6587	8570	-1973	-504	2139	-1628	
-6509	8603	-2081	-530	2147	-1610	
-6434	8632	-2188	-558	2153	-1591	
-6359	8661	-2295	-585	2161	-1571	
-6280	8691	-2400	-610	2167	-1552	
-6200	8717	-2507	-637	2174	-1532	
-6120	8742	-2614	-663	2180	-1512	
-6041	8767	-2719	-689	2186	-1491	
-5959	8790	-2823	-715	2192	-1471	
-5877	8812	-2928	-740	2197	-1450	
-5793	8831	-3031	-767	2201	-1430	
-5708	8850	-3134	-791	2205	-1408	
-5623	8868	-3238	-817	2212	-1387	
-5538	8885	-3341	-843	2215	-1365	
-5452	8900	-3442	-867	2217	-1343	
-5363	8913	-3544	-893	2220	-1321	
-5274	8925	-3645	-918	2223	-1299	
-5185	8935	-3745	-943	2227	-1277	
-5097	8945	-3845	-969	2228	-1255	
-5006	8954	-3944	-992	2230	-1232	
-4914	8960	-4042	-1016	2232	-1208	
-4821	8966	-4140	-1040	2232	-1187	
-4729	8970	-4238	-1063	2234	-1163	
-4636	8972	-4335	-1089	2234	-1139	
-4540	8974	-4431	-1113	2235	-1115	
-4446	8974	-4526	-1136	2235	-1091	
-4350	8973	-4621	-1160	2234	-1068	
-4254	8970	-4716	-1183	2232	-1045	
-4156	8965	-4809	-1206	2232	-1020	
-4059	8961	-4902	-1228	2231	-993	
-3961	8956	-4993	-1251	2228	-969	
-3860	8947	-5085	-1274	2225	-946	
-3761	8937	-5176	-1296	2224	-920	
-3660	8926	-5265	-1318	2221	-894	
-3560	8913	-5353	-1340	2217	-868	
-3459	8900	-5441	-1362	2214	-845	
-3357	8886	-5528	-1382	2211	-819	
-3256	8870	-5614	-1404	2207	-793	
-3153	8853	-5701	-1424	2203	-769	
-3049	8834	-5786	-1445	2198	-741	
-2947	8813	-5869	-1467	2191	-716	
-2843	8792	-5951	-1487	2185	-690	
-2737	8770	-6034	-1509	2180	-664	
-2632	8746	-6115	-1528	2173	-639	
-2527	8720	-6195	-1547	2167	-611	
-2421	8694	-6275	-1567	2161	-586	
-2315	8665	-6352	-1586	2153	-559	
-2210	8636	-6429	-1605	2146	-533	
-2104	8606	-6506	-1624	2137	-506	
-1996	8574	-6582	-1643	2130	-479	
-1889	8541	-6656	-1660	2123	-453	
-1783	8507	-6729	-1678	2113	-426	
-1675	8471	-6802	-1696	2104	-399	
-1567	8435	-6874	-1714	2094	-372	
-1459	8396	-6944	-1732	2084	-345	
-1350	8356	-7013	-1748	2074	-318	
-1242	8315	-7081	-1765	2064	-292	
-1134	8273	-7148	-1781	2053	-266	
-1024	8230	-7215	-1798	2042	-238	
-914	8186	-7279	-1814	2031	-212	
-804	8140	-7343	-1829	2019	-184	
-695	8093	-7405	-1844	2008	-158	
-585	8046	-7467	-1859	1995	-133	
-476	7996	-7528	-1874	1984	-106	
-365	7945	-7588	-1889	1970	-81	
-255	7894	-7647	-1904	1956	-56	
-146	7840	-7704	-1917	1943	-31	
-35	7787	-7760	-1931	1929	-6	
73	7731	-7813	-1945	1916	18	
184	7674	-7867	-1957	1902	44	
293	7616	-7921	-1969	1886	75	
403	7558	-7972	-1983	1871	111	
513	7498	-8022	-1995	1857	152	
622	7437	-8070	-2007	1841	188	
732	7375	-8117	-2018	1826	215	
841	7311	-8164	-2029	1811	235	
951	7247	-8209	-2042	1794	254	
1059	7182	-8253	-2051	1778	280	
1168	7115	-8296	-2061	1761	309	
1278	7048	-8337	-2072	1742	338	
1386	6978	-8377	-2082	1725	367	
1495	6909	-8417	-2092	1708	393	
1602	6839	-8454	-2100	1690	419	
1711	6767	-8490	-2110	1672	447	
1819	6694	-8525	-2119	1654	474	
1926	6621	-8558	-2126	1635	500	
2032	6545	-8592	-2134	1616	528	
2139	6470	-8623	-2142	1597	554	
2247	6394	-8653	-2149	1578	581	
2351	6315	-8682	-2154	1560	607	
2457	6236	-8709	-2163	1538	633	
2563	6157	-8735	-2168	1519	660	
2669	6076	-8760	-2173	1499	684	
2773	5995	-8784	-2180	1477	711	
2876	5912	-8805	-2186	1457	738	
2980	5829	-8825	-2191	1435	764	
3084	5746	-8845	-2194	1415	790	
3188	5661	-8862	-2198	1394	815	
3291	5575	-8880	-2203	1372	840	
3393	5488	-8896	-2207	1350	866	
3493	5400	-8910	-2210	1328	892	
3592	5311	-8922	-2212	1307	916	
3694	5223	-8934	-2216	1284	941	
3794	5134	-8943	-2219	1262	966	
3891	5043	-8951	-2220	1238	991	
3991	4952	-8959	-2221	1215	1016	
4089	4859	-8964	-2223	1193	1040	
4186	4766	-8970	-2224	1169	1064	
4284	4673	-8974	-2224	1146	1088	
4378	4579	-8976	-2225	1122	1112	
4474	4484	-8976	-2224	1098	1136	
4568	4388	-8975	-2224	1073	1159	
4662	4292	-8972	-2223	1050	1183	
4757	4195	-8968	-2221	1027	1207	
4848	4097	-8963	-2222	1002	1228	
4940	4000	-8958	-2219	979	1251	
5032	3900	-8951	-2216	954	1274	
5123	3800	-8942	-2214	927	1297	
5212	3701	-8931	-2213	902	1319	
5301	3600	-8919	-2210	877	1341	
5388	3499	-8907	-2206	852	1364	
5474	3397	-8892	-2201	826	1384	
5561	3295	-8876	-2197	801	1406	
5647	3194	-8860	-2194	775	1427	
5732	3090	-8842	-2189	749	1449	
5816	2986	-8821	-2184	723	1470	
5898	2882	-8799	-2180	697	1489	
5980	2777	-8778	-2172	673	1510	
6062	2673	-8755	-2166	645	1529	
6142	2567	-8729	-2162	618	1549	
6221	2461	-8704	-2153	593	1571	
6299	2356	-8677	-2146	566	1590	
6377	2249	-8646	-2140	540	1609	
6453	2143	-8617	-2131	514	1628	
6530	2036	-8585	-2124	486	1647	
6604	1929	-8553	-2115	459	1665	
6678	1821	-8519	-2106	434	1683	
6750	1713	-8482	-2098	407	1701	
6821	1605	-8446	-2088	380	1718	
6892	1496	-8409	-2080	352	1736	
6960	1388	-8369	-2069	327	1754	
7029	1279	-8328	-2058	300	1770	
7097	1170	-8287	-2049	272	1787	
7162	1061	-8244	-2038	246	1803	
7228	952	-8200	-2027	219	1819	
7292	841	-8155	-2014	192	1835	
7354	732	-8108	-2003	166	1852	
7416	623	-8061	-1992	140	1867	
7476	513	-8011	-1978	114	1881	
7536	403	-7960	-1966	89	1897	
7594	294	-7910	-1954	62	1909	
7653	183	-7857	-1939	38	1926	
7709	72	-7803	-1926	13	1940	
7763	-38	-7748	-1913	-18	1953	
7818	-147	-7692	-1896	-48	1967	
7871	-257	-7635	-1883	-86	1978	
7923	-368	-7576	-1870	-125	1990	
7972	-477	-7517	-1854	-153	2004	
8021	-587	-7456	-1838	-177	2016	
8068	-697	-7393	-1823	-198	2028	
8115	-806	-7331	-1808	-222	2039	
8160	-916	-7267	-1793	-250	2050	
8205	-1025	-7202	-1776	-280	2062	
8249	-1134	-7136	-1759	-309	2072	
8288	-1242	-7069	-1743	-336	2082	
8330	-1351	-7000	-1725	-361	2091	
8369	-1460	-6930	-1708	-387	2102	
8407	-1568	-6860	-1691	-416	2110	
8443	-1677	-6788	-1671	-444	2120	
8478	-1784	-6716	-1653	-469	2128	
8513	-1892	-6643	-1637	-497	2136	
8546	-1999	-6566	-1616	-524	2145	
8578	-2106	-6491	-1598	-550	2153	
8607	-2213	-6415	-1580	-577	2160	
8636	-2319	-6338	-1560	-603	2166	
8663	-2425	-6259	-1540	-630	2174	
8690	-2531	-6180	-1520	-656	2180	
8715	-2636	-6099	-1501	-683	2185	
8739	-2741	-6017	-1480	-708	2192	
8761	-2845	-5936	-1458	-734	2198	
8782	-2949	-5852	-1439	-761	2203	
8801	-3054	-5769	-1418	-787	2207	
8821	-3157	-5684	-1396	-812	2212	
8839	-3260	-5598	-1375	-839	2215	
8854	-3361	-5512	-1355	-865	2218	
8868	-3463	-5425	-1333	-889	2222	
8880	-3564	-5337	-1311	-914	2226	
8892	-3663	-5247	-1288	-938	2229	
8903	-3764	-5157	-1266	-965	2229	
8912	-3865	-5067	-1243	-990	2232	
8920	-3963	-4976	-1219	-1012	2236	
8927	-4061	-4883	-1198	-1037	2235	
8932	-4159	-4791	-1174	-1061	2237	
8936	-4255	-4697	-1150	-1086	2238	
8936	-4352	-4603	-1128	-1111	2238	
8938	-4449	-4508	-1104	-1135	2239	
8938	-4543	-4412	-1080	-1158	2238	
8935	-4638	-4316	-1056	-1182	2237	
8934	-4732	-4220	-1033	-1205	2236	
8929	-4824	-4121	-1009	-1228	2235	
8922	-4916	-4023	-984	-1251	2234	
8915	-5008	-3925	-959	-1274	2232	
8906	-5100	-3825	-935	-1296	2229	
8898	-5189	-3726	-910	-1320	2227	
8887	-5278	-3625	-884	-1340	2223	
8873	-5366	-3524	-861	-1363	2219	
8859	-5454	-3422	-835	-1385	2216	
8844	-5541	-3319	-808	-1405	2212	
8828	-5626	-3218	-784	-1428	2208	
8812	-5712	-3114	-759	-1448	2204	
8792	-5796	-3010	-733	-1469	2199	
8770	-5880	-2907	-706	-1490	2194	
8748	-5962	-2802	-681	-1510	2188	
8725	-6042	-2697	-656	-1532	2182	
8700	-6124	-2592	-628	-1551	2176	
8675	-6204	-2486	-603	-1571	2169	
8647	-6283	-2379	-576	-1590	2162	
8620	-6361	-2272	-549	-1608	2155	
8591	-6437	-2166	-523	-1628	2148	
8559	-6513	-2059	-498	-1648	2139	
8527	-6590	-1951	-471	-1666	2131	
8494	-6663	-1843	-444	-1685	2123	
8458	-6735	-1736	-418	-1703	2114	
8423	-6807	-1628	-390	-1721	2105	
8386	-6879	-1519	-365	-1738	2095	
8349	-6948	-1411	-337	-1754	2085	
8308	-7016	-1302	-310	-1772	2075	
8266	-7085	-1192	-285	-1789	2066	
8224	-7151	-1084	-256	-1804	2055	
8180	-7217	-975	-231	-1821	2043	
8136	-7281	-863	-203	-1837	2032	
8089	-7345	-754	-175	-1851	2020	
8042	-7407	-645	-151	-1869	2007	
7993	-7468	-534	-125	-1885	1995	
7943	-7529	-425	-98	-1898	1983	
7893	-7587	-316	-72	-1912	1970	
7840	-7646	-205	-46	-1928	1956	
7787	-7703	-94	-21	-1941	1941	
7731	-7757	16	5	-1956	1929	
7675	-7811	124	31	-1970	1914	
7619	-7864	235	58	-1982	1900	
7562	-7916	346	87	-1996	1886	
7503	-7967	455	121	-2006	1871	
7443	-8017	566	154	-2018	1856	
7382	-8066	676	184	-2032	1840	
7319	-8113	784	213	-2043	1826	
7257	-8158	894	238	-2055	1809	
7192	-8203	1004	261	-2066	1791	
7125	-8247	1113	288	-2076	1777	
7058	-8289	1222	316	-2086	1760	
6991	-8329	1331	343	-2096	1743	
6923	-8369	1442	371	-2106	1726	
6853	-8407	1550	397	-2115	1707	
6782	-8444	1658	423	-2125	1689	
6709	-8481	1766	450	-2133	1671	
6635	-8515	1874	478	-2140	1653	
6562	-8548	1981	505	-2149	1634	
6487	-8581	2090	531	-2158	1615	
6410	-8613	2197	557	-2166	1596	
6333	-8642	2303	584	-2172	1579	
6257	-8669	2411	610	-2179	1558	
6179	-8696	2516	636	-2185	1537	
6098	-8723	2621	662	-2192	1518	
6016	-8746	2727	689	-2197	1498	
5936	-8769	2832	715	-2202	1476	
5852	-8790	2935	740	-2208	1455	
5768	-8810	3039	767	-2212	1435	
5686	-8829	3143	793	-2216	1413	
5600	-8846	3245	817	-2221	1392	
5513	-8863	3348	844	-2224	1371	
5427	-8878	3450	869	-2228	1349	
5339	-8892	3551	892	-2232	1326	
5251	-8904	3652	918	-2236	1304	
5162	-8914	3752	943	-2237	1283	
5072	-8924	3852	968	-2239	1260	
4980	-8933	3951	992	-2241	1237	
4890	-8939	4050	1016	-2243	1214	
4799	-8945	4148	1041	-2244	1192	
4705	-8948	4245	1064	-2245	1168	
4611	-8952	4343	1088	-2246	1144	
4516	-8953	4439	1112	-2246	1120	
4421	-8954	4534	1136	-2245	1097	
4326	-8952	4629	1160	-2245	1072	
4229	-8949	4723	1182	-2244	1049	
4132	-8946	4816	1205	-2242	1025	
4033	-8940	4909	1227	-2242	1000	
3936	-8932	5001	1250	-2240	976	
3838	-8925	5093	1273	-2237	950	
3738	-8916	5183	1296	-2235	925	
3639	-8905	5272	1318	-2232	901	
3537	-8894	5361	1340	-2228	877	
3435	-8880	5449	1362	-2226	850	
3334	-8866	5536	1381	-2222	824	
3232	-8849	5622	1404	-2216	801	
3129	-8832	5708	1427	-2211	773	
3026	-8814	5792	1446	-2207	748	
2923	-8793	5876	1466	-2202	722	
2819	-8772	5958	1487	-2198	695	
2715	-8749	6040	1506	-2193	668	
2609	-8725	6122	1527	-2185	642	
2504	-8700	6203	1548	-2178	618	
2399	-8672	6282	1566	-2171	591	
2293	-8644	6360	1587	-2164	566	
2188	-8615	6438	1606	-2157	539	
2080	-8584	6514	1623	-2149	512	
1974	-8554	6588	1643	-2139	488	
1868	-8520	6663	1661	-2131	459	
1759	-8485	6737	1680	-2122	432	
1651	-8450	6809	1697	-2113	407	
1542	-8413	6880	1714	-2105	379	
1434	-8375	6951	1732	-2095	353	
1324	-8336	7020	1748	-2085	325	
1215	-8295	7088	1765	-2074	297	
1108	-8252	7155	1781	-2064	272	
998	-8208	7221	1797	-2054	246	
888	-8164	7286	1814	-2041	219	
778	-8119	7350	1830	-2029	192	
670	-8071	7413	1845	-2019	166	
560	-8024	7475	1859	-2006	139	
450	-7975	7535	1876	-1991	114	
341	-7924	7595	1891	-1980	89	
231	-7872	7653	1904	-1968	64	
122	-7819	7710	1918	-1953	41	
12	-7765	7766	1931	-1940	15	
-97	-7709	7821	1945	-1927	-13	
-207	-7653	7874	1958	-1912	-43	
-319	-7596	7926	1970	-1898	-84	
-429	-7537	7978	1983	-1883	-128	
-537	-7477	8029	1995	-1867	-162	
-647	-7416	8077	2008	-1851	-182	
-757	-7353	8124	2019	-1836	-199	
-865	-7291	8171	2030	-1820	-220	
-974	-7226	8215	2043	-1803	-248	
-1086	-7160	8260	2050	-1787	-280	
-1195	-7094	8303	2061	-1771	-308	
-1302	-7027	8344	2072	-1754	-335	
-1412	-6958	8384	2082	-1736	-361	
-1520	-6887	8423	2092	-1719	-387	
-1628	-6817	8461	2100	-1701	-415	
-1735	-6746	8497	2110	-1683	-442	
-1842	-6673	8532	2118	-1665	-470	
-1948	-6599	8566	2126	-1646	-495	
-2055	-6524	8598	2134	-1627	-521	
-2162	-6448	8629	2142	-1607	-548	
-2268	-6372	8659	2149	-1588	-576	
-2375	-6295	8688	2156	-1568	-603	
-2480	-6216	8715	2164	-1547	-626	
-2585	-6136	8740	2169	-1528	-653	
-2690	-6056	8765	2174	-1509	-682	
-2795	-5975	8790	2180	-1488	-707	
-2899	-5892	8811	2186	-1467	-732	
-3003	-5808	8832	2191	-1446	-758	
-3107	-5724	8851	2195	-1425	-784	
-3211	-5640	8869	2200	-1404	-811	
-3313	-5555	8886	2204	-1383	-835	
-3415	-5468	8901	2207	-1361	-860	
-3515	-5379	8915	2209	-1340	-887	
-3616	-5291	8927	2214	-1317	-912	
-3715	-5202	8939	2217	-1293	-936	
-3816	-5113	8950	2218	-1271	-961	
-3915	-5023	8958	2220	-1249	-985	
-4012	-4931	8964	2220	-1227	-1010	
-4111	-4840	8970	2223	-1203	-1035	
-4208	-4746	8975	2224	-1179	-1059	
-4305	-4652	8978	2224	-1156	-1083	
