-4325	-4635	8980	2224	-1150	-1087	
-4420	-4539	8980	2224	-1128	-1110	
-4514	-4444	8980	2225	-1104	-1136	
-4608	-4349	8980	2224	-1080	-1159	
-4703	-4253	8977	2223	-1056	-1181	
-4797	-4156	8973	2223	-1030	-1204	
-4889	-4057	8969	2221	-1005	-1228	
-4980	-3959	8962	2219	-982	-1252	
-5071	-3860	8953	2218	-957	-1272	
-5162	-3760	8944	2216	-932	-1296	
-5252	-3661	8935	2212	-907	-1318	
-5340	-3559	8922	2209	-882	-1339	
-5429	-3457	8909	2205	-857	-1362	
-5515	-3356	8895	2201	-831	-1383	
-5600	-3254	8878	2197	-806	-1405	
-5686	-3151	8862	2192	-780	-1427	
-5771	-3047	8843	2189	-754	-1448	
-5855	-2944	8823	2183	-728	-1468	
-5938	-2840	8802	2176	-702	-1490	
-6020	-2735	8779	2172	-676	-1510	
-6100	-2631	8754	2166	-649	-1529	
-6181	-2525	8730	2159	-624	-1550	
-6259	-2420	8703	2153	-598	-1570	
-6336	-2313	8675	2145	-571	-1588	
-6414	-2206	8646	2138	-545	-1607	
-6491	-2100	8615	2130	-518	-1626	
-6567	-1993	8585	2122	-492	-1645	
-6642	-1886	8552	2114	-465	-1663	
-6714	-1778	8517	2105	-437	-1682	
-6786	-1670	8481	2095	-411	-1700	
-6858	-1562	8444	2087	-384	-1717	
-6928	-1454	8406	2078	-357	-1734	
-6998	-1345	8367	2067	-330	-1752	
-7064	-1236	8326	2058	-303	-1769	
-7131	-1127	8285	2047	-276	-1785	
-7200	-1018	8241	2035	-250	-1802	
-7263	-909	8196	2024	-223	-1818	
-7327	-800	8151	2013	-196	-1833	
-7390	-690	8105	2002	-169	-1850	
-7451	-579	8057	1990	-143	-1864	
-7511	-469	8007	1977	-116	-1880	
-7570	-360	7957	1964	-91	-1894	
-7629	-251	7905	1951	-65	-1908	
-7686	-140	7852	1937	-39	-1922	
-7742	-30	7797	1925	-14	-1936	
-7797	81	7742	1911	12	-1950	
-7851	190	7686	1896	38	-1963	
-7904	300	7629	1882	68	-1976	
-7955	410	7571	1866	100	-1988	
-8004	520	7510	1852	135	-2001	
-8054	631	7449	1836	170	-2012	
-8101	740	7387	1821	200	-2024	
-8147	848	7324	1806	224	-2036	
-8193	958	7259	1790	247	-2046	
-8236	1067	7194	1773	271	-2058	
-8280	1177	7127	1756	298	-2069	
-8322	1286	7061	1738	326	-2079	
-8361	1395	6991	1720	355	-2088	
-8398	1504	6921	1705	385	-2098	
-8436	1612	6851	1686	411	-2108	
-8474	1719	6779	1667	436	-2116	
-8508	1828	6706	1651	463	-2124	
-8543	1935	6633	1632	490	-2132	
-8575	2043	6558	1613	516	-2141	
-8606	2150	6481	1595	544	-2148	
-8637	2256	6405	1577	571	-2155	
-8665	2363	6328	1556	597	-2162	
-8693	2469	6248	1536	624	-2169	
-8719	2574	6170	1517	651	-2176	
-8744	2679	6090	1498	678	-2180	
-8768	2783	6008	1477	704	-2187	
-8789	2889	5925	1456	729	-2193	
-8809	2993	5842	1437	756	-2196	
-8829	3095	5758	1415	781	-2202	
-8847	3198	5673	1393	806	-2207	
-8865	3302	5586	1372	831	-2210	
-8881	3402	5501	1350	858	-2215	
-8894	3504	5414	1329	884	-2218	
-8907	3606	5325	1306	907	-2221	
-8917	3706	5236	1284	933	-2223	
-8927	3807	5145	1262	958	-2226	
-8936	3906	5055	1240	982	-2226	
-8946	4004	4964	1216	1007	-2228	
-8951	4103	4871	1194	1032	-2230	
-8954	4200	4777	1171	1057	-2231	
-8959	4297	4684	1148	1081	-2232	
-8962	4393	4590	1124	1104	-2233	
-8963	4489	4495	1099	1128	-2232	
-8961	4584	4400	1077	1151	-2232	
-8959	4678	4303	1053	1175	-2231	
-8956	4771	4206	1028	1199	-2230	
-8950	4864	4108	1004	1223	-2228	
-8945	4956	4010	979	1244	-2227	
-8939	5048	3911	956	1267	-2226	
-8930	5138	3812	931	1290	-2222	
-8918	5229	3712	905	1311	-2221	
-8905	5318	3611	882	1334	-2217	
-8896	5406	3510	856	1357	-2213	
-8880	5493	3408	829	1377	-2211	
-8863	5580	3306	804	1399	-2206	
-8848	5666	3203	780	1420	-2201	
-8829	5750	3099	754	1441	-2197	
-8810	5835	2996	727	1463	-2191	
-8792	5918	2892	703	1485	-2185	
-8769	6001	2788	677	1504	-2181	
-8744	6082	2683	650	1523	-2175	
-8721	6163	2578	625	1543	-2167	
-8694	6242	2473	598	1564	-2160	
-8665	6319	2367	574	1584	-2153	
-8638	6398	2260	547	1603	-2147	
-8608	6474	2152	521	1623	-2139	
-8577	6550	2045	495	1641	-2131	
-8544	6625	1937	466	1658	-2124	
-8510	6699	1829	440	1678	-2115	
-8475	6773	1721	414	1696	-2105	
-8438	6843	1613	387	1714	-2095	
-8402	6914	1504	361	1731	-2086	
-8362	6984	1396	334	1747	-2078	
-8322	7051	1287	308	1765	-2067	
-8280	7119	1176	282	1781	-2058	
-8238	7186	1068	254	1797	-2046	
-8195	7251	959	227	1814	-2034	
-8149	7316	849	202	1830	-2024	
-8104	7380	739	175	1846	-2012	
-8055	7441	629	149	1861	-1999	
-8007	7502	519	123	1876	-1986	
-7958	7562	410	97	1890	-1974	
-7906	7620	299	71	1904	-1962	
-7853	7678	189	45	1919	-1948	
-7800	7734	79	20	1933	-1935	
-7745	7790	-31	-10	1946	-1921	
-7690	7844	-141	-43	1959	-1908	
-7633	7896	-250	-75	1973	-1893	
-7575	7948	-360	-112	1986	-1879	
-7517	7998	-471	-139	1998	-1864	
-7455	8047	-581	-161	2011	-1848	
-7393	8096	-691	-188	2023	-1833	
-7330	8142	-800	-212	2033	-1817	
-7266	8189	-910	-239	2045	-1800	
-7202	8233	-1020	-268	2056	-1784	
-7136	8277	-1129	-296	2064	-1768	
-7068	8319	-1239	-322	2076	-1751	
-7001	8359	-1346	-349	2087	-1734	
-6932	8398	-1455	-376	2096	-1717	
-6861	8437	-1565	-403	2106	-1698	
-6791	8473	-1672	-430	2115	-1681	
-6719	8508	-1781	-456	2125	-1662	
-6644	8543	-1889	-482	2132	-1644	
-6571	8576	-1995	-509	2140	-1626	
-6496	8608	-2102	-535	2149	-1604	
-6419	8638	-2209	-562	2155	-1586	
-6341	8668	-2316	-589	2161	-1568	
-6264	8696	-2423	-615	2168	-1548	
-6185	8722	-2528	-643	2176	-1529	
-6106	8748	-2634	-667	2182	-1508	
-6024	8771	-2740	-694	2187	-1488	
-5941	8793	-2844	-722	2193	-1466	
-5859	8815	-2949	-745	2197	-1445	
-5774	8835	-3052	-772	2203	-1426	
-5692	8854	-3155	-798	2206	-1404	
-5607	8871	-3259	-821	2212	-1383	
-5521	8887	-3361	-847	2216	-1361	
-5434	8902	-3463	-873	2217	-1340	
-5345	8915	-3564	-898	2222	-1317	
-5258	8926	-3666	-923	2224	-1294	
-5168	8938	-3765	-948	2227	-1271	
-5077	8947	-3865	-972	2229	-1250	
-4987	8955	-3964	-997	2230	-1227	
-4895	8961	-4063	-1021	2232	-1204	
-4803	8966	-4161	-1046	2234	-1181	
-4709	8971	-4257	-1071	2234	-1157	
-4615	8973	-4355	-1094	2234	-1133	
-4521	8973	-4451	-1117	2234	-1111	
-4426	8974	-4545	-1141	2235	-1087	
-4329	8972	-4641	-1164	2235	-1062	
-4232	8969	-4735	-1187	2233	-1038	
-4137	8966	-4828	-1211	2231	-1013	
-4039	8960	-4919	-1233	2230	-989	
-3939	8953	-5012	-1256	2227	-965	
-3840	8945	-5103	-1278	2226	-939	
-3742	8935	-5193	-1300	2223	-914	
-3642	8924	-5283	-1322	2220	-890	
-3540	8911	-5372	-1344	2217	-865	
-3439	8898	-5460	-1366	2213	-840	
-3338	8883	-5547	-1387	2209	-814	
-3236	8867	-5633	-1407	2207	-788	
-3133	8849	-5718	-1430	2201	-763	
-3028	8829	-5802	-1449	2195	-737	
-2926	8810	-5886	-1470	2191	-710	
-2821	8788	-5969	-1492	2184	-685	
-2716	8765	-6051	-1511	2178	-659	
-2611	8741	-6131	-1531	2172	-632	
-2506	8715	-6211	-1551	2165	-607	
-2399	8688	-6291	-1570	2160	-582	
-2292	8659	-6368	-1590	2151	-554	
-2187	8631	-6446	-1609	2143	-527	
-2081	8600	-6522	-1627	2138	-501	
-1975	8568	-6597	-1647	2127	-474	
-1867	8534	-6671	-1664	2119	-448	
-1761	8499	-6745	-1681	2112	-422	
-1654	8464	-6817	-1701	2102	-395	
-1546	8426	-6888	-1718	2092	-367	
-1439	8387	-6959	-1734	2082	-340	
-1330	8348	-7027	-1752	2073	-313	
-1221	8307	-7095	-1768	2062	-286	
-1111	8265	-7162	-1785	2050	-260	
-1001	8222	-7227	-1801	2040	-233	
-891	8176	-7293	-1816	2029	-205	
-783	8130	-7356	-1832	2017	-179	
-673	8083	-7418	-1848	2005	-153	
-562	8034	-7480	-1862	1993	-126	
-454	7986	-7540	-1877	1981	-102	
-343	7935	-7600	-1891	1968	-75	
-232	7882	-7658	-1905	1954	-49	
-123	7830	-7715	-1922	1939	-26	
-13	7775	-7770	-1934	1927	-2	
97	7720	-7825	-1947	1912	24	
207	7663	-7878	-1961	1897	50	
315	7605	-7931	-1972	1883	81	
425	7547	-7982	-1986	1869	119	
533	7486	-8031	-1997	1853	159	
644	7425	-8080	-2009	1838	194	
753	7362	-8127	-2022	1823	219	
862	7298	-8173	-2031	1806	239	
973	7235	-8218	-2043	1791	259	
1081	7169	-8261	-2053	1775	285	
1190	7102	-8304	-2064	1757	316	
1300	7034	-8345	-2073	1740	344	
1409	6965	-8385	-2084	1722	372	
1517	6895	-8424	-2094	1704	399	
1624	6824	-8461	-2102	1686	426	
1733	6752	-8497	-2111	1668	452	
1841	6679	-8532	-2119	1650	479	
1949	6606	-8566	-2128	1631	505	
2056	6530	-8599	-2136	1612	533	
2162	6454	-8630	-2144	1592	559	
2267	6377	-8659	-2152	1574	585	
2373	6299	-8687	-2156	1556	613	
2479	6221	-8714	-2164	1534	637	
2584	6141	-8739	-2171	1514	663	
2689	6060	-8764	-2176	1494	692	
2793	5979	-8788	-2182	1474	717	
2898	5896	-8809	-2187	1453	742	
3001	5813	-8830	-2191	1432	768	
3105	5729	-8849	-2195	1411	795	
3208	5643	-8867	-2201	1388	820	
3310	5557	-8884	-2205	1368	845	
3411	5470	-8898	-2207	1345	871	
3513	5382	-8911	-2210	1324	897	
3615	5294	-8923	-2213	1303	922	
3713	5205	-8935	-2216	1279	946	
3813	5116	-8945	-2217	1259	972	
3913	5025	-8953	-2218	1235	996	
4011	4933	-8960	-2222	1211	1019	
4108	4841	-8966	-2223	1188	1045	
4205	4748	-8970	-2224	1164	1069	
4303	4653	-8974	-2224	1141	1093	
4399	4560	-8975	-2224	1118	1117	
4493	4465	-8976	-2224	1094	1140	
4588	4368	-8974	-2223	1069	1164	
4682	4272	-8971	-2223	1045	1187	
4774	4175	-8968	-2222	1020	1210	
4865	4077	-8962	-2220	997	1234	
4958	3979	-8956	-2217	973	1257	
5050	3880	-8948	-2216	947	1279	
5141	3781	-8940	-2214	923	1301	
5231	3680	-8930	-2211	897	1323	
5318	3580	-8917	-2209	871	1346	
5405	3479	-8904	-2205	847	1368	
5492	3377	-8889	-2201	821	1388	
5579	3275	-8873	-2197	796	1411	
5665	3172	-8856	-2193	770	1433	
5749	3068	-8837	-2188	744	1453	
5833	2966	-8818	-2182	719	1474	
5917	2862	-8796	-2178	692	1494	
5999	2756	-8773	-2171	666	1514	
6077	2651	-8749	-2164	641	1534	
6157	2547	-8724	-2160	613	1554	
6237	2440	-8698	-2152	587	1573	
6315	2334	-8670	-2145	562	1594	
6391	2228	-8641	-2137	535	1613	
6468	2122	-8610	-2129	508	1632	
6545	2014	-8578	-2122	481	1651	
6619	1907	-8545	-2113	455	1668	
6692	1799	-8512	-2105	428	1687	
6764	1691	-8476	-2096	401	1705	
6835	1583	-8439	-2087	374	1723	
6906	1475	-8402	-2076	348	1741	
6974	1366	-8360	-2066	321	1756	
7043	1257	-8321	-2056	295	1774	
7110	1149	-8280	-2044	269	1791	
7177	1040	-8236	-2036	241	1806	
7241	929	-8191	-2024	214	1823	
7306	820	-8145	-2012	187	1839	
7368	710	-8099	-2001	161	1855	
7427	601	-8050	-1988	134	1870	
7488	492	-8001	-1977	108	1885	
7548	381	-7950	-1964	85	1899	
7607	270	-7899	-1950	58	1913	
7664	161	-7847	-1938	32	1928	
7721	51	-7792	-1923	5	1942	
7775	-60	-7737	-1909	-23	1955	
7827	-170	-7680	-1895	-57	1968	
7879	-279	-7623	-1881	-95	1979	
7932	-390	-7565	-1866	-130	1994	
7983	-500	-7504	-1851	-160	2007	
8030	-609	-7444	-1836	-181	2018	
8077	-719	-7381	-1821	-202	2030	
8124	-828	-7318	-1806	-228	2040	
8170	-937	-7254	-1788	-257	2052	
8215	-1047	-7188	-1772	-287	2063	
8257	-1156	-7122	-1756	-313	2074	
8299	-1265	-7054	-1739	-341	2084	
8337	-1373	-6986	-1723	-368	2094	
8375	-1482	-6916	-1704	-393	2102	
8413	-1590	-6845	-1687	-421	2111	
8450	-1698	-6774	-1669	-449	2121	
8486	-1806	-6700	-1650	-475	2130	
8518	-1912	-6627	-1632	-501	2139	
8553	-2019	-6552	-1614	-530	2146	
8584	-2127	-6476	-1594	-556	2154	
8613	-2234	-6400	-1575	-582	2162	
8642	-2340	-6322	-1557	-609	2168	
8669	-2447	-6244	-1537	-636	2175	
8695	-2552	-6164	-1516	-663	2180	
8720	-2657	-6082	-1495	-688	2188	
8745	-2762	-6001	-1475	-714	2193	
8766	-2866	-5918	-1456	-740	2197	
8786	-2970	-5836	-1434	-765	2205	
8806	-3074	-5752	-1414	-793	2209	
8824	-3177	-5667	-1394	-820	2212	
8842	-3279	-5581	-1372	-844	2216	
8857	-3382	-5494	-1350	-869	2220	
8870	-3483	-5407	-1329	-895	2223	
8883	-3584	-5319	-1306	-919	2226	
8894	-3685	-5229	-1283	-944	2229	
8904	-3784	-5139	-1261	-969	2232	
8913	-3883	-5049	-1239	-994	2234	
8920	-3983	-4958	-1216	-1018	2235	
8927	-4081	-4865	-1192	-1041	2237	
8932	-4178	-4773	-1170	-1067	2237	
8936	-4276	-4679	-1148	-1092	2237	
8937	-4372	-4584	-1122	-1115	2240	
8938	-4468	-4489	-1100	-1140	2239	
8937	-4562	-4392	-1077	-1163	2238	
8934	-4656	-4296	-1051	-1185	2239	
8932	-4751	-4200	-1027	-1209	2237	
8929	-4843	-4102	-1003	-1234	2235	
8923	-4934	-4004	-980	-1256	2233	
8915	-5026	-3905	-954	-1278	2233	
8906	-5117	-3805	-929	-1301	2229	
8895	-5206	-3705	-905	-1323	2225	
8883	-5295	-3604	-880	-1345	2223	
8871	-5384	-3502	-853	-1366	2220	
8857	-5472	-3402	-830	-1389	2216	
8841	-5559	-3300	-805	-1412	2211	
8823	-5644	-3197	-777	-1432	2209	
8805	-5729	-3093	-753	-1453	2203	
8788	-5813	-2990	-728	-1474	2197	
8768	-5896	-2886	-703	-1494	2192	
8744	-5979	-2782	-676	-1515	2186	
8721	-6060	-2676	-650	-1534	2181	
8695	-6141	-2571	-625	-1555	2174	
8670	-6220	-2465	-597	-1576	2169	
8642	-6299	-2358	-571	-1594	2161	
8613	-6377	-2252	-545	-1613	2153	
8584	-6454	-2144	-517	-1632	2146	
8553	-6529	-2036	-490	-1651	2138	
8521	-6604	-1930	-465	-1670	2130	
8487	-6678	-1822	-440	-1688	2121	
8453	-6750	-1714	-413	-1707	2112	
8417	-6822	-1606	-386	-1724	2103	
8377	-6893	-1498	-358	-1742	2093	
8338	-6962	-1388	-332	-1758	2083	
8299	-7030	-1279	-307	-1775	2073	
8258	-7098	-1170	-277	-1793	2063	
8214	-7166	-1061	-252	-1810	2052	
8171	-7230	-952	-226	-1825	2040	
8126	-7294	-843	-197	-1839	2029	
8079	-7357	-732	-174	-1857	2016	
8033	-7419	-622	-147	-1872	2006	
7984	-7481	-512	-119	-1886	1994	
7934	-7541	-403	-94	-1902	1980	
7882	-7599	-293	-66	-1916	1967	
7829	-7657	-182	-41	-1931	1953	
7777	-7713	-72	-16	-1944	1941	
7722	-7768	38	11	-1957	1927	
7667	-7822	147	36	-1971	1912	
7610	-7875	257	65	-1984	1898	
7551	-7927	368	95	-1997	1883	
7491	-7978	477	127	-2008	1869	
7430	-8027	588	161	-2021	1854	
7370	-8075	698	191	-2033	1838	
7306	-8122	807	216	-2045	1822	
7242	-8168	917	242	-2057	1807	
7178	-8212	1026	267	-2067	1790	
7113	-8255	1135	294	-2078	1772	
7046	-8297	1244	321	-2087	1756	
6976	-8338	1353	349	-2097	1739	
6907	-8378	1462	376	-2108	1721	
6836	-8415	1571	402	-2116	1703	
6765	-8452	1680	429	-2126	1686	
6695	-8487	1787	457	-2135	1669	
6621	-8522	1896	483	-2142	1648	
6548	-8555	2004	510	-2150	1631	
6471	-8587	2110	537	-2157	1612	
6395	-8618	2218	563	-2166	1593	
6320	-8646	2326	589	-2174	1573	
6241	-8673	2432	614	-2181	1553	
6162	-8701	2537	642	-2187	1534	
6081	-8726	2643	668	-2192	1513	
6000	-8750	2748	694	-2198	1493	
5919	-8773	2853	719	-2204	1472	
5837	-8794	2956	745	-2209	1451	
5753	-8814	3059	772	-2213	1432	
5668	-8832	3163	796	-2219	1408	
5583	-8850	3265	823	-2221	1387	
5497	-8867	3369	848	-2225	1366	
5410	-8881	3470	870	-2230	1343	
5321	-8894	3571	898	-2231	1323	
5232	-8907	3672	923	-2236	1300	
5143	-8916	3772	947	-2238	1278	
5053	-8926	3873	972	-2240	1256	
4964	-8935	3972	997	-2242	1233	
4873	-8941	4070	1021	-2242	1211	
4779	-8946	4168	1045	-2245	1187	
4685	-8950	4265	1069	-2245	1164	
4592	-8953	4362	1093	-2245	1141	
4496	-8953	4458	1118	-2245	1116	
4402	-8953	4553	1141	-2244	1091	
4308	-8952	4646	1164	-2244	1068	
4210	-8949	4742	1187	-2243	1044	
4113	-8944	4835	1209	-2244	1019	
4016	-8939	4927	1233	-2242	996	
3917	-8932	5020	1255	-2239	971	
3817	-8923	5110	1278	-2237	947	
3717	-8914	5200	1301	-2235	921	
3617	-8902	5290	1321	-2231	895	
3517	-8890	5378	1344	-2229	870	
3416	-8877	5466	1364	-2227	842	
3313	-8862	5553	1386	-2221	820	
3212	-8846	5641	1409	-2216	796	
3110	-8828	5726	1430	-2211	768	
3007	-8809	5810	1451	-2205	743	
2902	-8789	5893	1471	-2201	718	
2798	-8766	5975	1491	-2196	691	
2694	-8744	6057	1511	-2190	665	
2588	-8721	6139	1532	-2184	639	
2483	-8695	6219	1551	-2176	613	
2378	-8667	6298	1571	-2170	587	
2272	-8639	6376	1590	-2163	561	
2167	-8610	6453	1608	-2156	534	
2060	-8578	6529	1627	-2147	508	
1953	-8547	6604	1644	-2139	480	
1844	-8513	6678	1663	-2131	454	
1738	-8478	6751	1682	-2121	428	
1631	-8443	6824	1698	-2114	399	
1521	-8405	6895	1717	-2103	373	
1412	-8367	6965	1735	-2093	348	
1302	-8328	7035	1752	-2083	320	
1194	-8286	7102	1769	-2072	293	
1086	-8244	7169	1784	-2062	266	
976	-8200	7235	1800	-2051	241	
866	-8155	7300	1817	-2040	215	
756	-8110	7363	1832	-2028	187	
647	-8062	7425	1848	-2015	160	
539	-8015	7487	1863	-2003	135	
429	-7965	7547	1878	-1991	110	
320	-7914	7607	1893	-1978	84	
210	-7862	7664	1907	-1964	60	
100	-7809	7721	1920	-1951	34	
-9	-7754	7777	1934	-1938	10	
-118	-7698	7831	1947	-1923	-16	
-229	-7642	7886	1961	-1908	-52	
-340	-7585	7938	1974	-1894	-93	
-450	-7525	7988	1985	-1879	-136	
-559	-7464	8038	1998	-1863	-167	
-669	-7404	8087	2009	-1849	-186	
-779	-7341	8134	2021	-1832	-200	
-888	-7278	8180	2033	-1816	-223	
-998	-7213	8226	2043	-1800	-255	
-1107	-7148	8269	2055	-1783	-285	
-1217	-7081	8311	2065	-1767	-313	
-1324	-7013	8351	2075	-1749	-339	
-1432	-6944	8391	2084	-1733	-365	
-1542	-6874	8430	2093	-1715	-393	
-1650	-6804	8468	2103	-1697	-420	
-1757	-6731	8503	2111	-1680	-447	
-1863	-6659	8539	2120	-1660	-474	
-1969	-6584	8572	2128	-1642	-501	
-2076	-6509	8604	2136	-1622	-528	
-2182	-6433	8636	2142	-1605	-554	
-2288	-6356	8665	2149	-1586	-581	
-2394	-6279	8693	2158	-1564	-608	
-2500	-6199	8720	2164	-1545	-634	
-2607	-6119	8745	2168	-1525	-661	
-2711	-6040	8770	2176	-1504	-686	
-2817	-5958	8793	2181	-1484	-712	
-2921	-5875	8816	2187	-1464	-738	
-3023	-5792	8836	2191	-1443	-764	
-3127	-5708	8855	2195	-1420	-789	
-3230	-5623	8873	2200	-1399	-814	
-3333	-5537	8888	2204	-1378	-840	
-3436	-5450	8904	2209	-1356	-867	
-3534	-5363	8918	2212	-1334	-891	
-3635	-5274	8930	2215	-1311	-916	
-3736	-5184	8941	2217	-1288	-942	
-3837	-5094	8951	2220	-1265	-965	
-3934	-5004	8959	2221	-1243	-991	
-4032	-4913	8966	2221	-1222	-1016	
-4130	-4820	8971	2223	-1200	-1040	
-4226	-4728	8976	2223	-1175	-1065	
-4325	-4634	8979	2224	-1151	-1088	
-4421	-4540	8981	2225	-1127	-1111	
-4516	-4445	8981	2225	-1104	-1135	
-4610	-4348	8980	2225	-1079	-1159	
-4704	-4251	8977	2223	-1056	-1183	
-4798	-4155	8974	2223	-1033	-1205	
-4889	-4057	8968	2221	-1006	-1229	
-4981	-3958	8961	2219	-980	-1251	
-5073	-3859	8954	2216	-957	-1274	
-5162	-3760	8945	2215	-931	-1297	
-5251	-3660	8934	2211	-907	-1319	
-5340	-3559	8923	2207	-882	-1341	
-5429	-3458	8909	2205	-856	-1362	
-5516	-3356	8894	2201	-831	-1383	
-5601	-3253	8878	2197	-805	-1405	
-5687	-3150	8861	2192	-780	-1427	
-5771	-3047	8843	2188	-754	-1447	
-5855	-2944	8824	2184	-729	-1468	
-5938	-2839	8802	2176	-703	-1489	
-6020	-2735	8779	2171	-675	-1510	
-6101	-2630	8756	2166	-649	-1530	
-6181	-2524	8729	2159	-623	-1550	
-6260	-2419	8704	2151	-598	-1569	
-6337	-2313	8676	2145	-571	-1589	
-6416	-2206	8647	2137	-543	-1608	
-6492	-2099	8617	2130	-519	-1625	
-6567	-1992	8584	2122	-490	-1645	
-6641	-1885	8551	2112	-464	-1664	
-6714	-1778	8516	2106	-437	-1681	
-6787	-1670	8481	2095	-410	-1699	
-6857	-1562	8444	2087	-384	-1717	
-6927	-1453	8406	2079	-356	-1734	
-6996	-1345	8367	2067	-329	-1752	
-7065	-1236	8326	2058	-302	-1768	
-7132	-1127	8284	2047	-276	-1784	
-7197	-1017	8242	2035	-250	-1802	
-7263	-908	8197	2023	-223	-1818	
-7327	-799	8151	2013	-196	-1833	
-7389	-690	8104	2001	-168	-1849	
-7452	-580	8055	1988	-142	-1864	
-7512	-469	8007	1976	-116	-1880	
-7572	-360	7956	1963	-90	-1894	
-7630	-250	7904	1951	-63	-1908	
-7687	-139	7852	1937	-39	-1922	
-7743	-29	7797	1923	-14	-1936	
-7798	80	7743	1910	13	-1950	
-7851	190	7686	1895	39	-1963	
-7903	300	7628	1881	66	-1975	
-7954	410	7570	1867	99	-1988	
-8004	520	7510	1851	135	-2001	
-8054	630	7449	1836	170	-2012	
-8102	740	7387	1820	200	-2023	
-8147	849	7323	1804	226	-2035	
-8192	959	7259	1789	248	-2047	
-8235	1068	7194	1773	272	-2057	
-8278	1177	7127	1756	298	-2068	
-8320	1286	7060	1739	327	-2078	
-8361	1396	6991	1723	358	-2088	
-8400	1504	6921	1705	385	-2098	
-8436	1612	6850	1686	411	-2107	
-8473	1720	6779	1669	436	-2116	
-8509	1828	6707	1651	463	-2125	
-8543	1936	6633	1633	491	-2132	
-8576	2043	6558	1613	517	-2140	
-8607	2149	6482	1594	544	-2149	
-8637	2256	6405	1576	572	-2156	
-8665	2363	6327	1556	597	-2162	
-8692	2469	6249	1536	624	-2168	
-8719	2574	6169	1517	650	-2175	
-8744	2680	6089	1498	677	-2180	
-8767	2784	6008	1477	705	-2186	
-8789	2888	5925	1455	729	-2192	
-8809	2992	5841	1437	756	-2196	
-8828	3096	5758	1416	781	-2202	
-8847	3200	5674	1393	806	-2207	
-8865	3302	5588	1372	832	-2210	
-8879	3403	5500	1350	857	-2214	
-8893	3504	5413	1328	883	-2217	
-8908	3606	5325	1306	909	-2220	
-8920	3707	5236	1285	933	-2223	
-8930	3807	5145	1262	958	-2225	
-8938	3905	5055	1239	983	-2228	
-8945	4005	4963	1215	1006	-2230	
-8950	4103	4870	1192	1033	-2231	
-8954	4201	4779	1171	1057	-2232	
-8958	4298	4685	1147	1080	-2233	
-8961	4393	4589	1123	1105	-2232	
-8961	4490	4495	1100	1127	-2231	
-8960	4584	4398	1075	1152	-2232	
-8959	4679	4302	1052	1176	-2231	
-8955	4773	4204	1027	1199	-2229	
-8951	4865	4107	1004	1221	-2229	
-8946	4957	4010	980	1244	-2227	
-8937	5048	3911	955	1267	-2226	
-8927	5139	3811	930	1289	-2223	
-8918	5230	3711	907	1311	-2220	
-8908	5319	3611	881	1335	-2217	
-8893	5406	3509	856	1358	-2213	
-8878	5494	3407	831	1379	-2210	
-8866	5581	3306	805	1399	-2206	
-8849	5666	3203	780	1421	-2201	
-8830	5751	3100	755	1442	-2196	
-8811	5835	2996	728	1463	-2192	
-8789	5918	2893	703	1484	-2186	
-8768	6000	2788	677	1504	-2180	
-8744	6082	2682	651	1525	-2175	
-8719	6162	2578	624	1545	-2169	
-8693	6242	2472	598	1565	-2161	
-8666	6321	2366	574	1584	-2154	
-8637	6398	2261	546	1603	-2147	
-8606	6475	2152	521	1622	-2140	
-8576	6551	2044	494	1641	-2131	
-8542	6626	1937	466	1659	-2123	
-8510	6700	1829	440	1677	-2114	
-8474	6772	1721	413	1696	-2106	
-8438	6844	1613	387	1713	-2097	
-8402	6914	1505	362	1730	-2086	
-8363	6984	1396	334	1748	-2076	
-8323	7053	1286	306	1764	-2068	
-8281	7120	1176	281	1782	-2057	
-8239	7186	1067	253	1797	-2046	
-8195	7252	958	226	1814	-2035	
-8149	7316	849	202	1831	-2023	
-8103	7379	739	174	1845	-2013	
-8056	7441	629	148	1859	-2000	
-8006	7501	519	123	1875	-1987	
-7956	7561	409	97	1890	-1975	
-7906	7620	299	72	1904	-1961	
-7854	7679	189	45	1920	-1948	
-7800	7735	79	17	1933	-1935	
-7745	7791	-32	-11	1946	-1921	
-7688	7844	-141	-43	1960	-1908	
-7631	7896	-251	-78	1973	-1893	
-7574	7948	-362	-110	1987	-1878	
-7516	7998	-471	-140	1999	-1864	
-7454	8048	-581	-164	2010	-1848	
-7392	8097	-690	-185	2023	-1832	
-7330	8144	-801	-212	2034	-1817	
-7267	8189	-910	-241	2045	-1801	
-7203	8234	-1020	-268	2056	-1784	
-7136	8277	-1130	-296	2066	-1767	
-7068	8318	-1238	-323	2077	-1750	
-6999	8359	-1347	-349	2088	-1733	
-6930	8400	-1456	-375	2096	-1716	
-6860	8436	-1564	-403	2105	-1699	
-6789	8473	-1672	-430	2115	-1681	
-6718	8509	-1781	-455	2123	-1662	
-6645	8543	-1888	-483	2131	-1643	
-6571	8576	-1996	-510	2142	-1624	
-6495	8608	-2103	-536	2148	-1606	
-6417	8639	-2209	-563	2155	-1587	
-6341	8668	-2316	-589	2163	-1568	
-6263	8696	-2423	-616	2169	-1548	
-6183	8723	-2529	-643	2175	-1528	
-6105	8748	-2635	-668	2182	-1507	
-6024	8771	-2740	-694	2187	-1488	
-5942	8794	-2845	-720	2192	-1468	
-5861	8816	-2949	-745	2198	-1446	
-5776	8835	-3053	-772	2203	-1426	
-5691	8854	-3156	-798	2206	-1404	
-5606	8871	-3259	-822	2212	-1383	
-5520	8887	-3361	-848	2215	-1362	
-5433	8901	-3463	-875	2219	-1340	
-5344	8915	-3565	-899	2221	-1317	
-5256	8926	-3666	-922	2224	-1294	
-5167	8937	-3766	-949	2226	-1272	
-5078	8947	-3866	-973	2228	-1249	
-4987	8955	-3965	-998	2231	-1227	
-4895	8961	-4063	-1022	2233	-1204	
-4803	8967	-4161	-1045	2234	-1180	
-4709	8971	-4259	-1070	2234	-1158	
-4616	8973	-4355	-1094	2235	-1134	
-4521	8974	-4451	-1116	2235	-1109	
-4426	8974	-4546	-1140	2234	-1087	
-4329	8972	-4641	-1163	2234	-1062	
-4233	8969	-4735	-1186	2233	-1037	
-4136	8965	-4828	-1211	2231	-1014	
-4037	8959	-4921	-1233	2229	-989	
-3940	8953	-5012	-1255	2228	-966	
-3840	8945	-5103	-1278	2226	-940	
-3739	8934	-5194	-1299	2223	-915	
-3640	8924	-5283	-1322	2220	-890	
-3539	8911	-5372	-1344	2217	-865	
-3438	8897	-5459	-1365	2213	-839	
-3336	8883	-5546	-1387	2210	-814	
-3235	8866	-5633	-1409	2206	-789	
-3132	8849	-5718	-1429	2202	-763	
-3029	8830	-5803	-1450	2196	-737	
-2925	8809	-5886	-1471	2190	-711	
-2820	8788	-5968	-1492	2184	-685	
-2715	8765	-6050	-1511	2178	-659	
-2609	8741	-6132	-1531	2171	-632	
-2504	8715	-6212	-1552	2165	-607	
-2399	8688	-6291	-1571	2160	-581	
-2294	8659	-6369	-1589	2151	-553	
-2187	8629	-6446	-1609	2143	-528	
-2082	8600	-6523	-1628	2138	-500	
-1975	8567	-6597	-1646	2128	-474	
-1866	8535	-6671	-1665	2119	-448	
-1762	8499	-6745	-1682	2111	-420	
-1653	8463	-6817	-1699	2101	-395	
-1545	8427	-6888	-1718	2091	-368	
-1437	8388	-6958	-1735	2081	-341	
-1328	8350	-7027	-1753	2072	-314	
-1220	8308	-7095	-1769	2062	-287	
-1111	8264	-7161	-1784	2051	-259	
-1001	8221	-7228	-1800	2040	-232	
-891	8176	-7293	-1816	2029	-205	
-781	8130	-7357	-1833	2017	-179	
-671	8083	-7419	-1848	2004	-153	
-562	8035	-7479	-1861	1993	-126	
-453	7985	-7540	-1878	1980	-100	
-341	7935	-7599	-1891	1967	-75	
-232	7883	-7658	-1905	1956	-49	
-123	7829	-7714	-1920	1941	-25	
-13	7774	-7770	-1935	1926	-2	
96	7719	-7826	-1947	1912	23	
206	7664	-7878	-1959	1897	50	
316	7605	-7932	-1973	1884	82	
427	7546	-7983	-1985	1869	120	
535	7486	-8032	-1997	1854	160	
645	7424	-8080	-2008	1838	195	
755	7362	-8127	-2021	1822	218	
862	7299	-8173	-2035	1805	237	
972	7234	-8218	-2043	1789	260	
1083	7168	-8261	-2054	1774	284	
1191	7102	-8304	-2065	1756	313	
1299	7034	-8345	-2073	1740	345	
1408	6966	-8385	-2084	1722	373	
1517	6895	-8424	-2092	1704	399	
1627	6824	-8461	-2102	1687	425	
1735	6752	-8497	-2112	1667	452	
1841	6678	-8532	-2119	1650	479	
1948	6605	-8566	-2127	1632	505	
2055	6531	-8599	-2137	1612	532	
2161	6454	-8629	-2145	1594	558	
2268	6377	-8659	-2148	1575	585	
2374	6299	-8687	-2156	1556	611	
2481	6220	-8714	-2163	1536	638	
2586	6141	-8740	-2170	1515	665	
2688	6059	-8765	-2177	1494	690	
2795	5978	-8787	-2181	1473	718	
2900	5896	-8809	-2187	1453	742	
3001	5813	-8829	-2192	1432	768	
3103	5728	-8849	-2195	1411	794	
3207	5643	-8867	-2200	1388	820	
3311	5557	-8883	-2204	1368	846	
3412	5471	-8897	-2208	1346	870	
3512	5384	-8911	-2210	1324	897	
3613	5294	-8924	-2213	1303	922	
3714	5205	-8935	-2216	1280	947	
3813	5116	-8945	-2217	1258	972	
3912	5024	-8954	-2219	1235	996	
4012	4933	-8961	-2222	1211	1021	
4108	4840	-8965	-2223	1188	1045	
4205	4747	-8970	-2223	1165	1070	
4303	4654	-8973	-2225	1140	1094	
4399	4560	-8975	-2225	1116	1117	
4494	4465	-8975	-2224	1093	1140	
4588	4368	-8975	-2225	1070	1163	
4683	4272	-8972	-2223	1046	1188	
4775	4175	-8967	-2222	1020	1210	
4866	4077	-8963	-2220	996	1233	
4960	3979	-8956	-2218	973	1257	
5052	3879	-8948	-2218	947	1278	
5141	3780	-8940	-2215	922	1302	
5230	3681	-8929	-2211	897	1324	
5318	3580	-8917	-2208	871	1345	
5407	3478	-8904	-2205	846	1368	
5494	3376	-8889	-2201	821	1389	
5579	3274	-8873	-2197	795	1411	
5664	3171	-8855	-2192	770	1432	
5749	3069	-8836	-2187	744	1453	
5833	2965	-8817	-2182	719	1473	
5917	2861	-8796	-2176	693	1496	
5998	2756	-8773	-2171	666	1515	
6078	2651	-8749	-2164	641	1534	
6158	2546	-8724	-2157	615	1556	
6237	2440	-8697	-2153	587	1574	
6316	2335	-8670	-2145	560	1593	
6394	2228	-8642	-2138	535	1612	
6470	2121	-8611	-2130	508	1630	
6544	2014	-8578	-2122	481	1650	
6618	1906	-8545	-2113	454	1669	
6692	1799	-8511	-2104	428	1686	
6764	1692	-8474	-2096	402	1705	
6836	1583	-8438	-2087	374	1723	
6905	1475	-8401	-2076	348	1739	
6975	1364	-8361	-2067	321	1757	
7043	1257	-8321	-2055	294	1774	
7108	1147	-8278	-2046	267	1790	
7176	1038	-8235	-2035	240	1808	
7242	929	-8190	-2024	214	1824	
7305	819	-8145	-2013	187	1839	
7367	710	-8098	-2000	160	1855	
7429	600	-8050	-1989	134	1869	
7490	491	-8001	-1977	110	1885	
7549	380	-7950	-1964	83	1900	
7607	270	-7899	-1951	57	1914	
7665	160	-7846	-1938	32	1928	
7721	50	-7791	-1925	5	1941	
7776	-60	-7736	-1909	-24	1955	
7828	-170	-7680	-1895	-58	1967	
7880	-280	-7623	-1882	-96	1979	
7932	-390	-7565	-1867	-131	1993	
7981	-499	-7504	-1852	-158	2006	
8030	-609	-7442	-1836	-180	2019	
8079	-719	-7380	-1821	-202	2030	
8125	-829	-7318	-1806	-228	2041	
8170	-938	-7254	-1790	-257	2052	
8214	-1047	-7189	-1773	-286	2063	
8255	-1156	-7121	-1756	-314	2073	
8299	-1265	-7054	-1738	-339	2085	
8339	-1375	-6985	-1721	-366	2095	
8377	-1482	-6915	-1704	-393	2104	
8415	-1591	-6844	-1685	-419	2113	
8451	-1699	-6772	-1668	-448	2122	
8487	-1806	-6701	-1652	-475	2130	
8520	-1914	-6627	-1632	-502	2138	
8554	-2021	-6552	-1613	-529	2145	
8584	-2129	-6475	-1594	-555	2154	
8613	-2235	-6398	-1576	-582	2161	
8642	-2341	-6321	-1556	-610	2167	
8669	-2447	-6242	-1536	-635	2175	
8696	-2552	-6163	-1516	-662	2182	
8720	-2657	-6082	-1498	-690	2187	
8745	-2762	-6001	-1478	-714	2192	
8766	-2867	-5919	-1455	-739	2197	
8785	-2972	-5836	-1434	-767	2203	
8806	-3074	-5751	-1414	-792	2207	
8824	-3178	-5667	-1392	-817	2212	
8841	-3280	-5580	-1371	-843	2216	
8856	-3382	-5494	-1350	-869	2219	
8871	-3483	-5407	-1329	-895	2223	
8885	-3584	-5318	-1305	-919	2226	
8894	-3685	-5229	-1283	-945	2230	
8905	-3785	-5140	-1262	-969	2232	
8915	-3885	-5049	-1238	-994	2233	
8922	-3983	-4957	-1216	-1018	2236	
8926	-4082	-4865	-1193	-1042	2236	
8932	-4179	-4772	-1170	-1067	2237	
8935	-4275	-4678	-1147	-1092	2238	
8936	-4373	-4584	-1123	-1116	2237	
8939	-4468	-4488	-1099	-1139	2238	
8938	-4562	-4393	-1075	-1163	2239	
8935	-4657	-4297	-1051	-1186	2238	
8932	-4750	-4200	-1027	-1209	2237	
8926	-4844	-4101	-1004	-1234	2235	
8921	-4935	-4003	-980	-1255	2233	
8914	-5027	-3904	-955	-1277	2231	
8905	-5117	-3805	-931	-1301	2229	
8895	-5207	-3705	-903	-1322	2227	
8884	-5296	-3604	-880	-1344	2223	
8872	-5385	-3504	-855	-1366	2219	
8856	-5472	-3401	-828	-1388	2217	
8842	-5560	-3298	-805	-1411	2211	
8825	-5645	-3197	-778	-1433	2207	
8806	-5730	-3092	-753	-1453	2203	
8786	-5814	-2988	-727	-1474	2198	
8766	-5897	-2885	-702	-1494	2193	
8745	-5979	-2781	-676	-1515	2186	
8721	-6059	-2676	-650	-1536	2180	
8697	-6142	-2570	-623	-1555	2174	
8671	-6220	-2464	-597	-1575	2168	
8642	-6298	-2358	-572	-1595	2160	
8613	-6377	-2251	-544	-1613	2153	
8584	-6454	-2144	-519	-1632	2145	
8552	-6530	-2038	-492	-1653	2136	
8519	-6604	-1931	-465	-1670	2129	
8487	-6678	-1823	-439	-1688	2120	
8452	-6751	-1715	-412	-1707	2112	
8415	-6822	-1605	-386	-1724	2103	
8379	-6893	-1498	-359	-1741	2092	
8340	-6962	-1389	-332	-1759	2083	
8300	-7031	-1279	-306	-1775	2072	
8258	-7098	-1170	-279	-1792	2062	
8214	-7164	-1061	-250	-1809	2052	
8171	-7230	-953	-225	-1825	2040	
8126	-7295	-842	-199	-1840	2029	
8080	-7357	-732	-170	-1856	2017	
8033	-7420	-623	-145	-1872	2005	
7983	-7481	-512	-120	-1888	1991	
7933	-7541	-403	-92	-1902	1980	
7882	-7600	-292	-66	-1916	1968	
7831	-7657	-183	-41	-1930	1954	
7776	-7713	-73	-16	-1944	1940	
7720	-7768	39	11	-1958	1926	
7666	-7822	148	37	-1971	1912	
7607	-7875	258	64	-1985	1898	
7550	-7927	368	96	-1997	1885	
7490	-7978	478	128	-2008	1869	
7431	-8027	589	160	-2021	1853	
7370	-8074	698	192	-2032	1839	
7306	-8123	808	219	-2044	1823	
7244	-8168	917	242	-2056	1807	
7178	-8212	1027	267	-2066	1789	
7112	-8256	1136	293	-2078	1772	
7045	-8297	1245	321	-2088	1757	
6977	-8339	1354	350	-2098	1739	
6908	-8377	1462	376	-2108	1721	
6837	-8415	1571	402	-2117	1704	
6767	-8453	1680	430	-2126	1685	
6695	-8488	1788	455	-2135	1666	
6621	-8522	1896	484	-2142	1648	
6547	-8555	2003	510	-2150	1630	
6470	-8587	2111	534	-2160	1610	
6394	-8618	2219	562	-2167	1593	
6317	-8648	2326	589	-2174	1574	
6239	-8675	2432	616	-2180	1553	
6162	-8701	2537	641	-2186	1533	
6081	-8727	2644	667	-2193	1513	
6000	-8751	2749	695	-2199	1493	
5918	-8773	2853	719	-2205	1472	
5835	-8795	2957	745	-2209	1452	
5752	-8815	3059	771	-2214	1431	
5667	-8833	3163	796	-2218	1410	
5582	-8850	3267	822	-2221	1389	
5496	-8867	3368	848	-2225	1366	
5410	-8881	3470	873	-2229	1345	
5322	-8894	3572	897	-2234	1322	
5234	-8907	3673	923	-2236	1301	
5145	-8917	3773	948	-2239	1279	
5053	-8926	3872	972	-2240	1255	
4962	-8934	3972	998	-2241	1233	
4870	-8941	4071	1021	-2243	1210	
4779	-8946	4167	1045	-2243	1186	
4686	-8950	4265	1068	-2245	1162	
4591	-8952	4363	1093	-2245	1140	
4496	-8954	4458	1118	-2244	1116	
4401	-8953	4553	1141	-2244	1091	
4306	-8951	4648	1166	-2243	1069	
4209	-8948	4742	1189	-2242	1045	
4112	-8945	4835	1211	-2243	1019	
4015	-8939	4927	1233	-2241	995	
3915	-8932	5019	1255	-2238	970	
3816	-8924	5110	1278	-2238	945	
3718	-8915	5200	1300	-2235	921	
3618	-8903	5290	1322	-2231	896	
3517	-8890	5379	1344	-2228	870	
3416	-8877	5466	1366	-2224	846	
3314	-8862	5553	1386	-2221	820	
3212	-8845	5639	1408	-2216	794	
3110	-8828	5725	1430	-2209	769	
3006	-8809	5810	1449	-2207	742	
2901	-8790	5894	1469	-2204	715	
2797	-8768	5975	1491	-2198	690	
2692	-8744	6057	1511	-2191	664	
2588	-8720	6139	1531	-2183	640	
2484	-8694	6219	1551	-2177	613	
2378	-8667	6298	1570	-2169	586	
2272	-8639	6376	1590	-2163	560	
2164	-8610	6453	1609	-2155	533	
2057	-8579	6530	1628	-2146	507	
1952	-8547	6604	1646	-2138	480	
1843	-8513	6678	1664	-2130	453	
1738	-8478	6752	1683	-2121	426	
1631	-8442	6824	1700	-2111	400	
1520	-8406	6894	1717	-2103	374	
1412	-8367	6965	1734	-2094	347	
1303	-8327	7034	1752	-2082	320	
1194	-8286	7101	1768	-2073	292	
1084	-8243	7169	1785	-2062	268	
975	-8200	7235	1801	-2051	241	
866	-8156	7300	1817	-2039	214	
757	-8109	7363	1832	-2027	187	
648	-8062	7425	1847	-2016	161	
536	-8014	7487	1864	-2003	136	
429	-7964	7548	1878	-1990	108	
319	-7914	7607	1893	-1976	83	
210	-7862	7665	1908	-1963	61	
100	-7808	7721	1921	-1951	36	
-11	-7754	7777	1935	-1937	11	
-120	-7698	7832	1947	-1923	-17	
-231	-7642	7885	1961	-1909	-51	
-339	-7584	7937	1972	-1894	-94	
-448	-7524	7988	1984	-1880	-136	
-559	-7464	8038	1997	-1865	-167	
-669	-7404	8086	2010	-1849	-185	
-779	-7341	8133	2022	-1833	-202	
-889	-7278	8180	2032	-1818	-226	
-999	-7213	8225	2044	-1800	-254	
-1107	-7147	8269	2054	-1783	-287	
-1216	-7081	8310	2063	-1768	-314	
-1325	-7012	8352	2074	-1750	-339	
-1434	-6943	8391	2084	-1733	-367	
-1541	-6874	8430	2094	-1715	-394	
-1648	-6804	8468	2102	-1698	-421	
-1757	-6732	8504	2112	-1679	-447	
-1866	-6659	8539	2120	-1661	-473	
-1971	-6585	8572	2127	-1642	-501	
-2077	-6509	8605	2136	-1623	-527	
-2184	-6433	8635	2143	-1604	-554	
-2289	-6356	8665	2151	-1584	-581	
-2394	-6278	8694	2157	-1564	-609	
-2499	-6200	8720	2163	-1545	-634	
-2605	-6119	8746	2169	-1524	-659	
-2712	-6039	8770	2174	-1505	-687	
-2816	-5958	8794	2181	-1485	-712	
-2921	-5875	8815	2187	-1464	-738	
-3025	-5791	8835	2191	-1441	-764	
-3127	-5707	8855	2196	-1421	-790	
-3230	-5622	8872	2201	-1400	-817	
-3332	-5536	8888	2204	-1377	-840	
-3433	-5450	8903	2207	-1356	-867	
-3535	-5362	8917	2211	-1334	-891	
-3637	-5272	8930	2214	-1311	-917	
-3737	-5185	8941	2216	-1289	-943	
-3835	-5095	8951	2220	-1266	-965	
-3933	-5003	8959	2222	-1244	-990	
-4033	-4912	8966	2221	-1221	-1015	
-4132	-4820	8973	2223	-1199	-1040	
-4228	-4728	8976	2224	-1175	-1064	
