-4270	-4688	8977	2224	-1164	-1074	
-4365	-4593	8981	2225	-1141	-1098	
-4461	-4498	8982	2225	-1117	-1122	
-4556	-4403	8981	2225	-1093	-1145	
-4649	-4307	8979	2224	-1070	-1169	
-4744	-4210	8976	2222	-1046	-1193	
-4837	-4112	8971	2222	-1019	-1215	
-4928	-4015	8966	2221	-995	-1238	
-5021	-3915	8959	2219	-972	-1262	
-5112	-3816	8950	2217	-946	-1283	
-5201	-3716	8940	2214	-921	-1305	
-5291	-3616	8928	2210	-896	-1328	
-5379	-3515	8917	2207	-872	-1350	
-5466	-3414	8904	2204	-846	-1372	
-5553	-3312	8888	2199	-820	-1394	
-5638	-3210	8871	2195	-795	-1415	
-5723	-3106	8854	2191	-769	-1436	
-5807	-3002	8834	2185	-743	-1457	
-5890	-2899	8813	2181	-716	-1477	
-5973	-2794	8792	2175	-692	-1499	
-6054	-2690	8768	2168	-665	-1518	
-6135	-2585	8743	2163	-638	-1538	
-6215	-2480	8719	2155	-613	-1559	
-6293	-2373	8692	2149	-585	-1576	
-6372	-2266	8663	2142	-559	-1596	
-6449	-2161	8634	2134	-532	-1616	
-6523	-2054	8602	2126	-505	-1635	
-6599	-1946	8570	2118	-480	-1653	
-6674	-1839	8538	2110	-451	-1671	
-6746	-1731	8503	2101	-426	-1688	
-6819	-1624	8465	2091	-400	-1707	
-6890	-1515	8428	2082	-372	-1724	
-6958	-1406	8390	2072	-345	-1741	
-7027	-1298	8349	2062	-316	-1760	
-7094	-1188	8308	2052	-291	-1776	
-7160	-1079	8266	2042	-264	-1792	
-7226	-971	8222	2030	-238	-1809	
-7291	-860	8177	2019	-211	-1824	
-7354	-752	8131	2008	-184	-1840	
-7416	-642	8083	1995	-158	-1856	
-7478	-532	8035	1984	-130	-1870	
-7537	-423	7986	1970	-105	-1886	
-7596	-312	7935	1959	-78	-1900	
-7654	-202	7882	1945	-53	-1914	
-7711	-91	7829	1932	-28	-1928	
-7767	18	7775	1920	-2	-1940	
-7820	127	7718	1903	23	-1956	
-7873	237	7661	1890	51	-1967	
-7926	347	7603	1877	82	-1979	
-7976	458	7545	1860	116	-1993	
-8026	567	7484	1846	150	-2004	
-8075	677	7423	1830	183	-2017	
-8122	787	7361	1814	211	-2030	
-8167	896	7295	1798	234	-2042	
-8211	1006	7230	1782	258	-2052	
-8254	1115	7165	1766	283	-2061	
-8297	1223	7098	1749	311	-2072	
-8337	1334	7030	1731	340	-2082	
-8378	1443	6962	1714	368	-2092	
-8416	1551	6891	1697	397	-2101	
-8452	1659	6820	1678	422	-2112	
-8488	1767	6748	1661	448	-2120	
-8524	1875	6675	1643	475	-2128	
-8557	1982	6601	1624	502	-2137	
-8588	2089	6525	1606	530	-2143	
-8618	2196	6448	1587	556	-2153	
-8649	2302	6371	1568	582	-2160	
-8678	2408	6294	1548	609	-2165	
-8705	2514	6215	1528	635	-2173	
-8731	2620	6135	1508	661	-2179	
-8754	2725	6053	1488	688	-2184	
-8777	2830	5972	1469	715	-2189	
-8798	2934	5889	1447	741	-2195	
-8817	3037	5806	1426	766	-2199	
-8837	3140	5721	1405	791	-2203	
-8855	3243	5635	1383	817	-2208	
-8870	3346	5549	1362	843	-2211	
-8886	3447	5463	1341	868	-2216	
-8901	3549	5374	1320	893	-2219	
-8912	3649	5285	1297	919	-2221	
-8924	3750	5197	1275	944	-2225	
-8932	3850	5107	1252	968	-2226	
-8941	3949	5016	1230	993	-2227	
-8948	4048	4923	1208	1018	-2229	
-8952	4144	4831	1183	1043	-2231	
-8958	4243	4737	1161	1067	-2232	
-8959	4339	4643	1139	1092	-2231	
-8961	4435	4549	1115	1116	-2232	
-8963	4530	4454	1090	1138	-2232	
-8960	4624	4358	1065	1162	-2231	
-8958	4719	4261	1042	1186	-2230	
-8954	4813	4164	1018	1208	-2230	
-8946	4905	4066	993	1231	-2229	
-8940	4996	3967	969	1254	-2227	
-8935	5088	3868	945	1278	-2224	
-8925	5178	3768	921	1300	-2222	
-8915	5268	3668	894	1321	-2220	
-8903	5355	3568	869	1344	-2215	
-8887	5444	3465	845	1367	-2212	
-8874	5532	3363	818	1387	-2210	
-8858	5617	3261	794	1408	-2203	
-8841	5703	3158	769	1430	-2200	
-8822	5788	3055	743	1450	-2195	
-8802	5871	2951	717	1471	-2190	
-8781	5954	2847	691	1493	-2185	
-8758	6035	2742	665	1513	-2179	
-8734	6116	2637	640	1533	-2173	
-8709	6196	2532	613	1552	-2166	
-8682	6276	2426	588	1572	-2158	
-8653	6353	2320	562	1592	-2151	
-8625	6431	2214	534	1611	-2145	
-8596	6507	2106	510	1631	-2136	
-8563	6582	1998	484	1649	-2127	
-8528	6657	1891	454	1666	-2120	
-8494	6730	1782	428	1685	-2111	
-8460	6803	1675	403	1703	-2101	
-8423	6874	1567	376	1721	-2092	
-8384	6944	1457	349	1738	-2082	
-8346	7015	1349	322	1755	-2073	
-8305	7082	1240	297	1773	-2062	
-8261	7149	1130	269	1788	-2052	
-8219	7215	1021	242	1805	-2041	
-8175	7280	911	216	1822	-2029	
-8128	7344	801	190	1838	-2018	
-8082	7407	692	165	1853	-2005	
-8034	7467	582	137	1868	-1994	
-7985	7527	472	112	1883	-1981	
-7935	7588	362	88	1897	-1968	
-7884	7646	252	62	1912	-1955	
-7831	7703	142	35	1926	-1942	
-7775	7760	31	7	1939	-1929	
-7720	7813	-78	-23	1953	-1914	
-7664	7867	-188	-57	1967	-1901	
-7606	7919	-298	-91	1978	-1886	
-7548	7970	-408	-125	1990	-1872	
-7488	8021	-519	-151	2004	-1859	
-7429	8069	-629	-173	2017	-1841	
-7367	8117	-739	-198	2027	-1826	
-7302	8163	-847	-224	2038	-1810	
-7238	8209	-957	-252	2050	-1793	
-7173	8253	-1068	-281	2060	-1777	
-7106	8295	-1176	-308	2071	-1760	
-7039	8335	-1285	-334	2082	-1743	
-6971	8376	-1394	-360	2091	-1726	
-6902	8415	-1503	-387	2101	-1709	
-6832	8453	-1611	-415	2110	-1691	
-6759	8490	-1719	-442	2119	-1674	
-6685	8524	-1828	-468	2128	-1654	
-6613	8558	-1935	-494	2136	-1636	
-6537	8590	-2041	-522	2144	-1618	
-6463	8622	-2149	-547	2152	-1597	
-6386	8651	-2257	-574	2158	-1579	
-6307	8679	-2362	-601	2164	-1559	
-6231	8708	-2469	-627	2171	-1539	
-6150	8733	-2575	-654	2178	-1519	
-6071	8758	-2679	-680	2184	-1500	
-5989	8782	-2786	-706	2189	-1480	
-5906	8804	-2890	-730	2194	-1458	
-5823	8824	-2994	-757	2200	-1437	
-5738	8844	-3097	-783	2203	-1416	
-5655	8861	-3200	-808	2209	-1395	
-5569	8879	-3304	-833	2214	-1374	
-5483	8893	-3405	-858	2217	-1351	
-5396	8907	-3507	-884	2220	-1330	
-5307	8920	-3608	-908	2223	-1307	
-5218	8931	-3709	-934	2225	-1285	
-5129	8942	-3808	-959	2227	-1263	
-5039	8950	-3908	-983	2230	-1240	
-4947	8958	-4008	-1007	2231	-1217	
-4855	8964	-4105	-1031	2233	-1193	
-4763	8968	-4203	-1056	2234	-1171	
-4669	8971	-4300	-1080	2234	-1147	
-4574	8973	-4396	-1104	2234	-1123	
-4479	8974	-4492	-1127	2234	-1101	
-4384	8973	-4587	-1150	2235	-1077	
-4287	8971	-4682	-1174	2234	-1052	
-4190	8968	-4775	-1196	2232	-1028	
-4095	8963	-4868	-1221	2230	-1004	
-3997	8958	-4961	-1242	2229	-979	
-3898	8949	-5052	-1265	2226	-954	
-3797	8940	-5142	-1288	2224	-929	
-3696	8930	-5233	-1309	2222	-905	
-3597	8917	-5321	-1332	2219	-879	
-3496	8906	-5409	-1352	2216	-854	
-3396	8891	-5496	-1376	2212	-829	
-3293	8876	-5583	-1397	2208	-801	
-3191	8859	-5669	-1416	2205	-776	
-3088	8840	-5754	-1439	2199	-752	
-2984	8821	-5839	-1459	2194	-726	
-2879	8801	-5923	-1479	2188	-699	
-2774	8778	-6004	-1501	2182	-674	
-2670	8755	-6085	-1520	2176	-648	
-2564	8730	-6166	-1540	2170	-621	
-2459	8704	-6246	-1560	2162	-596	
-2355	8676	-6324	-1578	2156	-568	
-2248	8647	-6402	-1598	2149	-542	
-2142	8617	-6480	-1617	2141	-517	
-2036	8586	-6555	-1635	2133	-489	
-1929	8554	-6630	-1656	2123	-463	
-1822	8519	-6704	-1673	2114	-436	
-1714	8484	-6776	-1689	2108	-408	
-1606	8447	-6848	-1709	2098	-384	
-1499	8409	-6919	-1725	2087	-356	
-1390	8370	-6988	-1742	2078	-329	
-1280	8330	-7057	-1759	2066	-302	
-1173	8288	-7125	-1776	2057	-275	
-1064	8246	-7190	-1791	2046	-248	
-954	8203	-7256	-1808	2034	-222	
-844	8157	-7321	-1825	2023	-195	
-733	8111	-7384	-1840	2010	-168	
-624	8063	-7446	-1855	1999	-142	
-515	8013	-7506	-1869	1988	-115	
-404	7963	-7566	-1883	1974	-89	
-295	7911	-7625	-1898	1962	-64	
-184	7859	-7682	-1911	1949	-39	
-75	7806	-7739	-1927	1934	-16	
33	7751	-7793	-1940	1919	9	
144	7695	-7848	-1953	1907	35	
253	7638	-7901	-1965	1891	63	
363	7580	-7953	-1978	1875	97	
473	7520	-8003	-1991	1862	136	
584	7459	-8053	-2002	1846	175	
692	7397	-8100	-2014	1832	206	
800	7335	-8146	-2026	1815	227	
911	7271	-8193	-2037	1799	247	
1019	7205	-8238	-2047	1784	270	
1129	7139	-8280	-2058	1766	298	
1238	7073	-8322	-2068	1749	328	
1347	7004	-8363	-2078	1731	357	
1456	6935	-8402	-2089	1714	383	
1563	6865	-8439	-2097	1697	410	
1673	6793	-8477	-2106	1679	436	
1781	6720	-8513	-2115	1661	463	
1887	6647	-8546	-2122	1642	491	
1993	6573	-8579	-2132	1623	517	
2101	6497	-8612	-2139	1604	544	
2208	6420	-8643	-2147	1584	571	
2314	6344	-8671	-2155	1565	596	
2419	6266	-8699	-2159	1547	623	
2524	6187	-8726	-2168	1526	650	
2629	6106	-8751	-2174	1505	676	
2734	6025	-8775	-2177	1485	703	
2840	5943	-8798	-2184	1465	729	
2944	5861	-8819	-2189	1443	754	
3046	5776	-8838	-2193	1423	780	
3149	5691	-8857	-2198	1401	806	
3251	5607	-8874	-2202	1380	831	
3355	5520	-8890	-2205	1360	858	
3457	5432	-8904	-2208	1337	882	
3556	5345	-8917	-2211	1315	908	
3658	5256	-8929	-2213	1294	934	
3756	5167	-8939	-2217	1271	957	
3856	5076	-8949	-2219	1248	983	
3955	4985	-8957	-2219	1225	1007	
4052	4893	-8963	-2223	1201	1030	
4150	4800	-8969	-2223	1178	1056	
4247	4707	-8972	-2224	1154	1080	
4343	4613	-8975	-2224	1131	1103	
4440	4519	-8975	-2224	1108	1128	
4535	4423	-8976	-2225	1083	1151	
4630	4328	-8974	-2223	1059	1174	
4723	4231	-8970	-2223	1034	1197	
4816	4132	-8965	-2222	1010	1220	
4907	4035	-8960	-2220	986	1244	
4998	3936	-8953	-2218	962	1267	
5089	3837	-8945	-2216	936	1288	
5179	3737	-8935	-2213	911	1310	
5267	3637	-8923	-2211	887	1333	
5356	3537	-8911	-2207	860	1355	
5445	3434	-8896	-2203	837	1378	
5531	3333	-8882	-2199	810	1399	
5616	3230	-8865	-2194	784	1420	
5701	3127	-8847	-2189	759	1441	
5785	3024	-8829	-2185	734	1461	
5868	2920	-8808	-2179	708	1482	
5951	2817	-8786	-2175	681	1502	
6033	2712	-8763	-2170	655	1523	
6114	2606	-8739	-2161	629	1544	
6192	2501	-8712	-2156	603	1563	
6270	2395	-8685	-2150	575	1583	
6350	2288	-8658	-2142	549	1602	
6427	2182	-8627	-2135	524	1621	
6501	2074	-8597	-2127	497	1640	
6576	1967	-8565	-2118	470	1659	
6650	1861	-8530	-2110	443	1677	
6723	1753	-8496	-2101	417	1695	
6796	1644	-8460	-2091	390	1713	
6867	1536	-8423	-2082	363	1731	
6935	1428	-8384	-2071	337	1749	
7004	1319	-8344	-2061	310	1764	
7072	1210	-8302	-2051	284	1781	
7138	1101	-8261	-2039	257	1799	
7204	991	-8216	-2030	229	1814	
7269	882	-8171	-2019	202	1830	
7331	772	-8125	-2007	177	1846	
7393	663	-8077	-1996	150	1862	
7456	553	-8030	-1983	124	1876	
7516	443	-7980	-1971	98	1891	
7575	333	-7928	-1958	72	1905	
7632	223	-7877	-1944	48	1920	
7689	113	-7822	-1932	21	1933	
7744	3	-7768	-1918	-8	1947	
7798	-107	-7712	-1903	-38	1961	
7850	-218	-7655	-1889	-72	1972	
7902	-327	-7598	-1876	-111	1985	
7954	-436	-7539	-1861	-144	1999	
8003	-547	-7478	-1845	-168	2011	
8052	-657	-7415	-1830	-190	2023	
8099	-766	-7354	-1814	-213	2034	
8145	-876	-7290	-1798	-241	2046	
8190	-986	-7224	-1782	-270	2057	
8231	-1094	-7160	-1765	-298	2066	
8274	-1202	-7092	-1748	-325	2078	
8316	-1311	-7025	-1731	-350	2089	
8353	-1420	-6955	-1714	-379	2098	
8393	-1529	-6884	-1696	-406	2107	
8431	-1637	-6814	-1677	-432	2116	
8467	-1744	-6742	-1661	-460	2125	
8501	-1852	-6670	-1643	-487	2133	
8534	-1960	-6594	-1624	-514	2142	
8567	-2067	-6518	-1606	-541	2150	
8596	-2174	-6444	-1586	-567	2157	
8626	-2280	-6366	-1567	-594	2164	
8654	-2387	-6288	-1548	-620	2170	
8681	-2492	-6209	-1528	-646	2178	
8707	-2597	-6128	-1508	-673	2183	
8730	-2703	-6047	-1487	-699	2190	
8754	-2808	-5966	-1466	-725	2196	
8776	-2911	-5883	-1446	-752	2199	
8795	-3016	-5800	-1424	-776	2205	
8814	-3119	-5716	-1404	-802	2211	
8831	-3221	-5630	-1384	-830	2214	
8847	-3324	-5544	-1362	-854	2218	
8862	-3426	-5457	-1341	-880	2221	
8876	-3527	-5368	-1319	-905	2224	
8889	-3628	-5279	-1297	-929	2228	
8900	-3728	-5191	-1274	-956	2231	
8909	-3828	-5100	-1250	-979	2232	
8919	-3928	-5010	-1229	-1004	2235	
8924	-4026	-4918	-1208	-1030	2234	
8928	-4123	-4824	-1184	-1053	2236	
8933	-4220	-4731	-1159	-1077	2237	
8936	-4317	-4637	-1138	-1103	2236	
8939	-4413	-4543	-1114	-1126	2238	
8937	-4509	-4447	-1089	-1149	2239	
8936	-4604	-4351	-1067	-1174	2238	
8935	-4697	-4255	-1042	-1197	2236	
8930	-4790	-4157	-1016	-1219	2235	
8924	-4883	-4059	-994	-1243	2235	
8918	-4975	-3961	-969	-1266	2232	
8909	-5067	-3861	-944	-1288	2230	
8900	-5157	-3761	-918	-1310	2228	
8890	-5245	-3661	-893	-1332	2226	
8879	-5334	-3561	-869	-1355	2221	
8866	-5422	-3459	-844	-1377	2218	
8850	-5509	-3357	-818	-1397	2214	
8834	-5595	-3255	-795	-1421	2211	
8818	-5681	-3152	-769	-1441	2206	
8800	-5766	-3048	-742	-1462	2200	
8779	-5850	-2946	-717	-1483	2195	
8755	-5932	-2841	-691	-1504	2190	
8733	-6013	-2735	-665	-1524	2184	
8710	-6095	-2630	-639	-1544	2178	
8685	-6175	-2524	-613	-1564	2171	
8659	-6254	-2418	-586	-1584	2165	
8630	-6332	-2312	-560	-1602	2159	
8601	-6409	-2205	-533	-1621	2149	
8570	-6488	-2097	-506	-1641	2142	
8539	-6562	-1991	-480	-1659	2134	
8506	-6635	-1883	-454	-1676	2127	
8472	-6709	-1775	-428	-1696	2117	
8436	-6781	-1668	-401	-1715	2107	
8397	-6852	-1559	-373	-1731	2099	
8360	-6922	-1451	-347	-1749	2088	
8321	-6992	-1342	-321	-1766	2078	
8282	-7060	-1232	-294	-1784	2068	
8241	-7128	-1124	-267	-1800	2058	
8197	-7194	-1014	-241	-1817	2046	
8152	-7258	-906	-215	-1832	2034	
8105	-7322	-795	-188	-1846	2024	
8059	-7384	-685	-161	-1863	2011	
8010	-7446	-575	-134	-1879	1999	
7961	-7507	-465	-107	-1892	1987	
7910	-7567	-356	-82	-1908	1974	
7858	-7625	-245	-57	-1923	1961	
7807	-7681	-135	-30	-1936	1947	
7753	-7737	-25	-4	-1950	1934	
7698	-7792	86	22	-1963	1920	
7641	-7846	196	49	-1978	1906	
7583	-7898	306	76	-1991	1893	
7526	-7949	415	109	-2002	1878	
7465	-7999	526	142	-2014	1862	
7404	-8047	636	173	-2026	1847	
7342	-8095	746	205	-2037	1832	
7279	-8141	855	228	-2049	1815	
7215	-8187	965	252	-2061	1798	
7149	-8231	1074	279	-2072	1782	
7083	-8274	1182	304	-2082	1766	
7015	-8315	1292	333	-2092	1749	
6946	-8355	1401	362	-2101	1731	
6877	-8393	1510	389	-2111	1714	
6806	-8431	1618	415	-2122	1696	
6735	-8467	1726	441	-2130	1679	
6663	-8502	1835	467	-2139	1660	
6590	-8537	1942	495	-2147	1641	
6515	-8569	2050	522	-2154	1623	
6438	-8601	2158	548	-2163	1603	
6362	-8631	2264	574	-2168	1585	
6285	-8659	2371	601	-2176	1566	
6206	-8687	2477	627	-2184	1546	
6126	-8713	2583	653	-2189	1525	
6046	-8737	2689	679	-2196	1505	
5966	-8760	2793	705	-2201	1485	
5883	-8783	2897	731	-2205	1464	
5800	-8804	3000	756	-2211	1442	
5717	-8822	3104	782	-2215	1421	
5631	-8840	3207	808	-2221	1400	
5545	-8858	3311	834	-2224	1379	
5459	-8873	3414	859	-2227	1357	
5372	-8887	3514	882	-2232	1335	
5283	-8900	3616	909	-2234	1312	
5193	-8911	3716	933	-2237	1291	
5104	-8920	3816	957	-2239	1268	
5015	-8930	3916	983	-2241	1246	
4924	-8938	4014	1007	-2242	1223	
4831	-8944	4112	1031	-2243	1200	
4738	-8948	4210	1056	-2244	1177	
4644	-8951	4308	1080	-2246	1152	
4551	-8953	4404	1104	-2245	1129	
4456	-8954	4499	1128	-2245	1107	
4360	-8953	4595	1150	-2245	1080	
4264	-8950	4689	1175	-2243	1058	
4168	-8947	4782	1199	-2242	1035	
4071	-8943	4875	1219	-2242	1008	
3972	-8936	4967	1242	-2241	984	
3874	-8928	5059	1265	-2237	961	
3775	-8919	5150	1288	-2236	936	
3674	-8909	5239	1309	-2233	910	
3573	-8898	5328	1331	-2229	885	
3473	-8885	5417	1353	-2226	860	
3372	-8872	5505	1375	-2224	834	
3270	-8855	5591	1395	-2219	809	
3167	-8837	5677	1418	-2214	782	
3064	-8821	5762	1440	-2207	758	
2960	-8801	5847	1458	-2204	731	
2856	-8780	5929	1480	-2198	705	
2753	-8758	6011	1501	-2192	681	
2649	-8734	6093	1520	-2188	653	
2542	-8709	6174	1540	-2181	627	
2437	-8683	6253	1559	-2173	600	
2332	-8655	6331	1579	-2167	574	
2226	-8626	6409	1598	-2160	549	
2120	-8597	6486	1617	-2150	522	
2013	-8564	6562	1637	-2143	495	
1906	-8532	6636	1654	-2135	469	
1799	-8499	6711	1672	-2126	442	
1691	-8463	6784	1691	-2117	416	
1583	-8427	6855	1708	-2106	389	
1474	-8389	6926	1724	-2098	362	
1365	-8350	6995	1742	-2089	335	
1255	-8310	7063	1760	-2078	308	
1145	-8268	7132	1776	-2068	282	
1039	-8226	7198	1792	-2056	255	
929	-8181	7263	1808	-2046	228	
819	-8136	7327	1825	-2034	202	
709	-8090	7390	1839	-2021	176	
600	-8042	7452	1855	-2011	149	
490	-7993	7513	1871	-1998	125	
380	-7942	7573	1885	-1985	99	
271	-7891	7632	1899	-1971	73	
162	-7839	7689	1914	-1958	49	
52	-7785	7745	1927	-1945	26	
-58	-7730	7800	1939	-1931	-1	
-167	-7673	7855	1954	-1917	-32	
-277	-7617	7908	1966	-1903	-68	
-387	-7558	7959	1978	-1888	-112	
-497	-7499	8011	1991	-1872	-151	
-607	-7439	8059	2002	-1858	-175	
-717	-7376	8106	2014	-1842	-191	
-827	-7313	8154	2026	-1826	-211	
-935	-7250	8199	2035	-1812	-238	
-1043	-7185	8244	2047	-1793	-268	
-1154	-7118	8288	2058	-1777	-298	
-1263	-7051	8329	2067	-1760	-327	
-1372	-6983	8369	2078	-1741	-351	
-1479	-6914	8408	2088	-1726	-378	
-1587	-6844	8446	2096	-1707	-405	
-1697	-6772	8484	2106	-1688	-432	
-1804	-6699	8519	2115	-1672	-459	
-1910	-6627	8553	2123	-1653	-486	
-2015	-6552	8586	2131	-1635	-513	
-2122	-6477	8618	2137	-1616	-539	
-2230	-6400	8648	2146	-1596	-566	
-2335	-6322	8677	2154	-1577	-592	
-2442	-6244	8706	2161	-1557	-618	
-2546	-6166	8731	2167	-1535	-645	
-2651	-6085	8756	2172	-1515	-671	
-2757	-6004	8780	2178	-1496	-697	
-2861	-5922	8803	2184	-1475	-723	
-2966	-5838	8824	2189	-1455	-749	
-3068	-5755	8845	2193	-1434	-775	
-3171	-5672	8862	2197	-1412	-802	
-3273	-5586	8880	2202	-1390	-827	
-3375	-5499	8895	2206	-1368	-851	
-3478	-5413	8909	2209	-1346	-877	
-3579	-5324	8923	2212	-1325	-902	
-3678	-5235	8935	2216	-1303	-926	
-3779	-5145	8946	2217	-1279	-952	
-3879	-5055	8954	2220	-1256	-977	
-3977	-4965	8963	2222	-1233	-1001	
-4075	-4873	8969	2223	-1211	-1026	
-4174	-4780	8973	2224	-1189	-1051	
-4270	-4687	8977	2225	-1165	-1075	
-4365	-4593	8980	2224	-1141	-1098	
-4461	-4498	8981	2224	-1118	-1122	
-4557	-4403	8981	2224	-1094	-1147	
-4652	-4306	8979	2224	-1069	-1170	
-4745	-4209	8976	2224	-1044	-1191	
-4837	-4112	8972	2221	-1021	-1216	
-4929	-4014	8965	2219	-995	-1239	
-5021	-3915	8958	2218	-970	-1260	
-5113	-3816	8950	2214	-947	-1284	
-5202	-3716	8940	2212	-922	-1307	
-5290	-3615	8928	2211	-897	-1328	
-5377	-3513	8916	2207	-871	-1349	
-5466	-3414	8903	2204	-847	-1373	
-5553	-3312	8887	2200	-820	-1393	
-5639	-3209	8871	2195	-794	-1414	
-5725	-3105	8853	2190	-769	-1436	
-5808	-3002	8835	2185	-743	-1457	
-5891	-2898	8814	2181	-718	-1478	
-5973	-2794	8791	2176	-690	-1496	
-6054	-2689	8769	2169	-664	-1518	
-6136	-2584	8745	2163	-638	-1539	
-6216	-2479	8719	2157	-610	-1557	
-6295	-2373	8691	2149	-586	-1577	
-6372	-2267	8663	2141	-559	-1597	
-6449	-2160	8633	2134	-533	-1615	
-6525	-2053	8602	2127	-507	-1635	
-6599	-1945	8570	2118	-479	-1653	
-6673	-1838	8536	2109	-453	-1672	
-6745	-1730	8502	2101	-425	-1689	
-6817	-1622	8465	2092	-398	-1707	
-6888	-1515	8428	2082	-373	-1725	
-6959	-1406	8389	2072	-346	-1742	
-7027	-1297	8349	2063	-318	-1759	
-7095	-1188	8308	2054	-290	-1775	
-7162	-1078	8266	2040	-265	-1794	
-7227	-971	8222	2030	-238	-1809	
-7292	-861	8177	2020	-211	-1823	
-7355	-751	8130	2007	-184	-1841	
-7416	-641	8083	1995	-157	-1855	
-7477	-531	8036	1983	-131	-1871	
-7538	-422	7985	1971	-104	-1885	
-7598	-311	7934	1959	-78	-1901	
-7655	-202	7882	1946	-53	-1916	
-7712	-92	7829	1931	-28	-1928	
-7766	19	7774	1916	-3	-1943	
-7820	128	7717	1904	24	-1956	
-7874	239	7661	1890	51	-1968	
-7925	349	7603	1875	81	-1982	
-7977	458	7544	1860	115	-1994	
-8026	568	7484	1845	152	-2006	
-8073	677	7422	1829	183	-2018	
-8122	788	7358	1813	212	-2028	
-8168	897	7295	1798	235	-2040	
-8212	1007	7231	1782	258	-2052	
-8255	1116	7165	1765	284	-2062	
-8297	1225	7098	1748	311	-2073	
-8339	1334	7031	1732	341	-2082	
-8379	1442	6960	1716	369	-2092	
-8417	1551	6891	1697	396	-2103	
-8453	1659	6819	1680	423	-2110	
-8490	1768	6748	1662	449	-2119	
-8524	1875	6675	1642	475	-2129	
-8557	1982	6599	1624	503	-2135	
-8589	2090	6524	1605	529	-2143	
-8620	2196	6448	1586	556	-2152	
-8649	2303	6372	1568	583	-2159	
-8678	2410	6294	1548	608	-2165	
-8704	2515	6214	1528	635	-2172	
-8728	2621	6134	1508	663	-2179	
-8753	2726	6053	1487	688	-2185	
-8776	2829	5971	1466	714	-2190	
-8798	2933	5888	1448	741	-2195	
-8819	3037	5805	1425	765	-2200	
-8838	3141	5721	1404	792	-2203	
-8855	3244	5636	1384	818	-2208	
-8873	3347	5550	1362	842	-2212	
-8887	3448	5462	1342	869	-2215	
-8899	3549	5373	1318	894	-2219	
-8912	3651	5286	1296	919	-2222	
-8922	3750	5195	1274	944	-2224	
-8933	3850	5106	1252	969	-2226	
-8941	3949	5014	1230	994	-2229	
-8948	4048	4922	1207	1019	-2231	
-8953	4146	4830	1184	1044	-2232	
-8955	4243	4736	1160	1068	-2232	
-8959	4340	4642	1138	1092	-2232	
-8961	4435	4548	1113	1114	-2233	
-8962	4530	4453	1090	1138	-2233	
-8960	4626	4357	1065	1162	-2232	
-8957	4719	4260	1041	1185	-2230	
-8954	4813	4163	1018	1210	-2230	
-8949	4905	4065	992	1232	-2229	
-8943	4997	3967	969	1255	-2226	
-8934	5088	3868	945	1278	-2224	
-8925	5178	3767	919	1299	-2221	
-8913	5268	3667	896	1322	-2218	
-8901	5357	3566	871	1344	-2215	
-8889	5445	3465	846	1366	-2211	
-8872	5532	3364	821	1388	-2208	
-8858	5618	3260	795	1409	-2203	
-8840	5703	3157	768	1430	-2200	
-8821	5788	3055	742	1451	-2195	
-8803	5871	2951	718	1472	-2188	
-8780	5954	2847	691	1493	-2184	
-8758	6036	2743	666	1513	-2179	
-8733	6118	2637	639	1533	-2172	
-8707	6197	2531	613	1553	-2165	
-8682	6276	2426	587	1572	-2159	
-8654	6355	2320	560	1591	-2153	
-8625	6431	2212	535	1613	-2144	
-8593	6509	2105	507	1631	-2137	
-8562	6584	1998	480	1647	-2130	
-8531	6658	1891	455	1666	-2119	
-8496	6732	1783	428	1684	-2110	
-8461	6803	1674	403	1703	-2102	
-8422	6875	1566	376	1720	-2093	
-8384	6946	1457	349	1738	-2082	
-8344	7014	1348	322	1756	-2073	
-8303	7082	1238	296	1772	-2063	
-8262	7149	1129	268	1788	-2053	
-8218	7215	1020	242	1805	-2040	
-8173	7280	911	218	1822	-2029	
-8128	7344	801	190	1838	-2018	
-8082	7406	692	164	1854	-2004	
-8033	7468	581	138	1870	-1993	
-7985	7528	472	111	1882	-1982	
-7934	7588	363	86	1897	-1968	
-7882	7647	252	60	1911	-1956	
-7829	7703	141	34	1926	-1942	
-7776	7759	32	7	1941	-1928	
-7722	7813	-78	-23	1953	-1915	
-7665	7867	-189	-56	1966	-1900	
-7608	7920	-299	-92	1979	-1887	
-7549	7972	-409	-124	1991	-1873	
-7489	8021	-519	-150	2003	-1857	
-7428	8070	-631	-173	2016	-1841	
-7366	8117	-740	-197	2028	-1826	
-7302	8163	-848	-224	2039	-1809	
-7237	8208	-958	-252	2050	-1793	
-7172	8253	-1067	-280	2060	-1777	
-7107	8295	-1177	-307	2071	-1760	
-7040	8336	-1285	-334	2081	-1744	
-6970	8376	-1395	-361	2091	-1726	
-6900	8415	-1504	-389	2101	-1709	
-6830	8453	-1612	-415	2109	-1691	
-6759	8490	-1720	-441	2119	-1672	
-6685	8524	-1828	-470	2126	-1655	
-6611	8558	-1935	-495	2134	-1636	
-6538	8591	-2043	-521	2144	-1617	
-6463	8622	-2150	-549	2150	-1600	
-6386	8651	-2256	-574	2158	-1579	
-6308	8679	-2363	-601	2165	-1559	
-6230	8707	-2470	-628	2170	-1539	
-6151	8733	-2576	-654	2178	-1519	
-6070	8758	-2681	-680	2183	-1500	
-5988	8782	-2786	-706	2189	-1479	
-5906	8804	-2890	-730	2195	-1458	
-5823	8824	-2993	-757	2200	-1438	
-5737	8843	-3098	-783	2204	-1416	
-5653	8861	-3201	-807	2210	-1393	
-5569	8878	-3303	-833	2213	-1373	
-5482	8893	-3406	-859	2218	-1351	
-5394	8909	-3508	-882	2221	-1328	
-5306	8921	-3608	-909	2222	-1307	
-5219	8932	-3709	-935	2225	-1285	
-5128	8942	-3809	-959	2228	-1261	
-5036	8951	-3909	-983	2230	-1239	
-4946	8958	-4008	-1007	2231	-1216	
-4854	8964	-4106	-1032	2233	-1193	
-4762	8969	-4204	-1057	2233	-1171	
-4669	8972	-4300	-1080	2234	-1146	
-4576	8974	-4398	-1104	2235	-1123	
-4479	8974	-4493	-1128	2233	-1101	
-4383	8973	-4587	-1149	2234	-1076	
-4288	8972	-4682	-1174	2234	-1052	
-4190	8968	-4775	-1197	2232	-1028	
-4093	8963	-4868	-1219	2231	-1003	
-3995	8957	-4961	-1244	2229	-979	
-3896	8950	-5053	-1266	2226	-953	
-3796	8941	-5143	-1288	2225	-930	
-3697	8930	-5233	-1310	2222	-904	
-3598	8919	-5322	-1333	2219	-879	
-3495	8906	-5410	-1355	2216	-855	
-3393	8891	-5498	-1376	2211	-828	
-3293	8876	-5585	-1396	2207	-803	
-3191	8858	-5670	-1418	2203	-777	
-3087	8840	-5755	-1439	2199	-751	
-2982	8821	-5839	-1460	2194	-726	
-2879	8800	-5922	-1481	2187	-700	
-2775	8778	-6005	-1501	2181	-673	
-2669	8754	-6086	-1520	2176	-647	
-2565	8730	-6167	-1541	2169	-621	
-2461	8703	-6247	-1560	2162	-595	
-2353	8676	-6324	-1579	2156	-569	
-2247	8646	-6403	-1600	2148	-542	
-2141	8616	-6480	-1617	2141	-516	
-2033	8585	-6555	-1636	2133	-489	
-1927	8553	-6630	-1654	2125	-461	
-1821	8520	-6703	-1671	2116	-435	
-1714	8484	-6776	-1690	2107	-410	
-1606	8447	-6848	-1707	2099	-382	
-1498	8410	-6919	-1725	2088	-355	
-1391	8370	-6988	-1743	2077	-330	
-1281	8330	-7057	-1759	2068	-302	
-1172	8288	-7125	-1776	2056	-275	
-1062	8246	-7191	-1792	2046	-248	
-952	8202	-7257	-1808	2036	-221	
-844	8156	-7321	-1824	2023	-196	
-734	8110	-7384	-1839	2011	-168	
-625	8063	-7446	-1854	2001	-141	
-515	8014	-7506	-1870	1986	-116	
-405	7963	-7566	-1884	1974	-90	
-294	7912	-7625	-1898	1962	-64	
-184	7859	-7682	-1914	1948	-41	
-75	7805	-7739	-1926	1934	-15	
34	7750	-7795	-1940	1920	9	
145	7695	-7848	-1953	1907	35	
255	7637	-7901	-1966	1892	64	
364	7578	-7953	-1979	1877	98	
472	7519	-8004	-1991	1863	138	
582	7459	-8052	-2004	1846	176	
692	7397	-8100	-2015	1831	206	
801	7335	-8147	-2026	1816	228	
912	7271	-8193	-2036	1799	247	
1020	7205	-8237	-2048	1784	269	
1128	7139	-8281	-2058	1766	298	
1238	7072	-8323	-2067	1750	330	
1347	7004	-8363	-2079	1732	357	
1456	6935	-8403	-2087	1714	384	
1564	6864	-8440	-2097	1698	411	
1672	6792	-8478	-2107	1679	437	
1780	6721	-8513	-2115	1660	463	
1889	6646	-8547	-2123	1642	490	
1996	6573	-8581	-2131	1623	518	
2103	6498	-8612	-2139	1605	544	
2209	6421	-8642	-2146	1585	571	
2314	6343	-8671	-2153	1566	598	
2421	6265	-8699	-2159	1546	623	
2526	6186	-8725	-2166	1526	650	
2631	6105	-8750	-2171	1507	676	
2735	6025	-8775	-2178	1485	703	
2838	5943	-8797	-2184	1464	728	
2944	5859	-8817	-2188	1444	755	
3048	5776	-8838	-2194	1422	780	
3151	5691	-8857	-2198	1402	806	
3253	5605	-8874	-2202	1381	832	
3355	5519	-8889	-2207	1358	856	
3456	5432	-8904	-2209	1337	883	
3557	5344	-8917	-2213	1314	907	
3659	5256	-8930	-2216	1291	931	
3758	5166	-8940	-2216	1271	958	
3855	5075	-8949	-2220	1247	982	
3955	4985	-8956	-2221	1223	1006	
4053	4893	-8963	-2222	1201	1032	
4151	4799	-8968	-2224	1177	1056	
4249	4707	-8971	-2225	1153	1079	
4345	4612	-8975	-2225	1131	1103	
4439	4518	-8975	-2225	1107	1127	
4534	4423	-8975	-2224	1082	1151	
4629	4326	-8973	-2223	1059	1174	
4722	4229	-8970	-2224	1033	1198	
4816	4132	-8966	-2222	1010	1222	
4908	4034	-8960	-2219	987	1244	
5001	3936	-8953	-2218	962	1266	
5090	3837	-8944	-2212	939	1290	
5179	3738	-8935	-2211	912	1313	
5269	3636	-8924	-2211	885	1333	
5356	3536	-8911	-2206	861	1356	
5444	3434	-8897	-2203	836	1377	
5531	3332	-8882	-2199	810	1399	
5616	3230	-8866	-2195	785	1420	
5703	3127	-8848	-2190	759	1442	
5786	3024	-8829	-2186	733	1464	
5869	2920	-8808	-2180	707	1482	
5952	2815	-8786	-2175	680	1504	
6034	2710	-8763	-2168	654	1524	
6114	2606	-8738	-2161	630	1543	
6193	2500	-8713	-2156	602	1562	
6272	2394	-8686	-2149	576	1582	
6348	2289	-8657	-2142	550	1602	
6425	2181	-8627	-2134	523	1620	
6502	2074	-8596	-2126	496	1640	
6578	1967	-8564	-2119	469	1658	
6652	1860	-8530	-2109	443	1677	
6723	1752	-8496	-2101	417	1695	
6795	1644	-8460	-2091	390	1711	
6866	1535	-8423	-2081	362	1731	
6936	1426	-8384	-2073	335	1747	
7005	1319	-8344	-2062	310	1764	
7073	1209	-8303	-2051	283	1781	
7138	1100	-8259	-2042	256	1797	
7204	991	-8216	-2031	228	1814	
7270	881	-8171	-2019	201	1830	
7333	771	-8124	-2008	176	1846	
7395	662	-8077	-1995	150	1861	
7456	553	-8029	-1983	124	1876	
7514	443	-7979	-1971	98	1891	
7573	333	-7928	-1958	73	1906	
7632	223	-7876	-1946	47	1920	
7688	112	-7823	-1931	20	1935	
7745	2	-7768	-1916	-6	1948	
7799	-107	-7712	-1904	-38	1960	
7851	-218	-7656	-1889	-73	1974	
7904	-328	-7598	-1873	-110	1988	
7954	-437	-7538	-1860	-144	1999	
8004	-548	-7478	-1845	-169	2010	
8051	-657	-7416	-1829	-190	2024	
8098	-767	-7352	-1814	-212	2035	
8144	-876	-7289	-1798	-240	2046	
8188	-985	-7224	-1781	-270	2058	
8233	-1096	-7158	-1765	-299	2067	
8276	-1203	-7092	-1748	-325	2078	
8315	-1312	-7025	-1732	-353	2088	
8354	-1421	-6954	-1715	-379	2097	
8394	-1529	-6884	-1695	-404	2107	
8431	-1638	-6813	-1679	-434	2115	
8466	-1745	-6741	-1661	-461	2125	
8501	-1853	-6669	-1642	-487	2134	
8534	-1961	-6593	-1625	-515	2141	
8565	-2067	-6518	-1605	-541	2149	
8597	-2174	-6443	-1586	-568	2157	
8627	-2281	-6366	-1566	-594	2164	
8654	-2387	-6287	-1547	-620	2172	
8681	-2493	-6208	-1526	-647	2178	
8707	-2599	-6128	-1507	-674	2184	
8731	-2703	-6047	-1488	-700	2190	
8754	-2808	-5965	-1467	-726	2194	
8774	-2912	-5883	-1447	-752	2200	
8796	-3016	-5799	-1425	-776	2205	
8815	-3119	-5715	-1404	-803	2210	
8831	-3221	-5629	-1384	-829	2214	
8848	-3325	-5543	-1361	-855	2218	
8864	-3427	-5456	-1340	-880	2221	
8877	-3528	-5368	-1318	-905	2224	
8887	-3629	-5279	-1296	-931	2228	
8898	-3728	-5190	-1274	-954	2231	
8908	-3828	-5100	-1251	-980	2231	
8917	-3928	-5008	-1229	-1006	2233	
8924	-4025	-4917	-1204	-1028	2237	
8928	-4124	-4825	-1182	-1053	2237	
8935	-4221	-4732	-1160	-1077	2237	
8937	-4317	-4637	-1135	-1100	2239	
8938	-4414	-4543	-1112	-1126	2238	
8939	-4510	-4447	-1090	-1150	2238	
8937	-4604	-4352	-1066	-1174	2238	
8934	-4698	-4255	-1040	-1196	2237	
8929	-4791	-4157	-1016	-1219	2236	
8925	-4883	-4059	-992	-1243	2235	
8919	-4975	-3960	-968	-1265	2233	
8910	-5066	-3861	-943	-1288	2230	
8902	-5157	-3761	-919	-1311	2227	
8890	-5247	-3661	-896	-1335	2224	
8878	-5335	-3560	-868	-1354	2222	
8864	-5423	-3458	-843	-1376	2219	
8851	-5510	-3356	-820	-1399	2213	
8834	-5596	-3254	-793	-1419	2210	
8816	-5683	-3151	-768	-1442	2206	
8798	-5767	-3047	-742	-1463	2201	
8777	-5850	-2945	-718	-1483	2196	
8757	-5933	-2840	-691	-1503	2190	
8735	-6015	-2735	-664	-1523	2185	
8710	-6096	-2630	-639	-1544	2178	
8686	-6176	-2524	-613	-1563	2170	
8659	-6255	-2417	-587	-1582	2165	
8629	-6333	-2311	-559	-1603	2158	
8601	-6410	-2205	-533	-1621	2149	
8572	-6486	-2097	-506	-1639	2143	
8539	-6562	-1990	-480	-1659	2135	
8506	-6636	-1884	-454	-1678	2125	
8471	-6709	-1775	-426	-1696	2118	
8437	-6782	-1667	-401	-1714	2108	
8399	-6854	-1559	-374	-1731	2098	
8361	-6924	-1450	-346	-1749	2089	
8321	-6993	-1341	-320	-1767	2079	
8279	-7062	-1233	-293	-1783	2069	
8239	-7127	-1123	-267	-1800	2058	
8196	-7194	-1014	-241	-1817	2047	
8150	-7259	-903	-214	-1833	2035	
8105	-7322	-794	-186	-1846	2022	
8058	-7385	-684	-160	-1863	2012	
8009	-7446	-574	-134	-1878	2001	
7962	-7507	-464	-107	-1893	1988	
7912	-7566	-354	-83	-1910	1974	
7860	-7624	-244	-56	-1922	1962	
7806	-7682	-135	-31	-1936	1947	
7751	-7739	-24	-6	-1951	1933	
7696	-7792	86	22	-1964	1921	
7641	-7846	197	48	-1977	1905	
7584	-7899	307	77	-1990	1891	
7525	-7950	416	108	-2004	1876	
7465	-8000	527	141	-2015	1862	
7404	-8048	637	174	-2025	1847	
7341	-8095	746	202	-2039	1831	
7278	-8142	855	228	-2051	1815	
7214	-8188	965	253	-2061	1798	
7149	-8231	1075	278	-2072	1781	
7082	-8274	1184	306	-2083	1765	
7015	-8316	1293	333	-2093	1749	
6948	-8355	1402	360	-2103	1731	
6878	-8394	1510	388	-2112	1714	
6807	-8432	1619	415	-2121	1696	
6736	-8468	1727	441	-2130	1678	
6664	-8503	1834	469	-2138	1660	
6588	-8537	1942	496	-2146	1641	
6513	-8569	2051	523	-2153	1622	
6438	-8601	2158	550	-2160	1604	
6363	-8631	2266	574	-2169	1584	
6285	-8659	2373	600	-2177	1565	
6206	-8686	2478	627	-2183	1545	
6128	-8712	2585	653	-2190	1524	
6047	-8737	2689	679	-2196	1505	
5964	-8761	2793	705	-2201	1484	
5881	-8782	2898	732	-2206	1464	
5798	-8803	3001	758	-2211	1444	
5714	-8823	3105	782	-2216	1421	
5630	-8841	3208	808	-2220	1401	
5545	-8858	3311	833	-2223	1379	
5459	-8873	3413	859	-2227	1357	
5370	-8887	3515	884	-2231	1335	
5283	-8899	3616	910	-2233	1312	
5195	-8911	3716	934	-2236	1289	
5104	-8921	3816	958	-2239	1267	
5013	-8931	3916	982	-2241	1246	
4921	-8938	4016	1007	-2242	1222	
4831	-8942	4113	1032	-2244	1200	
4739	-8947	4211	1055	-2245	1176	
4644	-8950	4307	1080	-2245	1153	
4551	-8953	4404	1103	-2246	1130	
4457	-8953	4500	1127	-2247	1104	
4361	-8952	4595	1152	-2244	1083	
4263	-8950	4690	1174	-2244	1058	
4165	-8948	4784	1197	-2244	1032	
4070	-8943	4875	1219	-2242	1010	
3971	-8935	4968	1243	-2240	985	
3872	-8929	5060	1265	-2238	960	
3774	-8920	5150	1287	-2236	935	
3674	-8909	5240	1310	-2233	909	
3574	-8898	5329	1331	-2230	884	
3472	-8885	5417	1354	-2226	859	
3371	-8871	5505	1374	-2224	832	
3270	-8856	5591	1395	-2220	807	
3167	-8838	5677	1419	-2213	784	
3063	-8820	5763	1438	-2209	758	
2960	-8800	5847	1461	-2202	732	
2856	-8778	5930	1482	-2198	707	
2752	-8757	6011	1500	-2193	680	
2648	-8734	6092	1521	-2186	654	
2543	-8710	6174	1540	-2181	627	
2436	-8684	6254	1559	-2173	601	
2331	-8655	6332	1580	-2167	575	
2225	-8626	6410	1598	-2159	549	
2117	-8595	6487	1617	-2151	523	
2011	-8564	6563	1635	-2144	495	
1905	-8532	6638	1653	-2136	469	
1799	-8499	6710	1673	-2127	442	
1691	-8463	6783	1691	-2116	415	
1581	-8427	6855	1707	-2108	389	
1473	-8389	6926	1725	-2099	362	
1364	-8349	6995	1743	-2088	335	
1256	-8309	7064	1759	-2079	308	
1146	-8268	7131	1776	-2067	281	
1036	-8224	7197	1792	-2057	254	
928	-8181	7264	1807	-2047	229	
818	-8136	7329	1823	-2034	202	
709	-8090	7391	1840	-2022	175	
600	-8042	7452	1855	-2010	151	
490	-7993	7514	1869	-1998	123	
379	-7942	7573	1884	-1985	98	
271	-7891	7632	1899	-1970	74	
162	-7839	7689	1913	-1958	49	
51	-7784	7746	1926	-1946	24	
-60	-7730	7801	1940	-1931	-2	
-169	-7674	7855	1953	-1916	-31	
-279	-7616	7909	1966	-1903	-69	
-387	-7558	7960	1978	-1887	-113	
-496	-7499	8009	1990	-1873	-151	
-608	-7438	8059	2003	-1858	-175	
-718	-7376	8107	2015	-1843	-192	
-826	-7314	8155	2026	-1826	-211	
-935	-7250	8199	2039	-1808	-237	
-1044	-7185	8243	2048	-1793	-269	
-1154	-7118	8287	2059	-1775	-299	
-1264	-7052	8329	2071	-1758	-324	
-1372	-6982	8370	2078	-1743	-350	
-1481	-6912	8409	2088	-1726	-378	
-1588	-6843	8447	2098	-1707	-406	
-1695	-6771	8484	2106	-1689	-432	
-1804	-6699	8519	2115	-1671	-459	
-1912	-6626	8554	2123	-1652	-485	
-2017	-6551	8586	2131	-1634	-513	
-2124	-6476	8618	2139	-1614	-540	
-2231	-6399	8649	2146	-1596	-566	
-2336	-6322	8677	2152	-1577	-593	
-2442	-6244	8705	2160	-1555	-619	
-2547	-6165	8731	2167	-1536	-646	
-2652	-6085	8756	2171	-1517	-672	
-2757	-6004	8780	2179	-1497	-697	
-2861	-5922	8804	2184	-1475	-724	
-2966	-5839	8825	2187	-1455	-749	
-3071	-5755	8843	2194	-1433	-775	
-3173	-5670	8862	2198	-1411	-800	
-3274	-5584	8880	2202	-1390	-826	
-3376	-5498	8896	2205	-1369	-853	
-3478	-5411	8910	2209	-1347	-877	
-3580	-5323	8924	2212	-1325	-902	
-3679	-5234	8935	2215	-1302	-928	
-3779	-5145	8945	2217	-1280	-954	
-3877	-5054	8954	2219	-1256	-977	
-3977	-4963	8962	2220	-1234	-1001	
-4077	-4872	8969	2222	-1211	-1026	
-4175	-4779	8974	2223	-1187	-1050	
