-4569	-4391	8981	2224	-1092	-1149	
-4663	-4295	8978	2223	-1066	-1173	
-4756	-4197	8975	2224	-1041	-1195	
-4849	-4100	8971	2220	-1018	-1218	
-4940	-4002	8965	2219	-994	-1242	
-5032	-3902	8958	2219	-969	-1264	
-5123	-3802	8949	2215	-944	-1286	
-5211	-3703	8939	2213	-918	-1308	
-5300	-3604	8927	2210	-892	-1331	
-5390	-3502	8915	2207	-867	-1353	
-5477	-3400	8901	2202	-843	-1375	
-5563	-3298	8885	2199	-817	-1397	
-5651	-3195	8870	2196	-791	-1417	
-5735	-3092	8852	2189	-764	-1439	
-5820	-2989	8832	2185	-738	-1460	
-5901	-2885	8811	2180	-713	-1480	
-5982	-2780	8789	2175	-686	-1501	
-6065	-2676	8765	2169	-661	-1521	
-6146	-2571	8741	2162	-636	-1541	
-6225	-2464	8716	2156	-608	-1560	
-6304	-2359	8688	2149	-582	-1580	
-6382	-2252	8659	2141	-555	-1598	
-6459	-2146	8630	2133	-529	-1618	
-6534	-2040	8599	2125	-502	-1636	
-6607	-1932	8565	2117	-475	-1655	
-6680	-1825	8531	2108	-449	-1675	
-6754	-1717	8497	2101	-421	-1690	
-6826	-1609	8461	2091	-394	-1708	
-6897	-1501	8422	2081	-368	-1728	
-6967	-1392	8385	2072	-340	-1743	
-7035	-1283	8345	2062	-314	-1761	
-7104	-1174	8302	2050	-289	-1778	
-7170	-1065	8260	2038	-262	-1794	
-7233	-956	8216	2028	-234	-1811	
-7298	-847	8171	2018	-206	-1828	
-7361	-736	8125	2006	-180	-1843	
-7425	-627	8077	1994	-154	-1858	
-7487	-518	8029	1983	-127	-1872	
-7546	-408	7978	1970	-101	-1886	
-7605	-298	7927	1955	-76	-1904	
-7662	-188	7876	1944	-49	-1917	
-7718	-78	7822	1931	-24	-1930	
-7772	32	7768	1916	-1	-1946	
-7827	142	7711	1903	27	-1957	
-7880	253	7654	1888	55	-1970	
-7931	363	7595	1874	85	-1983	
-7984	472	7536	1859	120	-1995	
-8033	582	7476	1843	155	-2007	
-8080	692	7414	1828	188	-2019	
-8127	801	7352	1812	215	-2030	
-8172	911	7288	1797	238	-2041	
-8217	1021	7223	1781	260	-2053	
-8260	1130	7157	1764	287	-2063	
-8302	1239	7090	1748	316	-2073	
-8342	1347	7022	1730	344	-2084	
-8382	1456	6952	1712	371	-2094	
-8421	1565	6882	1695	398	-2103	
-8458	1674	6811	1677	425	-2111	
-8494	1782	6738	1658	451	-2119	
-8527	1888	6664	1641	479	-2130	
-8561	1994	6590	1622	506	-2138	
-8594	2101	6515	1602	532	-2145	
-8624	2210	6439	1585	559	-2152	
-8655	2316	6362	1564	585	-2160	
-8681	2422	6284	1545	613	-2166	
-8707	2528	6203	1526	640	-2170	
-8732	2633	6123	1505	665	-2180	
-8757	2737	6042	1486	693	-2185	
-8781	2843	5960	1465	717	-2190	
-8800	2947	5878	1442	742	-2197	
-8821	3050	5794	1422	770	-2199	
-8840	3153	5708	1402	795	-2204	
-8857	3256	5623	1381	820	-2210	
-8874	3359	5538	1359	846	-2214	
-8888	3460	5450	1337	871	-2217	
-8901	3561	5362	1316	897	-2219	
-8913	3663	5274	1294	922	-2222	
-8924	3762	5184	1271	945	-2225	
-8935	3862	5093	1248	971	-2227	
-8942	3962	5003	1227	998	-2228	
-8949	4059	4911	1203	1022	-2231	
-8954	4157	4818	1181	1046	-2232	
-8957	4255	4725	1157	1069	-2232	
-8961	4352	4632	1133	1093	-2233	
-8960	4448	4537	1111	1117	-2233	
-8960	4543	4441	1086	1141	-2232	
-8960	4637	4344	1063	1166	-2231	
-8958	4731	4248	1040	1188	-2231	
-8954	4824	4150	1014	1212	-2230	
-8948	4916	4052	991	1234	-2227	
-8941	5008	3953	966	1256	-2227	
-8933	5100	3854	941	1280	-2224	
-8923	5189	3755	917	1304	-2221	
-8914	5279	3655	891	1324	-2219	
-8901	5367	3554	865	1345	-2216	
-8886	5455	3451	841	1369	-2212	
-8873	5543	3350	817	1390	-2208	
-8856	5629	3248	791	1411	-2203	
-8839	5714	3144	765	1433	-2198	
-8819	5799	3041	739	1453	-2195	
-8798	5882	2937	714	1474	-2190	
-8778	5964	2833	688	1494	-2183	
-8754	6046	2728	662	1515	-2177	
-8730	6127	2623	637	1536	-2171	
-8706	6207	2519	610	1555	-2165	
-8679	6286	2412	584	1576	-2159	
-8650	6364	2306	559	1595	-2150	
-8620	6441	2199	530	1612	-2143	
-8590	6517	2091	505	1632	-2136	
-8559	6593	1985	479	1650	-2127	
-8524	6666	1876	452	1669	-2119	
-8491	6739	1768	426	1687	-2109	
-8456	6812	1660	399	1705	-2101	
-8418	6884	1552	373	1723	-2091	
-8379	6954	1444	345	1740	-2081	
-8341	7022	1335	319	1758	-2071	
-8300	7090	1225	294	1775	-2059	
-8256	7157	1116	266	1792	-2051	
-8213	7223	1006	240	1808	-2039	
-8169	7289	896	214	1823	-2027	
-8123	7352	787	187	1839	-2017	
-8075	7414	676	159	1853	-2005	
-8028	7475	567	134	1869	-1992	
-7979	7536	457	109	1885	-1979	
-7928	7595	347	82	1898	-1968	
-7876	7654	237	57	1913	-1954	
-7822	7710	127	30	1926	-1941	
-7769	7766	16	3	1941	-1928	
-7713	7820	-93	-27	1954	-1913	
-7658	7874	-203	-62	1966	-1900	
-7601	7926	-314	-95	1981	-1886	
-7540	7977	-424	-128	1992	-1871	
-7481	8027	-534	-155	2004	-1855	
-7420	8076	-643	-176	2017	-1838	
-7358	8123	-752	-200	2028	-1823	
-7294	8169	-862	-228	2040	-1807	
-7229	8214	-972	-256	2051	-1790	
-7165	8258	-1081	-283	2062	-1775	
-7097	8300	-1190	-310	2073	-1757	
-7030	8341	-1300	-338	2082	-1740	
-6962	8380	-1408	-364	2093	-1724	
-6891	8420	-1517	-390	2102	-1705	
-6820	8457	-1626	-417	2111	-1689	
-6749	8493	-1734	-445	2120	-1671	
-6676	8529	-1841	-471	2128	-1651	
-6602	8562	-1948	-498	2137	-1634	
-6528	8594	-2056	-525	2144	-1614	
-6451	8626	-2163	-551	2152	-1594	
-6374	8656	-2270	-578	2159	-1575	
-6299	8684	-2375	-603	2166	-1556	
-6220	8711	-2482	-631	2174	-1537	
-6140	8737	-2589	-658	2178	-1516	
-6059	8762	-2693	-683	2184	-1498	
-5977	8785	-2799	-709	2190	-1477	
-5896	8807	-2904	-734	2196	-1455	
-5813	8827	-3007	-760	2201	-1435	
-5728	8845	-3111	-786	2205	-1413	
-5642	8864	-3215	-811	2210	-1392	
-5558	8881	-3317	-837	2214	-1370	
-5472	8896	-3418	-863	2217	-1349	
-5384	8910	-3520	-887	2221	-1327	
-5295	8922	-3621	-913	2223	-1304	
-5205	8933	-3723	-938	2227	-1282	
-5116	8943	-3822	-962	2229	-1259	
-5027	8952	-3921	-986	2229	-1236	
-4936	8959	-4021	-1010	2233	-1213	
-4843	8964	-4118	-1035	2234	-1191	
-4751	8969	-4216	-1060	2232	-1168	
-4657	8972	-4313	-1082	2235	-1144	
-4563	8973	-4409	-1106	2235	-1121	
-4468	8974	-4504	-1131	2234	-1099	
-4372	8973	-4600	-1154	2235	-1073	
-4275	8971	-4694	-1178	2234	-1049	
-4178	8968	-4787	-1199	2232	-1024	
-4081	8962	-4880	-1223	2231	-999	
-3983	8956	-4972	-1247	2228	-975	
-3883	8948	-5064	-1268	2227	-950	
-3783	8940	-5155	-1291	2224	-925	
-3684	8929	-5244	-1313	2221	-901	
-3583	8916	-5334	-1335	2218	-874	
-3482	8904	-5421	-1357	2214	-850	
-3381	8890	-5508	-1377	2212	-826	
-3278	8874	-5594	-1399	2208	-800	
-3177	8857	-5681	-1421	2202	-775	
-3075	8839	-5766	-1442	2196	-748	
-2971	8818	-5849	-1463	2193	-721	
-2866	8797	-5933	-1482	2186	-697	
-2761	8775	-6015	-1502	2181	-671	
-2656	8752	-6097	-1523	2176	-645	
-2552	8727	-6177	-1543	2168	-619	
-2445	8700	-6257	-1562	2163	-591	
-2340	8671	-6335	-1582	2154	-566	
-2234	8643	-6412	-1601	2147	-537	
-2126	8613	-6489	-1619	2141	-510	
-2021	8581	-6565	-1637	2132	-486	
-1915	8549	-6639	-1655	2126	-457	
-1807	8515	-6712	-1674	2116	-432	
-1699	8478	-6786	-1692	2106	-406	
-1591	8443	-6858	-1709	2097	-379	
-1483	8404	-6928	-1726	2087	-352	
-1377	8365	-6997	-1744	2076	-324	
-1268	8326	-7065	-1761	2066	-298	
-1158	8284	-7133	-1777	2056	-272	
-1048	8241	-7199	-1793	2044	-245	
-937	8196	-7265	-1810	2033	-218	
-829	8151	-7329	-1827	2022	-191	
-721	8105	-7392	-1842	2010	-165	
-611	8056	-7454	-1855	1999	-139	
-500	8007	-7515	-1872	1986	-112	
-391	7957	-7575	-1886	1973	-85	
-281	7906	-7633	-1899	1959	-60	
-171	7853	-7690	-1915	1946	-37	
-61	7798	-7746	-1928	1934	-12	
49	7743	-7801	-1942	1918	12	
158	7687	-7855	-1955	1904	38	
268	7630	-7908	-1968	1890	68	
376	7572	-7959	-1979	1876	103	
486	7512	-8010	-1991	1861	143	
596	7451	-8060	-2006	1844	179	
706	7389	-8107	-2016	1830	207	
816	7326	-8154	-2027	1815	229	
924	7262	-8199	-2040	1796	248	
1034	7197	-8243	-2050	1780	273	
1144	7132	-8287	-2061	1764	302	
1253	7064	-8328	-2070	1746	333	
1360	6995	-8368	-2080	1729	361	
1470	6925	-8407	-2090	1713	387	
1578	6855	-8445	-2098	1695	414	
1687	6783	-8482	-2107	1677	440	
1796	6711	-8517	-2116	1658	467	
1902	6638	-8552	-2124	1639	494	
2009	6563	-8585	-2131	1623	522	
2115	6487	-8615	-2140	1602	547	
2221	6411	-8646	-2147	1583	574	
2328	6334	-8675	-2152	1564	601	
2432	6255	-8702	-2161	1543	627	
2538	6176	-8729	-2168	1523	654	
2642	6095	-8754	-2173	1502	680	
2748	6014	-8777	-2178	1483	706	
2855	5933	-8801	-2184	1462	732	
2957	5849	-8821	-2189	1441	757	
3060	5765	-8840	-2193	1421	784	
3163	5680	-8859	-2198	1399	809	
3265	5595	-8876	-2203	1377	835	
3367	5509	-8891	-2207	1356	860	
3469	5422	-8906	-2209	1335	886	
3570	5332	-8919	-2212	1311	910	
3669	5244	-8931	-2216	1288	935	
3771	5156	-8941	-2217	1267	961	
3871	5064	-8950	-2219	1243	985	
3968	4973	-8957	-2222	1221	1010	
4066	4881	-8964	-2222	1198	1034	
4162	4788	-8968	-2223	1174	1058	
4260	4695	-8971	-2224	1151	1084	
4357	4600	-8974	-2225	1127	1106	
4452	4505	-8976	-2225	1105	1130	
4548	4411	-8975	-2225	1080	1154	
4641	4314	-8973	-2225	1055	1176	
4735	4217	-8970	-2222	1032	1201	
4827	4120	-8965	-2222	1007	1223	
4918	4022	-8959	-2221	981	1245	
5011	3923	-8952	-2218	958	1270	
5100	3823	-8943	-2215	934	1292	
5190	3724	-8934	-2213	907	1314	
5280	3623	-8922	-2210	882	1336	
5369	3522	-8909	-2206	859	1359	
5456	3422	-8895	-2203	833	1380	
5541	3319	-8880	-2199	807	1401	
5628	3216	-8864	-2194	781	1423	
5714	3114	-8845	-2189	756	1445	
5798	3010	-8826	-2185	730	1465	
5880	2905	-8805	-2180	704	1485	
5960	2802	-8782	-2172	679	1507	
6044	2697	-8760	-2168	652	1526	
6123	2592	-8736	-2162	625	1544	
6204	2487	-8709	-2153	598	1566	
6283	2381	-8683	-2147	572	1585	
6357	2275	-8654	-2141	546	1604	
6436	2167	-8624	-2134	519	1623	
6512	2060	-8592	-2125	493	1642	
6587	1953	-8559	-2117	465	1661	
6661	1846	-8527	-2109	439	1679	
6732	1738	-8491	-2098	413	1699	
6805	1630	-8455	-2089	386	1715	
6875	1522	-8418	-2081	361	1732	
6945	1413	-8379	-2071	334	1750	
7013	1304	-8338	-2060	306	1766	
7080	1195	-8297	-2051	279	1783	
7147	1086	-8255	-2040	252	1800	
7214	977	-8210	-2029	226	1816	
7278	866	-8165	-2017	199	1832	
7339	758	-8119	-2005	173	1848	
7401	648	-8072	-1993	146	1863	
7463	537	-8023	-1981	119	1879	
7523	427	-7973	-1970	93	1893	
7581	319	-7921	-1958	67	1907	
7638	209	-7869	-1942	44	1922	
7695	98	-7816	-1928	18	1936	
7750	-11	-7760	-1917	-12	1949	
7805	-122	-7705	-1902	-43	1963	
7859	-232	-7648	-1888	-79	1976	
7910	-342	-7590	-1873	-116	1987	
7959	-452	-7530	-1858	-147	2000	
8009	-562	-7470	-1843	-171	2013	
8058	-671	-7408	-1827	-192	2025	
8105	-780	-7345	-1813	-215	2036	
8151	-889	-7282	-1795	-243	2047	
8195	-1000	-7217	-1778	-273	2058	
8238	-1110	-7151	-1763	-301	2069	
8280	-1217	-7084	-1745	-328	2079	
8321	-1326	-7015	-1729	-355	2090	
8361	-1434	-6946	-1712	-383	2099	
8398	-1543	-6876	-1695	-410	2108	
8434	-1652	-6804	-1677	-437	2118	
8470	-1758	-6732	-1658	-465	2127	
8507	-1866	-6658	-1640	-490	2135	
8540	-1975	-6584	-1622	-517	2143	
8570	-2081	-6509	-1603	-544	2150	
8600	-2187	-6433	-1583	-570	2159	
8629	-2294	-6357	-1564	-598	2166	
8657	-2401	-6277	-1544	-624	2172	
8684	-2506	-6198	-1524	-650	2179	
8709	-2612	-6118	-1505	-676	2185	
8734	-2716	-6036	-1484	-700	2191	
8757	-2821	-5954	-1463	-728	2197	
8779	-2925	-5871	-1444	-756	2201	
8798	-3028	-5789	-1423	-781	2207	
8817	-3133	-5704	-1402	-807	2211	
8834	-3235	-5617	-1380	-832	2215	
8849	-3337	-5532	-1358	-857	2219	
8866	-3439	-5445	-1338	-883	2222	
8879	-3540	-5357	-1314	-908	2226	
8891	-3641	-5268	-1293	-933	2229	
8901	-3740	-5178	-1272	-960	2230	
8909	-3841	-5088	-1248	-983	2232	
8918	-3940	-4997	-1225	-1006	2235	
8925	-4038	-4905	-1203	-1033	2235	
8930	-4135	-4814	-1180	-1057	2238	
8933	-4233	-4719	-1156	-1081	2239	
8936	-4330	-4625	-1134	-1105	2238	
8938	-4426	-4531	-1110	-1129	2238	
8938	-4521	-4436	-1086	-1153	2239	
8936	-4616	-4340	-1062	-1176	2238	
8933	-4710	-4242	-1038	-1200	2237	
8929	-4802	-4143	-1015	-1222	2236	
8924	-4894	-4046	-989	-1245	2235	
8918	-4987	-3948	-966	-1269	2231	
8910	-5078	-3848	-942	-1290	2229	
8898	-5168	-3748	-915	-1312	2227	
8888	-5257	-3648	-892	-1335	2223	
8877	-5346	-3546	-866	-1358	2222	
8864	-5435	-3445	-841	-1380	2217	
8848	-5521	-3343	-815	-1401	2213	
8832	-5608	-3241	-790	-1423	2209	
8814	-5693	-3139	-764	-1443	2204	
8796	-5777	-3035	-739	-1464	2200	
8777	-5860	-2930	-713	-1486	2194	
8754	-5943	-2827	-688	-1506	2188	
8731	-6025	-2721	-662	-1526	2184	
8709	-6106	-2616	-634	-1545	2178	
8682	-6186	-2511	-608	-1565	2169	
8653	-6265	-2404	-582	-1585	2163	
8627	-6342	-2298	-554	-1604	2158	
8598	-6419	-2190	-530	-1625	2148	
8566	-6496	-2083	-504	-1643	2141	
8535	-6571	-1976	-477	-1662	2133	
8502	-6646	-1870	-451	-1681	2123	
8468	-6719	-1762	-423	-1698	2116	
8431	-6791	-1653	-396	-1716	2106	
8393	-6862	-1544	-370	-1734	2097	
8355	-6932	-1436	-344	-1751	2087	
8315	-7000	-1327	-317	-1769	2077	
8275	-7069	-1219	-289	-1785	2067	
8233	-7137	-1110	-262	-1801	2056	
8190	-7203	-999	-236	-1817	2045	
8145	-7267	-889	-211	-1833	2034	
8100	-7330	-781	-183	-1850	2022	
8054	-7393	-671	-158	-1866	2010	
8004	-7455	-561	-131	-1881	1999	
7955	-7515	-450	-104	-1894	1985	
7905	-7574	-340	-78	-1910	1972	
7853	-7632	-230	-51	-1924	1960	
7800	-7688	-120	-27	-1938	1945	
7747	-7745	-10	-1	-1951	1932	
7691	-7799	100	25	-1966	1918	
7633	-7852	210	50	-1979	1902	
7576	-7905	320	82	-1990	1889	
7518	-7956	430	113	-2004	1874	
7457	-8006	541	145	-2016	1859	
7395	-8055	650	178	-2028	1846	
7335	-8101	759	206	-2041	1829	
7271	-8148	869	231	-2051	1813	
7205	-8193	979	256	-2062	1797	
7140	-8237	1089	281	-2073	1779	
7073	-8279	1197	308	-2083	1762	
7007	-8320	1306	336	-2093	1747	
6938	-8361	1416	363	-2103	1729	
6867	-8399	1525	392	-2112	1712	
6798	-8436	1633	418	-2120	1695	
6726	-8473	1741	445	-2130	1675	
6654	-8507	1849	473	-2139	1657	
6579	-8541	1957	498	-2149	1636	
6504	-8574	2064	523	-2158	1616	
6428	-8605	2172	550	-2164	1599	
6350	-8635	2279	576	-2171	1581	
6274	-8663	2386	604	-2177	1562	
6196	-8691	2492	630	-2183	1542	
6118	-8716	2598	656	-2190	1522	
6035	-8740	2702	683	-2196	1502	
5954	-8765	2806	708	-2202	1481	
5872	-8786	2912	736	-2207	1461	
5787	-8806	3015	762	-2211	1440	
5705	-8825	3118	785	-2216	1419	
5620	-8844	3222	812	-2220	1397	
5535	-8860	3324	837	-2225	1375	
5448	-8875	3425	861	-2229	1354	
5359	-8889	3528	887	-2231	1332	
5272	-8902	3628	912	-2235	1310	
5182	-8913	3728	937	-2237	1289	
5092	-8922	3830	961	-2239	1265	
5001	-8931	3930	986	-2242	1243	
4910	-8939	4029	1010	-2242	1220	
4819	-8944	4126	1035	-2243	1196	
4725	-8948	4223	1058	-2245	1173	
4631	-8952	4320	1083	-2244	1150	
4539	-8953	4416	1106	-2245	1126	
4444	-8953	4512	1129	-2247	1102	
4348	-8953	4607	1154	-2245	1079	
4251	-8951	4701	1176	-2244	1054	
4153	-8947	4794	1200	-2244	1031	
4057	-8942	4887	1222	-2242	1007	
3960	-8935	4979	1244	-2240	981	
3861	-8927	5071	1268	-2238	957	
3762	-8918	5162	1291	-2235	931	
3663	-8908	5251	1313	-2233	906	
3562	-8897	5340	1335	-2230	882	
3459	-8883	5428	1356	-2226	856	
3359	-8869	5515	1378	-2221	831	
3257	-8853	5603	1399	-2217	806	
3154	-8836	5687	1420	-2214	779	
3051	-8818	5773	1442	-2209	754	
2947	-8797	5857	1462	-2204	728	
2843	-8777	5940	1482	-2198	702	
2738	-8755	6022	1503	-2192	677	
2633	-8731	6103	1523	-2185	650	
2529	-8706	6185	1542	-2180	624	
2424	-8679	6264	1562	-2173	598	
2317	-8652	6342	1581	-2166	571	
2211	-8623	6419	1601	-2157	545	
2107	-8592	6495	1621	-2149	519	
1999	-8560	6572	1638	-2142	491	
1891	-8527	6646	1658	-2133	465	
1784	-8494	6721	1676	-2125	440	
1675	-8458	6792	1692	-2117	411	
1567	-8422	6863	1710	-2106	384	
1459	-8384	6935	1727	-2098	358	
1351	-8345	7004	1744	-2087	332	
1242	-8305	7072	1761	-2076	305	
1132	-8263	7139	1777	-2067	278	
1023	-8220	7206	1794	-2056	251	
912	-8176	7271	1810	-2044	226	
804	-8130	7336	1826	-2033	199	
695	-8084	7399	1841	-2020	172	
585	-8036	7461	1857	-2007	146	
475	-7986	7521	1872	-1995	121	
366	-7936	7581	1886	-1982	96	
258	-7884	7639	1901	-1970	70	
148	-7832	7697	1914	-1958	46	
37	-7778	7754	1929	-1943	22	
-72	-7723	7808	1941	-1930	-5	
-183	-7667	7862	1954	-1914	-34	
-292	-7609	7915	1969	-1900	-75	
-402	-7550	7966	1981	-1886	-119	
-511	-7491	8017	1991	-1870	-155	
-621	-7431	8065	2003	-1856	-178	
-732	-7368	8113	2016	-1839	-193	
-840	-7305	8159	2028	-1822	-214	
-950	-7242	8205	2037	-1808	-242	
-1059	-7176	8249	2049	-1792	-272	
-1169	-7110	8293	2061	-1774	-301	
-1279	-7042	8334	2070	-1757	-328	
-1386	-6974	8374	2080	-1740	-355	
-1494	-6904	8413	2090	-1723	-381	
-1603	-6834	8451	2099	-1705	-408	
-1711	-6763	8488	2107	-1687	-436	
-1819	-6690	8524	2116	-1669	-462	
-1926	-6617	8558	2124	-1650	-490	
-2031	-6542	8590	2133	-1631	-516	
-2136	-6466	8622	2140	-1612	-543	
-2242	-6390	8653	2148	-1593	-570	
-2348	-6313	8682	2155	-1573	-596	
-2455	-6234	8708	2160	-1554	-623	
-2560	-6154	8735	2167	-1534	-649	
-2666	-6074	8760	2173	-1514	-674	
-2771	-5992	8783	2178	-1493	-701	
-2876	-5911	8806	2185	-1472	-728	
-2978	-5828	8827	2189	-1452	-753	
-3081	-5743	8846	2194	-1430	-779	
-3184	-5660	8865	2198	-1409	-805	
-3288	-5574	8882	2202	-1388	-828	
-3390	-5488	8897	2207	-1365	-855	
-3491	-5401	8912	2209	-1343	-881	
-3592	-5311	8925	2214	-1321	-905	
-3692	-5224	8936	2215	-1300	-930	
-3793	-5133	8947	2217	-1277	-955	
-3892	-5043	8956	2219	-1254	-980	
-3990	-4951	8963	2221	-1232	-1006	
-4088	-4860	8970	2222	-1209	-1029	
-4185	-4768	8975	2224	-1185	-1053	
-4282	-4674	8978	2225	-1161	-1078	
-4379	-4580	8980	2223	-1139	-1102	
-4476	-4485	8980	2225	-1114	-1125	
-4569	-4390	8980	2223	-1090	-1149	
-4664	-4293	8978	2221	-1067	-1174	
-4758	-4196	8975	2224	-1041	-1196	
-4849	-4100	8971	2221	-1018	-1219	
-4942	-4002	8965	2220	-993	-1242	
-5032	-3902	8957	2219	-968	-1264	
-5122	-3803	8948	2214	-944	-1287	
-5213	-3703	8938	2212	-918	-1311	
-5303	-3601	8928	2209	-893	-1331	
-5390	-3500	8915	2207	-867	-1352	
-5478	-3400	8902	2203	-842	-1375	
-5565	-3298	8886	2198	-816	-1396	
-5650	-3195	8869	2195	-790	-1417	
-5735	-3092	8851	2191	-766	-1440	
-5819	-2988	8832	2185	-739	-1460	
-5901	-2884	8811	2180	-712	-1480	
-5984	-2780	8789	2175	-686	-1502	
-6067	-2675	8766	2168	-661	-1521	
-6147	-2570	8741	2162	-635	-1540	
-6226	-2465	8716	2156	-608	-1561	
-6306	-2358	8688	2148	-583	-1580	
-6381	-2252	8658	2141	-556	-1600	
-6458	-2146	8629	2133	-529	-1618	
-6536	-2038	8599	2125	-502	-1636	
-6610	-1931	8566	2118	-476	-1656	
-6684	-1825	8532	2108	-450	-1675	
-6756	-1717	8497	2101	-421	-1691	
-6827	-1608	8460	2092	-395	-1709	
-6899	-1501	8423	2082	-368	-1727	
-6967	-1391	8385	2073	-340	-1743	
-7035	-1282	8344	2062	-314	-1761	
-7102	-1174	8302	2050	-288	-1778	
-7170	-1064	8260	2039	-261	-1794	
-7235	-955	8216	2030	-233	-1811	
-7300	-846	8170	2018	-206	-1826	
-7364	-736	8125	2006	-180	-1843	
-7425	-626	8078	1994	-153	-1857	
-7485	-517	8029	1982	-126	-1871	
-7545	-406	7978	1969	-102	-1888	
-7604	-297	7927	1955	-77	-1902	
-7664	-187	7875	1943	-48	-1916	
-7719	-76	7821	1931	-24	-1931	
-7774	33	7767	1916	-1	-1945	
-7828	142	7710	1902	26	-1957	
-7881	252	7653	1888	54	-1971	
-7933	363	7596	1873	85	-1983	
-7982	473	7535	1858	120	-1995	
-8032	582	7475	1843	156	-2007	
-8080	693	7414	1828	189	-2017	
-8128	802	7352	1812	215	-2031	
-8174	912	7288	1796	238	-2042	
-8218	1022	7222	1780	261	-2052	
-8261	1130	7156	1762	287	-2063	
-8302	1239	7089	1747	317	-2073	
-8343	1348	7021	1730	345	-2084	
-8384	1457	6952	1712	372	-2094	
-8420	1566	6882	1695	398	-2102	
-8457	1674	6809	1676	425	-2112	
-8494	1781	6737	1659	452	-2121	
-8529	1889	6666	1641	479	-2129	
-8562	1997	6590	1621	507	-2138	
-8593	2103	6513	1603	532	-2145	
-8623	2210	6437	1584	559	-2152	
-8653	2317	6360	1563	586	-2159	
-8680	2423	6282	1545	612	-2167	
-8706	2529	6203	1526	640	-2172	
-8733	2635	6124	1504	665	-2179	
-8758	2740	6042	1487	693	-2186	
-8779	2843	5959	1466	719	-2190	
-8801	2948	5877	1443	743	-2196	
-8822	3051	5794	1423	769	-2200	
-8840	3154	5709	1401	796	-2205	
-8857	3257	5623	1381	821	-2209	
-8874	3360	5537	1360	847	-2213	
-8889	3462	5450	1337	872	-2216	
-8902	3562	5363	1316	897	-2219	
-8914	3663	5273	1294	922	-2223	
-8924	3763	5183	1272	948	-2224	
-8934	3863	5093	1249	973	-2227	
-8943	3962	5001	1227	998	-2229	
-8949	4060	4911	1204	1022	-2231	
-8954	4159	4817	1181	1046	-2231	
-8957	4255	4724	1157	1069	-2232	
-8959	4352	4631	1133	1094	-2233	
-8961	4449	4536	1111	1118	-2231	
-8962	4543	4441	1086	1141	-2231	
-8961	4638	4344	1062	1164	-2232	
-8957	4732	4247	1039	1188	-2231	
-8953	4825	4150	1014	1211	-2230	
-8947	4918	4052	991	1234	-2228	
-8941	5009	3954	964	1256	-2227	
-8933	5100	3855	940	1281	-2225	
-8923	5190	3754	917	1304	-2222	
-8912	5279	3654	890	1323	-2219	
-8900	5368	3553	865	1347	-2216	
-8887	5456	3451	841	1368	-2212	
-8873	5543	3349	816	1389	-2207	
-8856	5629	3247	791	1411	-2203	
-8837	5715	3144	765	1432	-2199	
-8820	5799	3041	740	1455	-2194	
-8800	5882	2937	714	1475	-2189	
-8777	5966	2833	687	1495	-2184	
-8755	6047	2728	662	1515	-2177	
-8730	6128	2623	636	1536	-2170	
-8705	6208	2517	611	1557	-2165	
-8677	6287	2412	585	1576	-2158	
-8649	6364	2305	558	1595	-2150	
-8621	6441	2198	531	1613	-2144	
-8590	6519	2090	505	1632	-2135	
-8558	6593	1983	478	1651	-2127	
-8525	6668	1874	451	1669	-2119	
-8491	6741	1768	426	1686	-2109	
-8454	6812	1659	398	1705	-2101	
-8416	6885	1550	372	1723	-2091	
-8378	6954	1443	346	1740	-2082	
-8339	7023	1333	319	1758	-2071	
-8299	7091	1224	293	1776	-2061	
-8257	7157	1114	265	1792	-2050	
-8213	7223	1005	240	1808	-2039	
-8168	7288	896	214	1825	-2027	
-8123	7353	786	185	1838	-2016	
-8076	7415	677	160	1854	-2005	
-8027	7476	567	134	1869	-1992	
-7978	7537	456	108	1885	-1979	
-7928	7596	346	83	1901	-1967	
-7876	7654	237	57	1914	-1953	
-7823	7711	127	30	1927	-1941	
-7769	7766	16	4	1941	-1927	
-7714	7820	-94	-28	1954	-1912	
-7658	7874	-204	-62	1967	-1900	
-7599	7927	-314	-95	1981	-1884	
-7540	7978	-424	-128	1993	-1871	
-7480	8028	-534	-154	2005	-1855	
-7419	8076	-644	-176	2017	-1837	
-7357	8123	-754	-200	2029	-1823	
-7293	8169	-863	-227	2041	-1807	
-7229	8215	-972	-256	2052	-1790	
-7164	8258	-1082	-283	2061	-1774	
-7098	8301	-1191	-310	2072	-1757	
-7030	8342	-1300	-338	2083	-1741	
-6960	8382	-1410	-364	2092	-1723	
-6891	8420	-1517	-391	2102	-1706	
-6819	8458	-1627	-418	2111	-1688	
-6748	8494	-1735	-445	2120	-1670	
-6675	8529	-1843	-471	2129	-1652	
-6602	8563	-1950	-499	2135	-1634	
-6528	8595	-2056	-525	2143	-1614	
-6452	8626	-2164	-551	2152	-1594	
-6375	8657	-2270	-579	2159	-1576	
-6296	8684	-2378	-604	2166	-1556	
-6218	8711	-2483	-631	2173	-1536	
-6139	8737	-2589	-657	2180	-1515	
-6058	8761	-2695	-682	2184	-1496	
-5977	8784	-2799	-709	2190	-1476	
-5895	8807	-2905	-734	2196	-1453	
-5813	8827	-3008	-760	2201	-1434	
-5729	8845	-3111	-785	2206	-1413	
-5643	8864	-3215	-810	2210	-1390	
-5556	8880	-3318	-837	2213	-1370	
-5469	8895	-3420	-862	2217	-1349	
-5382	8910	-3521	-887	2220	-1327	
-5295	8921	-3622	-912	2223	-1304	
-5206	8933	-3723	-938	2226	-1281	
-5116	8944	-3822	-961	2228	-1260	
-5026	8951	-3921	-986	2230	-1237	
-4933	8959	-4021	-1011	2232	-1214	
-4841	8964	-4119	-1035	2232	-1191	
-4750	8968	-4216	-1060	2233	-1167	
-4656	8972	-4314	-1082	2236	-1144	
-4561	8974	-4410	-1105	2235	-1121	
-4467	8974	-4505	-1131	2234	-1097	
-4371	8973	-4600	-1154	2234	-1072	
-4275	8971	-4694	-1177	2233	-1048	
-4177	8967	-4788	-1200	2232	-1024	
-4079	8962	-4881	-1222	2230	-1000	
-3981	8956	-4973	-1247	2228	-976	
-3883	8948	-5065	-1269	2227	-951	
-3784	8938	-5156	-1291	2224	-926	
-3684	8929	-5245	-1312	2221	-900	
-3584	8917	-5334	-1335	2218	-875	
-3482	8903	-5423	-1357	2215	-850	
-3380	8890	-5509	-1377	2213	-825	
-3279	8874	-5595	-1399	2208	-799	
-3176	8857	-5682	-1421	2202	-774	
-3073	8838	-5767	-1441	2197	-747	
-2968	8818	-5850	-1462	2193	-721	
-2864	8797	-5933	-1483	2187	-696	
-2761	8774	-6016	-1503	2181	-670	
-2656	8751	-6097	-1523	2176	-645	
-2550	8727	-6177	-1543	2168	-618	
-2445	8700	-6257	-1563	2163	-592	
-2339	8672	-6335	-1583	2155	-566	
-2233	8643	-6413	-1599	2147	-538	
-2128	8614	-6489	-1617	2141	-510	
-2022	8582	-6564	-1638	2133	-485	
-1914	8548	-6640	-1655	2126	-458	
-1807	8514	-6713	-1674	2116	-431	
-1701	8479	-6786	-1693	2105	-405	
-1592	8443	-6858	-1709	2096	-377	
-1483	8405	-6928	-1728	2086	-351	
-1374	8365	-6998	-1744	2076	-325	
-1265	8325	-7066	-1761	2066	-298	
-1157	8283	-7133	-1778	2054	-271	
-1049	8240	-7199	-1793	2044	-245	
-940	8195	-7265	-1809	2034	-218	
-829	8151	-7330	-1826	2021	-190	
-719	8104	-7392	-1842	2010	-165	
-610	8055	-7454	-1855	1999	-138	
-500	8006	-7514	-1871	1986	-113	
-390	7956	-7575	-1886	1973	-86	
-279	7905	-7633	-1899	1960	-60	
-170	7852	-7691	-1915	1946	-37	
-61	7797	-7746	-1927	1932	-11	
48	7742	-7802	-1942	1917	13	
159	7687	-7855	-1955	1904	39	
271	7630	-7908	-1968	1890	68	
380	7571	-7960	-1981	1875	101	
489	7511	-8010	-1992	1860	142	
598	7451	-8059	-2006	1844	180	
707	7389	-8107	-2016	1830	208	
816	7326	-8154	-2027	1815	229	
924	7261	-8199	-2041	1795	249	
1034	7197	-8244	-2050	1779	272	
1144	7131	-8288	-2060	1763	302	
1252	7063	-8328	-2070	1746	331	
1362	6995	-8369	-2080	1730	360	
1470	6925	-8408	-2089	1713	387	
1580	6854	-8445	-2099	1694	413	
1687	6784	-8482	-2107	1677	440	
1794	6711	-8518	-2116	1658	467	
1903	6637	-8552	-2125	1639	495	
2010	6563	-8584	-2131	1622	521	
2116	6487	-8616	-2139	1602	547	
2222	6411	-8647	-2147	1584	574	
2328	6333	-8675	-2153	1564	601	
2435	6255	-8703	-2161	1543	627	
2540	6175	-8728	-2167	1523	653	
2645	6094	-8754	-2174	1503	680	
2749	6014	-8778	-2179	1482	706	
2852	5931	-8800	-2184	1462	731	
2957	5847	-8821	-2190	1441	757	
3060	5765	-8840	-2193	1420	783	
3166	5680	-8860	-2198	1398	810	
3268	5594	-8876	-2203	1377	834	
3368	5507	-8891	-2205	1356	860	
3470	5420	-8906	-2208	1334	886	
3570	5332	-8918	-2212	1311	911	
3670	5244	-8931	-2215	1289	935	
3770	5154	-8941	-2216	1267	961	
3871	5063	-8950	-2220	1243	986	
3969	4972	-8957	-2222	1220	1009	
4066	4881	-8964	-2222	1198	1034	
4165	4787	-8970	-2224	1176	1059	
4261	4694	-8972	-2224	1152	1083	
4358	4599	-8975	-2225	1126	1106	
4453	4505	-8975	-2224	1104	1131	
4548	4410	-8974	-2224	1079	1154	
4643	4313	-8973	-2225	1055	1176	
4736	4216	-8970	-2222	1033	1200	
4829	4119	-8965	-2221	1007	1223	
4920	4021	-8959	-2221	981	1246	
5012	3922	-8952	-2218	958	1269	
5103	3823	-8944	-2216	932	1292	
5191	3723	-8933	-2213	908	1314	
5281	3622	-8922	-2210	883	1336	
5368	3522	-8910	-2207	857	1359	
5455	3421	-8895	-2202	831	1380	
5544	3319	-8880	-2199	806	1402	
5629	3217	-8864	-2195	781	1423	
5713	3113	-8845	-2189	757	1445	
5797	3010	-8826	-2184	730	1465	
5879	2906	-8805	-2179	704	1485	
5964	2800	-8783	-2172	679	1506	
6045	2697	-8760	-2167	651	1526	
6124	2592	-8737	-2163	624	1545	
6203	2486	-8709	-2154	598	1566	
6281	2380	-8682	-2148	572	1586	
6360	2273	-8654	-2142	545	1604	
6436	2167	-8623	-2134	519	1623	
6513	2060	-8593	-2124	493	1643	
6587	1953	-8560	-2115	467	1661	
6660	1844	-8526	-2109	439	1680	
6733	1737	-8491	-2099	412	1698	
6804	1629	-8454	-2089	387	1715	
6877	1520	-8417	-2081	360	1733	
6945	1413	-8378	-2071	333	1749	
7014	1303	-8337	-2060	306	1766	
7083	1193	-8297	-2050	278	1784	
7148	1086	-8254	-2040	252	1799	
7214	976	-8210	-2029	225	1816	
7276	866	-8165	-2016	199	1833	
7339	757	-8118	-2004	173	1849	
7402	647	-8071	-1995	146	1863	
7464	537	-8022	-1981	120	1878	
7524	426	-7973	-1969	94	1893	
7581	317	-7922	-1957	68	1906	
7639	207	-7869	-1941	45	1922	
7697	97	-7815	-1929	18	1936	
7751	-12	-7761	-1917	-12	1948	
7804	-122	-7705	-1902	-43	1963	
7858	-233	-7647	-1888	-79	1976	
7910	-343	-7589	-1872	-117	1988	
7960	-452	-7530	-1858	-148	2000	
8010	-563	-7470	-1843	-172	2012	
8057	-674	-7409	-1827	-193	2025	
8105	-782	-7346	-1813	-217	2036	
8150	-890	-7281	-1796	-244	2048	
8194	-1002	-7216	-1779	-274	2059	
8239	-1110	-7150	-1763	-302	2068	
8280	-1218	-7082	-1747	-329	2079	
8320	-1327	-7015	-1730	-355	2089	
8360	-1436	-6946	-1713	-383	2098	
8399	-1545	-6875	-1695	-411	2108	
8437	-1652	-6804	-1677	-436	2119	
8472	-1760	-6732	-1658	-465	2127	
8505	-1868	-6658	-1640	-492	2134	
8538	-1974	-6584	-1621	-518	2143	
8572	-2082	-6508	-1602	-545	2151	
8601	-2188	-6432	-1583	-570	2159	
8631	-2294	-6355	-1565	-597	2166	
8659	-2401	-6277	-1544	-624	2173	
8684	-2506	-6198	-1524	-649	2180	
8709	-2611	-6116	-1505	-676	2185	
8734	-2717	-6035	-1483	-701	2191	
8757	-2821	-5954	-1464	-728	2196	
8777	-2926	-5870	-1443	-755	2201	
8797	-3029	-5787	-1422	-781	2206	
8817	-3132	-5703	-1402	-807	2210	
8835	-3236	-5616	-1380	-831	2215	
8852	-3338	-5531	-1359	-858	2218	
8863	-3439	-5444	-1336	-883	2222	
8877	-3541	-5355	-1315	-908	2226	
8890	-3641	-5267	-1293	-935	2228	
8901	-3741	-5177	-1271	-959	2230	
8910	-3842	-5088	-1248	-983	2233	
8918	-3941	-4996	-1225	-1007	2235	
8924	-4038	-4904	-1203	-1033	2235	
8929	-4137	-4811	-1179	-1056	2238	
8935	-4234	-4718	-1156	-1080	2238	
8938	-4331	-4625	-1133	-1106	2238	
8938	-4428	-4530	-1109	-1129	2238	
8937	-4522	-4435	-1085	-1153	2238	
8936	-4615	-4339	-1062	-1176	2238	
8935	-4710	-4241	-1038	-1200	2237	
8931	-4803	-4144	-1014	-1224	2235	
8926	-4895	-4045	-990	-1246	2233	
8919	-4987	-3947	-967	-1269	2231	
8911	-5079	-3848	-940	-1292	2230	
8899	-5169	-3748	-914	-1313	2226	
8889	-5259	-3647	-891	-1336	2224	
8877	-5347	-3546	-866	-1358	2221	
8862	-5435	-3445	-840	-1379	2217	
8847	-5522	-3342	-815	-1402	2213	
8832	-5607	-3240	-790	-1423	2209	
8816	-5693	-3138	-764	-1444	2204	
8795	-5777	-3034	-739	-1465	2200	
8774	-5861	-2930	-713	-1485	2195	
8754	-5943	-2826	-686	-1506	2189	
8730	-6025	-2720	-660	-1526	2183	
8708	-6107	-2615	-634	-1546	2178	
8682	-6186	-2510	-608	-1566	2170	
8654	-6266	-2403	-582	-1586	2163	
8627	-6343	-2297	-556	-1605	2156	
8597	-6421	-2190	-530	-1625	2149	
8566	-6497	-2083	-504	-1644	2141	
8534	-6571	-1976	-477	-1661	2133	
8501	-6646	-1867	-451	-1680	2125	
8466	-6719	-1760	-424	-1699	2115	
8431	-6791	-1653	-397	-1715	2106	
8394	-6863	-1544	-370	-1733	2098	
8357	-6932	-1435	-344	-1751	2087	
8317	-7002	-1326	-316	-1768	2077	
8274	-7070	-1217	-290	-1786	2067	
8232	-7136	-1109	-263	-1801	2055	
8190	-7203	-1000	-235	-1817	2045	
8146	-7267	-889	-209	-1834	2034	
8100	-7331	-780	-182	-1850	2022	
8052	-7393	-669	-156	-1866	2010	
8005	-7454	-560	-130	-1880	1997	
7955	-7516	-450	-104	-1896	1985	
7903	-7575	-339	-78	-1910	1973	
7852	-7633	-229	-52	-1924	1959	
7799	-7690	-120	-27	-1940	1943	
7745	-7745	-10	-2	-1953	1930	
7689	-7800	100	22	-1966	1917	
7633	-7854	210	51	-1979	1903	
7576	-7905	321	82	-1991	1890	
7516	-7955	431	112	-2004	1873	
7457	-8006	540	146	-2017	1860	
7395	-8056	651	178	-2028	1845	
7333	-8103	760	207	-2040	1828	
7270	-8148	870	232	-2052	1813	
7205	-8194	980	255	-2063	1795	
7141	-8237	1088	281	-2073	1779	
7075	-8279	1199	309	-2083	1763	
7006	-8321	1307	337	-2094	1746	
6937	-8361	1416	364	-2104	1729	
6867	-8399	1525	391	-2113	1712	
6797	-8437	1632	418	-2122	1694	
6725	-8473	1741	445	-2130	1675	
6652	-8507	1849	471	-2139	1658	
6580	-8540	1957	497	-2148	1638	
6503	-8574	2065	524	-2155	1619	
6429	-8605	2173	551	-2163	1600	
6353	-8635	2280	577	-2171	1581	
6273	-8664	2385	604	-2177	1563	
6194	-8690	2492	630	-2183	1542	
6114	-8716	2598	656	-2191	1522	
6034	-8740	2703	683	-2196	1502	
5953	-8764	2808	708	-2201	1482	
5871	-8786	2911	735	-2205	1462	
5788	-8806	3017	761	-2211	1440	
5703	-8825	3120	786	-2216	1418	
5619	-8844	3221	813	-2218	1398	
5532	-8860	3325	838	-2224	1376	
5446	-8875	3428	862	-2229	1354	
5359	-8889	3528	887	-2231	1333	
5270	-8902	3629	912	-2235	1310	
5183	-8912	3730	937	-2237	1287	
5093	-8922	3830	962	-2238	1265	
5003	-8932	3930	986	-2241	1243	
4910	-8939	4029	1010	-2242	1219	
4818	-8944	4126	1034	-2245	1196	
4726	-8949	4224	1058	-2247	1174	
4632	-8951	4321	1084	-2244	1149	
4537	-8953	4417	1107	-2244	1125	
4442	-8954	4513	1129	-2247	1102	
4348	-8951	4608	1154	-2246	1079	
4251	-8950	4703	1176	-2245	1054	
4154	-8947	4796	1200	-2244	1030	
4057	-8941	4888	1223	-2241	1006	
3958	-8935	4980	1245	-2240	981	
3858	-8927	5071	1269	-2238	957	
3759	-8919	5163	1290	-2235	932	
3660	-8908	5252	1313	-2232	907	
3559	-8896	5341	1334	-2229	881	
3460	-8883	5429	1356	-2225	856	
3358	-8868	5516	1378	-2221	831	
3254	-8853	5602	1399	-2216	805	
3153	-8835	5688	1420	-2213	779	
3050	-8817	5773	1441	-2209	755	
2946	-8798	5858	1463	-2203	729	
2842	-8777	5941	1483	-2198	702	
2737	-8755	6023	1504	-2192	677	
2634	-8730	6105	1523	-2186	651	
2529	-8706	6185	1543	-2179	624	
2423	-8680	6264	1563	-2172	598	
2316	-8651	6342	1581	-2166	572	
2212	-8622	6420	1601	-2158	546	
2106	-8592	6496	1621	-2150	519	
1998	-8561	6573	1638	-2143	491	
1890	-8528	6647	1658	-2133	466	
1783	-8494	6720	1675	-2124	439	
1676	-8458	6793	1692	-2116	410	
1567	-8421	6865	1711	-2106	385	
1459	-8384	6935	1727	-2097	360	
1350	-8344	7005	1744	-2087	332	
1240	-8305	7073	1761	-2076	305	
1131	-8262	7140	1777	-2067	278	
1022	-8219	7206	1795	-2056	251	
914	-8175	7272	1810	-2044	225	
803	-8129	7336	1825	-2033	198	
693	-8083	7399	1842	-2020	172	
586	-8035	7460	1857	-2008	146	
476	-7986	7521	1872	-1996	121	
366	-7935	7582	1887	-1983	96	
256	-7884	7640	1901	-1970	69	
146	-7831	7697	1914	-1957	45	
36	-7778	7752	1929	-1943	23	
-73	-7723	7808	1942	-1929	-4	
-181	-7666	7863	1955	-1914	-36	
-292	-7609	7915	1968	-1900	-75	
-403	-7550	7966	1981	-1885	-118	
-512	-7491	8017	1993	-1870	-155	
-622	-7430	8065	2003	-1856	-179	
-731	-7367	8113	2017	-1840	-193	
-840	-7305	8161	2029	-1822	-214	
-951	-7241	8206	2038	-1808	-242	
-1060	-7175	8250	2049	-1791	-272	
-1169	-7109	8293	2060	-1775	-302	
-1278	-7041	8334	2071	-1758	-329	
-1387	-6973	8375	2080	-1740	-355	
-1496	-6904	8414	2089	-1723	-382	
-1604	-6833	8453	2100	-1704	-409	
-1712	-6762	8489	2108	-1687	-436	
-1817	-6690	8523	2116	-1670	-463	
-1925	-6616	8558	2124	-1649	-490	
-2032	-6541	8591	2133	-1630	-515	
-2138	-6465	8622	2140	-1612	-543	
-2244	-6389	8653	2148	-1591	-570	
-2348	-6312	8682	2155	-1573	-595	
-2457	-6234	8709	2161	-1554	-623	
-2562	-6154	8735	2168	-1533	-649	
-2667	-6073	8760	2173	-1513	-675	
-2771	-5993	8784	2179	-1493	-702	
-2875	-5910	8806	2184	-1472	-726	
-2980	-5828	8827	2188	-1452	-752	
-3084	-5744	8847	2194	-1431	-778	
-3189	-5658	8866	2197	-1410	-805	
-3290	-5573	8883	2202	-1387	-830	
-3392	-5487	8898	2207	-1365	-854	
-3493	-5400	8912	2210	-1343	-882	
-3593	-5311	8925	2213	-1320	-906	
-3694	-5223	8937	2216	-1299	-930	
-3792	-5133	8947	2217	-1278	-957	
-3891	-5042	8956	2219	-1256	-981	
-3991	-4952	8963	2221	-1231	-1005	
-4089	-4860	8969	2221	-1208	-1030	
-4187	-4767	8975	2222	-1185	-1054	
-4283	-4673	8979	2223	-1162	-1078	
-4379	-4579	8980	2224	-1138	-1102	
-4476	-4484	8981	2225	-1113	-1125	
