-4991	-3948	8962	2220	-978	-1254	
-5083	-3848	8953	2216	-954	-1276	
-5172	-3748	8943	2215	-930	-1298	
-5263	-3648	8932	2212	-905	-1322	
-5350	-3547	8920	2210	-878	-1342	
-5438	-3446	8909	2206	-852	-1363	
-5526	-3344	8893	2200	-828	-1388	
-5611	-3241	8876	2198	-801	-1408	
-5696	-3139	8859	2192	-775	-1428	
-5781	-3035	8840	2186	-752	-1451	
-5864	-2932	8820	2182	-725	-1471	
-5947	-2827	8799	2177	-699	-1491	
-6029	-2722	8777	2171	-672	-1512	
-6108	-2618	8752	2164	-647	-1532	
-6189	-2513	8727	2158	-621	-1551	
-6269	-2407	8700	2151	-594	-1572	
-6345	-2300	8672	2143	-569	-1592	
-6422	-2193	8643	2137	-541	-1609	
-6499	-2087	8613	2129	-514	-1629	
-6574	-1980	8581	2121	-487	-1647	
-6649	-1873	8547	2113	-460	-1666	
-6722	-1765	8512	2104	-434	-1684	
-6794	-1657	8477	2095	-407	-1701	
-6866	-1549	8440	2085	-381	-1719	
-6936	-1441	8402	2076	-353	-1736	
-7006	-1332	8363	2066	-326	-1754	
-7074	-1223	8321	2056	-299	-1770	
-7140	-1113	8279	2045	-272	-1786	
-7206	-1004	8237	2034	-246	-1803	
-7270	-895	8192	2022	-219	-1819	
-7335	-786	8146	2010	-193	-1836	
-7397	-676	8098	1999	-166	-1852	
-7457	-566	8050	1988	-138	-1866	
-7519	-456	8002	1974	-114	-1882	
-7578	-347	7951	1963	-86	-1896	
-7636	-237	7898	1951	-61	-1910	
-7693	-126	7846	1936	-36	-1924	
-7748	-16	7792	1922	-10	-1938	
-7803	94	7736	1908	15	-1951	
-7857	203	7679	1895	43	-1964	
-7909	313	7622	1880	72	-1977	
-7960	423	7563	1866	104	-1989	
-8011	532	7503	1850	139	-2001	
-8059	642	7442	1834	173	-2014	
-8106	752	7379	1819	205	-2025	
-8153	862	7316	1802	228	-2038	
-8198	971	7251	1785	250	-2049	
-8242	1080	7185	1770	275	-2059	
-8283	1190	7120	1755	301	-2070	
-8326	1299	7053	1737	332	-2080	
-8366	1408	6983	1720	359	-2089	
-8403	1517	6913	1703	386	-2099	
-8441	1624	6842	1685	413	-2109	
-8478	1732	6770	1667	441	-2118	
-8515	1840	6697	1648	468	-2126	
-8547	1947	6622	1629	494	-2133	
-8577	2054	6548	1612	522	-2141	
-8610	2162	6472	1592	548	-2151	
-8639	2269	6396	1573	575	-2158	
-8667	2374	6318	1554	601	-2164	
-8695	2481	6240	1534	626	-2171	
-8721	2587	6160	1515	653	-2177	
-8746	2691	6079	1494	679	-2183	
-8770	2797	5997	1473	705	-2189	
-8793	2901	5915	1453	732	-2192	
-8811	3005	5831	1433	758	-2198	
-8830	3108	5747	1412	783	-2204	
-8849	3210	5661	1390	809	-2207	
-8866	3313	5576	1369	835	-2211	
-8881	3416	5489	1348	861	-2214	
-8894	3517	5402	1326	886	-2219	
-8908	3618	5313	1305	912	-2221	
-8920	3718	5224	1282	937	-2222	
-8930	3819	5134	1259	961	-2227	
-8937	3918	5043	1236	985	-2228	
-8944	4017	4952	1213	1010	-2228	
-8951	4114	4860	1190	1034	-2230	
-8956	4212	4767	1167	1059	-2231	
-8960	4310	4674	1145	1084	-2231	
-8961	4405	4579	1121	1108	-2232	
-8961	4500	4483	1097	1131	-2232	
-8960	4596	4388	1073	1153	-2232	
-8957	4689	4290	1050	1178	-2231	
-8955	4783	4194	1026	1202	-2230	
-8951	4876	4097	1000	1225	-2228	
-8944	4968	3998	976	1247	-2226	
-8937	5059	3898	952	1269	-2225	
-8929	5149	3800	927	1292	-2223	
-8917	5238	3700	903	1315	-2220	
-8904	5327	3598	877	1336	-2217	
-8893	5416	3497	852	1358	-2213	
-8879	5504	3396	828	1380	-2210	
-8863	5591	3294	802	1403	-2205	
-8846	5677	3192	776	1424	-2200	
-8828	5760	3088	749	1442	-2197	
-8808	5845	2983	725	1467	-2192	
-8786	5928	2880	700	1487	-2186	
-8764	6009	2775	671	1505	-2181	
-8741	6090	2671	648	1527	-2174	
-8717	6171	2566	622	1547	-2167	
-8691	6251	2459	594	1566	-2161	
-8663	6330	2354	569	1585	-2154	
-8634	6407	2247	542	1605	-2147	
-8604	6484	2140	517	1624	-2138	
-8573	6559	2032	490	1643	-2131	
-8541	6633	1923	464	1661	-2123	
-8507	6707	1816	437	1679	-2113	
-8471	6781	1708	410	1696	-2105	
-8433	6852	1600	385	1715	-2095	
-8397	6922	1492	358	1733	-2086	
-8359	6992	1383	330	1748	-2077	
-8318	7061	1274	303	1765	-2066	
-8276	7127	1164	278	1784	-2054	
-8233	7193	1055	251	1800	-2044	
-8189	7260	946	224	1816	-2034	
-8143	7323	836	198	1831	-2021	
-8096	7386	725	172	1848	-2009	
-8049	7448	616	146	1862	-1998	
-8002	7509	506	120	1878	-1986	
-7950	7570	396	95	1892	-1972	
-7899	7628	287	70	1907	-1959	
-7847	7686	177	43	1921	-1946	
-7793	7741	66	16	1937	-1933	
-7739	7795	-44	-12	1949	-1919	
-7682	7849	-154	-46	1961	-1905	
-7625	7902	-264	-81	1975	-1891	
-7567	7954	-374	-114	1987	-1877	
-7508	8006	-484	-143	2000	-1861	
-7448	8054	-593	-166	2012	-1845	
-7385	8102	-703	-189	2023	-1830	
-7322	8149	-814	-215	2036	-1814	
-7257	8194	-923	-243	2046	-1798	
-7193	8239	-1033	-271	2058	-1781	
-7128	8282	-1142	-297	2069	-1765	
-7061	8323	-1251	-326	2078	-1748	
-6992	8364	-1360	-351	2089	-1730	
-6922	8404	-1469	-378	2099	-1713	
-6853	8441	-1577	-407	2107	-1697	
-6782	8478	-1686	-433	2115	-1678	
-6708	8514	-1794	-459	2126	-1659	
-6635	8548	-1901	-487	2133	-1641	
-6561	8580	-2008	-513	2140	-1623	
-6486	8612	-2115	-539	2149	-1603	
-6410	8643	-2223	-566	2156	-1584	
-6332	8672	-2328	-592	2163	-1565	
-6255	8699	-2435	-619	2169	-1545	
-6175	8725	-2542	-645	2177	-1526	
-6095	8751	-2647	-671	2184	-1505	
-6014	8774	-2752	-697	2188	-1484	
-5932	8797	-2856	-723	2194	-1463	
-5850	8817	-2960	-749	2198	-1443	
-5766	8838	-3065	-775	2203	-1422	
-5681	8857	-3168	-799	2208	-1401	
-5595	8873	-3271	-825	2211	-1381	
-5510	8889	-3373	-851	2216	-1358	
-5423	8904	-3475	-876	2218	-1337	
-5335	8916	-3576	-901	2221	-1316	
-5246	8928	-3677	-927	2224	-1292	
-5157	8940	-3777	-952	2225	-1270	
-5067	8948	-3877	-975	2230	-1248	
-4976	8956	-3976	-998	2233	-1224	
-4884	8963	-4074	-1024	2232	-1202	
-4792	8967	-4172	-1047	2233	-1178	
-4699	8970	-4270	-1072	2235	-1154	
-4605	8973	-4366	-1096	2235	-1132	
-4510	8974	-4461	-1119	2235	-1108	
-4413	8974	-4557	-1144	2234	-1083	
-4317	8972	-4652	-1167	2235	-1058	
-4222	8969	-4746	-1189	2234	-1035	
-4125	8965	-4839	-1212	2232	-1011	
-4027	8959	-4930	-1235	2230	-986	
-3928	8952	-5024	-1258	2228	-960	
-3828	8944	-5113	-1281	2228	-936	
-3729	8934	-5203	-1303	2224	-912	
-3628	8923	-5294	-1325	2220	-887	
-3527	8910	-5381	-1347	2217	-862	
-3426	8896	-5470	-1368	2213	-836	
-3325	8881	-5557	-1389	2210	-810	
-3223	8864	-5643	-1411	2205	-785	
-3119	8847	-5728	-1432	2200	-759	
-3015	8827	-5812	-1453	2195	-734	
-2912	8807	-5897	-1474	2190	-708	
-2809	8785	-5979	-1494	2184	-682	
-2702	8762	-6060	-1514	2178	-656	
-2597	8738	-6141	-1532	2173	-629	
-2493	8713	-6220	-1553	2166	-604	
-2387	8685	-6300	-1572	2159	-577	
-2281	8656	-6378	-1590	2151	-550	
-2174	8627	-6454	-1612	2142	-525	
-2069	8596	-6531	-1630	2135	-498	
-1961	8564	-6606	-1649	2127	-471	
-1856	8530	-6680	-1666	2119	-445	
-1750	8495	-6753	-1684	2110	-418	
-1639	8460	-6825	-1703	2099	-390	
-1532	8422	-6897	-1719	2090	-363	
-1424	8383	-6967	-1738	2080	-337	
-1316	8344	-7035	-1754	2070	-309	
-1208	8303	-7103	-1769	2061	-283	
-1098	8259	-7169	-1787	2050	-257	
-987	8216	-7235	-1802	2039	-229	
-878	8172	-7300	-1817	2027	-202	
-770	8126	-7364	-1835	2014	-177	
-659	8078	-7426	-1850	2002	-151	
-549	8029	-7487	-1865	1990	-124	
-439	7979	-7548	-1879	1978	-98	
-329	7928	-7607	-1893	1965	-72	
-222	7876	-7664	-1909	1952	-48	
-112	7823	-7722	-1922	1939	-23	
-1	7768	-7777	-1936	1925	2	
108	7713	-7830	-1950	1910	26	
219	7657	-7884	-1963	1897	52	
329	7598	-7936	-1974	1883	86	
437	7539	-7987	-1987	1866	124	
547	7479	-8036	-1999	1852	163	
656	7417	-8086	-2010	1836	197	
766	7354	-8133	-2023	1821	220	
875	7291	-8178	-2034	1804	240	
986	7227	-8224	-2045	1788	262	
1095	7161	-8268	-2055	1772	288	
1202	7095	-8309	-2065	1754	317	
1312	7026	-8351	-2076	1738	347	
1421	6957	-8389	-2085	1720	375	
1530	6887	-8428	-2095	1701	401	
1637	6815	-8465	-2104	1685	428	
1745	6744	-8501	-2112	1667	454	
1853	6670	-8536	-2121	1647	480	
1960	6596	-8570	-2129	1629	509	
2068	6521	-8602	-2136	1610	535	
2175	6446	-8633	-2145	1591	562	
2280	6368	-8662	-2151	1572	588	
2385	6290	-8690	-2157	1553	615	
2492	6211	-8717	-2165	1532	641	
2598	6131	-8744	-2171	1513	667	
2702	6051	-8767	-2176	1493	695	
2808	5969	-8790	-2182	1470	721	
2910	5886	-8812	-2186	1449	746	
3012	5803	-8831	-2191	1430	772	
3117	5718	-8850	-2196	1410	797	
3221	5633	-8868	-2201	1387	823	
3323	5547	-8884	-2205	1365	849	
3423	5461	-8899	-2207	1343	874	
3526	5372	-8913	-2211	1321	900	
3627	5284	-8926	-2215	1299	924	
3724	5195	-8937	-2215	1277	949	
3825	5104	-8946	-2219	1254	974	
3925	5014	-8954	-2221	1231	999	
4023	4922	-8960	-2222	1209	1024	
4120	4830	-8966	-2223	1186	1049	
4217	4737	-8971	-2222	1162	1073	
4315	4643	-8974	-2225	1139	1096	
4410	4549	-8976	-2224	1116	1120	
4505	4452	-8975	-2223	1092	1145	
4599	4356	-8974	-2225	1066	1167	
4691	4260	-8970	-2223	1042	1190	
4786	4163	-8967	-2222	1018	1213	
4879	4066	-8962	-2220	994	1236	
4971	3967	-8955	-2218	969	1259	
5060	3868	-8947	-2217	944	1281	
5150	3769	-8939	-2214	920	1305	
5240	3669	-8928	-2211	894	1327	
5328	3568	-8915	-2207	869	1348	
5416	3466	-8902	-2204	843	1370	
5502	3365	-8886	-2200	818	1392	
5590	3262	-8871	-2195	794	1413	
5675	3160	-8854	-2191	767	1434	
5759	3057	-8836	-2186	741	1456	
5844	2952	-8816	-2182	715	1476	
5924	2848	-8793	-2176	689	1497	
6007	2744	-8770	-2170	663	1517	
6089	2639	-8746	-2164	637	1537	
6167	2534	-8721	-2157	611	1558	
6246	2428	-8694	-2151	584	1577	
6324	2322	-8667	-2144	559	1597	
6401	2215	-8638	-2137	532	1615	
6477	2109	-8606	-2129	505	1634	
6553	2001	-8574	-2120	480	1654	
6628	1893	-8542	-2113	451	1671	
6700	1786	-8507	-2104	424	1689	
6773	1678	-8471	-2094	398	1707	
6844	1570	-8435	-2085	372	1724	
6913	1462	-8396	-2075	344	1742	
6982	1353	-8356	-2065	318	1759	
7051	1244	-8316	-2055	291	1776	
7119	1135	-8274	-2044	264	1793	
7184	1026	-8231	-2034	238	1809	
7248	915	-8185	-2023	210	1825	
7312	806	-8140	-2012	184	1841	
7374	697	-8094	-1999	159	1856	
7436	587	-8044	-1986	132	1871	
7495	478	-7995	-1975	106	1886	
7555	367	-7945	-1962	80	1901	
7614	257	-7892	-1949	55	1916	
7671	148	-7840	-1936	28	1930	
7726	38	-7785	-1922	2	1943	
7780	-73	-7730	-1908	-27	1956	
7835	-182	-7673	-1893	-63	1969	
7887	-292	-7615	-1878	-99	1982	
7939	-403	-7557	-1864	-134	1995	
7989	-512	-7497	-1850	-161	2008	
8037	-622	-7436	-1833	-181	2021	
8084	-731	-7373	-1818	-205	2031	
8130	-840	-7309	-1802	-230	2041	
8176	-950	-7245	-1786	-259	2054	
8219	-1060	-7180	-1771	-290	2064	
8261	-1168	-7113	-1754	-317	2075	
8304	-1277	-7045	-1736	-343	2086	
8343	-1386	-6977	-1719	-370	2094	
8381	-1494	-6907	-1702	-398	2104	
8419	-1602	-6835	-1684	-425	2113	
8454	-1709	-6764	-1666	-452	2122	
8490	-1818	-6691	-1648	-479	2131	
8524	-1925	-6617	-1629	-505	2140	
8555	-2033	-6543	-1609	-531	2149	
8588	-2140	-6467	-1592	-558	2155	
8618	-2246	-6390	-1571	-584	2162	
8646	-2353	-6312	-1551	-611	2170	
8672	-2458	-6233	-1535	-638	2175	
8698	-2565	-6154	-1513	-665	2182	
8723	-2669	-6073	-1493	-692	2188	
8747	-2775	-5991	-1474	-717	2193	
8769	-2879	-5909	-1452	-742	2199	
8789	-2983	-5825	-1431	-770	2204	
8807	-3085	-5741	-1411	-795	2209	
8826	-3189	-5656	-1391	-820	2212	
8842	-3293	-5570	-1368	-846	2216	
8857	-3393	-5484	-1347	-871	2220	
8872	-3495	-5396	-1326	-896	2223	
8884	-3596	-5307	-1303	-922	2227	
8896	-3696	-5218	-1280	-948	2229	
8905	-3795	-5129	-1257	-972	2232	
8915	-3895	-5038	-1236	-997	2234	
8922	-3995	-4946	-1214	-1022	2235	
8928	-4092	-4854	-1190	-1046	2237	
8934	-4190	-4761	-1167	-1070	2238	
8936	-4288	-4668	-1144	-1094	2237	
8937	-4383	-4573	-1120	-1118	2238	
8938	-4478	-4477	-1097	-1141	2238	
8937	-4573	-4382	-1074	-1167	2237	
8935	-4668	-4285	-1049	-1189	2237	
8932	-4761	-4188	-1023	-1210	2235	
8928	-4854	-4090	-1001	-1236	2233	
8920	-4946	-3991	-976	-1259	2233	
8914	-5037	-3893	-949	-1282	2231	
8904	-5129	-3793	-928	-1304	2228	
8893	-5219	-3693	-902	-1326	2226	
8882	-5306	-3592	-877	-1347	2222	
8869	-5395	-3491	-852	-1369	2219	
8855	-5483	-3390	-827	-1393	2215	
8840	-5567	-3288	-801	-1413	2211	
8823	-5654	-3184	-774	-1434	2207	
8804	-5740	-3080	-751	-1456	2201	
8784	-5823	-2977	-724	-1475	2197	
8764	-5906	-2874	-698	-1496	2192	
8741	-5988	-2769	-674	-1517	2184	
8717	-6070	-2663	-648	-1540	2178	
8694	-6150	-2558	-623	-1560	2171	
8668	-6230	-2453	-595	-1577	2167	
8640	-6308	-2346	-568	-1596	2160	
8610	-6384	-2238	-541	-1616	2152	
8581	-6462	-2132	-515	-1635	2144	
8550	-6538	-2024	-489	-1654	2136	
8517	-6612	-1917	-462	-1672	2129	
8484	-6686	-1810	-436	-1690	2120	
8448	-6759	-1702	-408	-1707	2111	
8411	-6831	-1594	-382	-1726	2102	
8374	-6901	-1485	-356	-1742	2091	
8335	-6970	-1376	-328	-1760	2082	
8294	-7039	-1267	-303	-1778	2071	
8252	-7106	-1158	-276	-1794	2060	
8210	-7173	-1048	-249	-1812	2050	
8165	-7238	-938	-222	-1828	2040	
8121	-7303	-829	-194	-1842	2028	
8074	-7365	-719	-169	-1858	2015	
8026	-7427	-609	-142	-1873	2003	
7979	-7487	-500	-116	-1889	1990	
7927	-7546	-389	-90	-1903	1979	
7876	-7607	-280	-63	-1917	1966	
7824	-7664	-169	-39	-1932	1951	
7770	-7720	-58	-12	-1945	1939	
7715	-7774	51	14	-1959	1926	
7659	-7828	161	39	-1974	1910	
7602	-7882	271	67	-1986	1896	
7544	-7933	381	97	-1999	1882	
7485	-7984	491	130	-2011	1867	
7423	-8034	600	164	-2022	1851	
7361	-8081	711	194	-2035	1836	
7298	-8128	820	220	-2047	1819	
7235	-8173	929	245	-2058	1803	
7171	-8217	1039	269	-2069	1787	
7103	-8261	1148	296	-2079	1771	
7037	-8302	1257	325	-2088	1753	
6970	-8343	1367	352	-2098	1736	
6899	-8382	1475	380	-2108	1719	
6829	-8420	1584	406	-2119	1701	
6758	-8457	1693	432	-2129	1682	
6687	-8492	1800	459	-2136	1665	
6613	-8525	1908	485	-2145	1647	
6538	-8560	2016	513	-2152	1628	
6462	-8592	2124	539	-2160	1610	
6386	-8621	2231	565	-2167	1590	
6308	-8650	2338	592	-2175	1571	
6230	-8679	2444	617	-2183	1550	
6151	-8704	2550	645	-2187	1530	
6071	-8730	2655	672	-2192	1511	
5990	-8754	2759	695	-2199	1490	
5908	-8775	2864	722	-2205	1470	
5827	-8798	2969	749	-2209	1449	
5742	-8817	3072	774	-2214	1428	
5657	-8834	3175	800	-2219	1408	
5572	-8853	3279	825	-2223	1386	
5486	-8868	3381	850	-2227	1363	
5399	-8883	3482	875	-2230	1342	
5311	-8896	3583	900	-2232	1320	
5223	-8907	3684	926	-2234	1298	
5133	-8918	3785	951	-2239	1276	
5043	-8927	3885	976	-2240	1252	
4953	-8935	3982	1000	-2240	1230	
4860	-8942	4082	1023	-2243	1206	
4767	-8947	4180	1047	-2245	1183	
4674	-8950	4277	1072	-2245	1160	
4581	-8952	4373	1096	-2245	1137	
4486	-8954	4470	1120	-2246	1113	
4389	-8954	4565	1144	-2244	1089	
4294	-8951	4659	1167	-2244	1065	
4199	-8948	4753	1190	-2244	1041	
4101	-8944	4846	1212	-2241	1017	
4004	-8937	4939	1236	-2241	993	
3905	-8930	5030	1260	-2238	968	
3806	-8923	5121	1281	-2236	942	
3707	-8913	5211	1303	-2233	918	
3606	-8902	5301	1326	-2229	893	
3505	-8890	5389	1346	-2228	868	
3404	-8876	5477	1368	-2225	843	
3303	-8860	5564	1389	-2220	817	
3200	-8843	5650	1409	-2214	793	
3096	-8826	5735	1431	-2209	765	
2994	-8807	5819	1452	-2206	740	
2890	-8786	5903	1473	-2200	714	
2787	-8765	5985	1493	-2194	687	
2681	-8742	6067	1514	-2189	661	
2576	-8718	6148	1535	-2181	636	
2472	-8691	6228	1553	-2175	610	
2366	-8664	6307	1574	-2167	584	
2260	-8636	6385	1594	-2160	558	
2153	-8606	6462	1610	-2154	531	
2045	-8575	6537	1630	-2147	504	
1940	-8543	6613	1648	-2138	478	
1833	-8509	6687	1666	-2129	451	
1724	-8474	6760	1684	-2120	424	
1616	-8438	6833	1702	-2111	397	
1508	-8400	6902	1720	-2102	371	
1400	-8363	6973	1738	-2091	344	
1290	-8323	7042	1753	-2081	317	
1181	-8281	7110	1770	-2070	289	
1072	-8239	7176	1788	-2060	263	
962	-8195	7242	1803	-2049	238	
852	-8150	7307	1819	-2037	210	
743	-8104	7370	1835	-2026	183	
634	-8057	7433	1850	-2015	158	
526	-8009	7495	1865	-2002	132	
416	-7959	7555	1880	-1990	106	
307	-7908	7613	1895	-1976	82	
196	-7855	7671	1909	-1963	58	
86	-7801	7729	1922	-1950	32	
-23	-7747	7784	1936	-1935	7	
-134	-7691	7838	1948	-1922	-21	
-244	-7635	7892	1962	-1908	-57	
-352	-7578	7943	1976	-1891	-98	
-462	-7518	7994	1985	-1878	-141	
-572	-7458	8045	1998	-1864	-170	
-682	-7396	8092	2011	-1847	-185	
-792	-7334	8138	2023	-1831	-205	
-902	-7270	8184	2034	-1815	-228	
-1010	-7205	8230	2044	-1798	-257	
-1119	-7140	8274	2056	-1782	-289	
-1229	-7073	8316	2066	-1766	-316	
-1338	-7005	8357	2074	-1748	-344	
-1446	-6936	8396	2085	-1730	-369	
-1554	-6865	8434	2093	-1714	-397	
-1662	-6795	8471	2103	-1695	-424	
-1769	-6723	8507	2113	-1676	-451	
-1877	-6650	8542	2119	-1659	-479	
-1983	-6575	8576	2129	-1641	-504	
-2088	-6500	8608	2137	-1620	-531	
-2196	-6425	8639	2144	-1601	-557	
-2302	-6347	8669	2151	-1582	-584	
-2407	-6269	8697	2158	-1563	-611	
-2512	-6190	8723	2164	-1543	-638	
-2618	-6110	8749	2170	-1522	-663	
-2724	-6030	8773	2176	-1501	-689	
-2827	-5948	8795	2182	-1481	-715	
-2931	-5865	8818	2188	-1460	-740	
-3038	-5783	8838	2192	-1439	-767	
-3139	-5697	8857	2196	-1418	-794	
-3240	-5612	8875	2201	-1397	-818	
-3345	-5526	8891	2203	-1376	-844	
-3446	-5439	8906	2207	-1354	-869	
-3547	-5352	8919	2210	-1332	-894	
-3648	-5263	8932	2214	-1310	-920	
-3748	-5174	8943	2217	-1287	-943	
-3847	-5084	8951	2219	-1265	-969	
-3945	-4993	8960	2221	-1241	-994	
-4043	-4901	8967	2222	-1218	-1017	
-4142	-4809	8971	2224	-1195	-1041	
-4239	-4716	8976	2226	-1172	-1065	
-4336	-4622	8980	2224	-1148	-1092	
-4431	-4528	8980	2225	-1123	-1114	
-4527	-4433	8980	2226	-1100	-1137	
-4623	-4337	8980	2224	-1077	-1162	
-4716	-4240	8978	2223	-1052	-1184	
-4807	-4143	8972	2222	-1028	-1208	
-4901	-4045	8968	2220	-1003	-1231	
-4993	-3947	8961	2219	-980	-1254	
-5083	-3847	8953	2216	-954	-1276	
-5174	-3746	8944	2214	-929	-1299	
-5262	-3647	8933	2212	-904	-1322	
-5350	-3547	8921	2209	-879	-1342	
-5438	-3446	8907	2205	-854	-1365	
-5526	-3344	8893	2201	-827	-1387	
-5612	-3241	8876	2197	-802	-1408	
-5696	-3139	8859	2192	-777	-1430	
-5782	-3035	8840	2188	-751	-1450	
-5866	-2932	8820	2182	-725	-1471	
-5947	-2827	8799	2177	-700	-1491	
-6029	-2722	8776	2171	-674	-1512	
-6110	-2617	8752	2165	-647	-1531	
-6191	-2511	8727	2158	-620	-1551	
-6271	-2406	8700	2151	-593	-1571	
-6348	-2300	8672	2145	-567	-1590	
-6425	-2193	8642	2136	-541	-1610	
-6502	-2086	8612	2129	-515	-1630	
-6575	-1979	8581	2121	-486	-1646	
-6650	-1871	8547	2112	-460	-1666	
-6724	-1764	8514	2105	-434	-1684	
-6795	-1656	8477	2096	-406	-1701	
-6866	-1548	8439	2086	-380	-1719	
-6938	-1440	8402	2076	-353	-1736	
-7006	-1331	8363	2066	-327	-1754	
-7073	-1222	8322	2055	-300	-1771	
-7138	-1114	8278	2044	-273	-1787	
-7205	-1004	8235	2035	-245	-1803	
-7271	-895	8192	2023	-219	-1819	
-7335	-785	8146	2011	-192	-1836	
-7396	-676	8099	1999	-165	-1851	
-7458	-566	8051	1988	-138	-1866	
-7520	-456	8001	1974	-113	-1881	
-7578	-346	7951	1961	-87	-1896	
-7636	-236	7899	1950	-61	-1909	
-7693	-127	7845	1936	-36	-1923	
-7750	-16	7790	1922	-10	-1937	
-7804	94	7736	1909	16	-1951	
-7856	204	7679	1895	42	-1964	
-7910	314	7622	1880	72	-1976	
-7960	424	7564	1865	106	-1990	
-8009	534	7502	1850	140	-2001	
-8057	644	7441	1836	176	-2013	
-8106	754	7378	1818	204	-2027	
-8152	863	7315	1803	228	-2038	
-8197	972	7250	1789	251	-2048	
-8241	1082	7185	1770	273	-2060	
-8284	1191	7120	1754	301	-2070	
-8325	1300	7051	1736	331	-2079	
-8366	1408	6983	1719	359	-2090	
-8406	1516	6913	1702	387	-2099	
-8443	1626	6841	1684	413	-2109	
-8478	1733	6771	1668	440	-2117	
-8512	1841	6697	1648	467	-2126	
-8547	1948	6624	1629	493	-2134	
-8579	2056	6548	1611	521	-2142	
-8609	2163	6472	1592	548	-2150	
-8641	2269	6396	1573	575	-2156	
-8669	2375	6318	1554	601	-2164	
-8697	2481	6239	1534	627	-2171	
-8723	2588	6159	1513	654	-2178	
-8746	2692	6079	1494	679	-2183	
-8770	2797	5997	1474	706	-2188	
-8792	2901	5915	1453	732	-2194	
-8812	3005	5831	1432	757	-2198	
-8833	3109	5746	1411	784	-2203	
-8851	3211	5661	1389	810	-2207	
-8867	3314	5577	1368	835	-2212	
-8882	3416	5490	1346	860	-2216	
-8894	3517	5402	1326	887	-2219	
-8909	3618	5313	1304	911	-2221	
-8921	3718	5223	1281	936	-2224	
-8929	3818	5134	1259	962	-2226	
-8939	3918	5044	1235	985	-2228	
-8946	4017	4952	1213	1010	-2229	
-8951	4115	4860	1191	1034	-2230	
-8954	4212	4767	1168	1059	-2231	
-8959	4308	4673	1145	1083	-2232	
-8962	4405	4578	1121	1107	-2233	
-8962	4501	4483	1098	1132	-2233	
-8961	4595	4388	1072	1154	-2233	
-8956	4689	4291	1049	1178	-2232	
-8954	4784	4193	1026	1202	-2230	
-8951	4876	4095	1000	1223	-2230	
-8945	4967	3998	976	1246	-2228	
-8936	5060	3898	952	1270	-2224	
-8927	5150	3799	927	1293	-2224	
-8918	5239	3699	902	1315	-2220	
-8906	5329	3598	877	1336	-2216	
-8892	5417	3497	853	1358	-2214	
-8878	5504	3395	827	1380	-2209	
-8863	5591	3293	802	1402	-2204	
-8845	5676	3189	776	1424	-2201	
-8827	5761	3086	751	1445	-2197	
-8807	5845	2983	726	1466	-2191	
-8786	5927	2879	700	1486	-2186	
-8764	6010	2776	674	1506	-2180	
-8741	6092	2670	646	1526	-2175	
-8716	6172	2565	622	1546	-2168	
-8689	6251	2459	596	1566	-2160	
-8664	6330	2353	570	1585	-2154	
-8635	6407	2245	543	1605	-2146	
-8604	6484	2139	516	1623	-2138	
-8572	6560	2031	491	1643	-2131	
-8540	6634	1924	464	1661	-2122	
-8505	6707	1816	437	1678	-2113	
-8470	6780	1708	411	1698	-2104	
-8434	6852	1599	385	1715	-2095	
-8396	6923	1491	358	1734	-2086	
-8358	6992	1382	331	1752	-2075	
-8317	7061	1273	304	1765	-2066	
-8276	7128	1165	276	1783	-2055	
-8231	7194	1055	250	1801	-2044	
-8188	7260	945	225	1816	-2033	
-8144	7323	835	199	1833	-2021	
-8097	7387	726	171	1848	-2010	
-8050	7449	616	146	1863	-1997	
-8000	7509	506	120	1878	-1985	
-7951	7570	397	94	1892	-1972	
-7900	7628	287	70	1907	-1958	
-7846	7685	176	43	1921	-1946	
-7793	7741	65	16	1937	-1932	
-7737	7796	-45	-13	1950	-1918	
-7682	7850	-155	-47	1962	-1905	
-7626	7903	-265	-81	1975	-1892	
-7567	7956	-375	-114	1987	-1877	
-7507	8006	-484	-143	1999	-1861	
-7447	8054	-595	-166	2013	-1845	
-7385	8102	-705	-189	2024	-1829	
-7323	8149	-813	-215	2035	-1815	
-7260	8195	-923	-242	2047	-1797	
-7194	8238	-1032	-271	2057	-1781	
-7127	8282	-1142	-299	2067	-1766	
-7060	8324	-1252	-325	2080	-1748	
-6993	8364	-1360	-353	2088	-1731	
-6923	8404	-1469	-380	2098	-1713	
-6852	8441	-1578	-406	2108	-1695	
-6781	8478	-1687	-434	2115	-1678	
-6709	8514	-1794	-460	2124	-1660	
-6636	8547	-1900	-486	2133	-1641	
-6560	8581	-2008	-513	2141	-1621	
-6484	8613	-2116	-540	2148	-1602	
-6409	8643	-2223	-567	2156	-1585	
-6332	8671	-2330	-592	2164	-1564	
-6254	8699	-2436	-619	2169	-1545	
-6174	8726	-2542	-645	2177	-1526	
-6095	8751	-2646	-671	2183	-1505	
-6015	8775	-2753	-698	2187	-1486	
-5933	8797	-2858	-723	2194	-1465	
-5850	8817	-2962	-750	2199	-1443	
-5764	8838	-3065	-776	2204	-1423	
-5681	8856	-3169	-800	2207	-1402	
-5596	8873	-3271	-826	2212	-1380	
-5509	8889	-3374	-851	2216	-1358	
-5422	8904	-3476	-877	2219	-1337	
-5334	8916	-3576	-901	2222	-1314	
-5245	8928	-3677	-926	2224	-1292	
-5155	8939	-3778	-951	2227	-1270	
-5065	8948	-3878	-975	2230	-1247	
-4975	8957	-3976	-999	2231	-1224	
-4883	8963	-4076	-1023	2233	-1202	
-4791	8967	-4173	-1049	2233	-1179	
-4698	8971	-4269	-1073	2234	-1155	
-4603	8973	-4367	-1097	2235	-1131	
-4509	8974	-4463	-1121	2233	-1108	
-4414	8973	-4558	-1143	2235	-1084	
-4319	8973	-4652	-1167	2235	-1059	
-4222	8969	-4746	-1190	2233	-1036	
-4123	8964	-4839	-1214	2231	-1011	
-4026	8958	-4931	-1237	2229	-987	
-3927	8952	-5023	-1257	2228	-962	
-3827	8943	-5114	-1281	2226	-937	
-3729	8934	-5204	-1302	2224	-913	
-3628	8923	-5294	-1324	2221	-887	
-3527	8910	-5383	-1348	2217	-862	
-3428	8896	-5470	-1369	2213	-836	
-3325	8881	-5557	-1389	2209	-811	
-3222	8865	-5644	-1411	2205	-786	
-3119	8847	-5729	-1433	2201	-759	
-3016	8827	-5813	-1454	2196	-734	
-2913	8807	-5896	-1473	2190	-708	
-2808	8785	-5978	-1494	2183	-681	
-2704	8762	-6061	-1514	2177	-655	
-2598	8739	-6141	-1534	2172	-629	
-2491	8713	-6221	-1553	2165	-605	
-2386	8685	-6300	-1572	2159	-577	
-2280	8657	-6377	-1592	2151	-549	
-2175	8626	-6455	-1611	2143	-524	
-2069	8595	-6532	-1629	2135	-497	
-1961	8564	-6606	-1649	2126	-470	
-1855	8530	-6680	-1667	2118	-445	
-1746	8496	-6754	-1684	2109	-417	
-1639	8459	-6826	-1701	2100	-391	
-1533	8422	-6896	-1720	2091	-364	
-1424	8383	-6967	-1737	2081	-336	
-1316	8344	-7034	-1754	2071	-311	
-1207	8302	-7103	-1770	2060	-284	
-1097	8259	-7170	-1786	2050	-257	
-988	8215	-7235	-1803	2038	-230	
-879	8170	-7300	-1819	2027	-203	
-768	8125	-7363	-1835	2016	-176	
-657	8077	-7427	-1850	2002	-150	
-549	8028	-7488	-1864	1991	-124	
-439	7980	-7548	-1879	1978	-97	
-329	7928	-7608	-1894	1965	-72	
-219	7876	-7665	-1908	1952	-47	
-109	7823	-7722	-1922	1938	-24	
0	7768	-7777	-1935	1924	3	
111	7712	-7831	-1951	1909	27	
220	7657	-7884	-1962	1896	53	
328	7598	-7937	-1974	1882	86	
438	7539	-7988	-1988	1866	123	
548	7479	-8037	-2000	1852	163	
658	7417	-8086	-2011	1836	197	
767	7355	-8133	-2023	1821	220	
876	7290	-8178	-2034	1804	240	
986	7226	-8224	-2044	1788	262	
1095	7160	-8267	-2055	1772	289	
1204	7093	-8310	-2065	1754	318	
1314	7026	-8351	-2075	1737	348	
1423	6956	-8390	-2085	1720	375	
1531	6886	-8428	-2093	1703	402	
1638	6815	-8465	-2103	1685	428	
1746	6743	-8501	-2112	1667	454	
1855	6670	-8537	-2120	1649	483	
1961	6596	-8570	-2130	1629	508	
2067	6521	-8602	-2137	1609	536	
2173	6444	-8632	-2144	1590	563	
2282	6368	-8662	-2151	1572	588	
2388	6289	-8690	-2158	1552	615	
2492	6210	-8717	-2165	1531	641	
2597	6131	-8743	-2170	1513	668	
2701	6050	-8768	-2176	1492	694	
2806	5968	-8791	-2182	1471	721	
2910	5885	-8812	-2185	1450	747	
3013	5802	-8832	-2192	1430	770	
3118	5718	-8851	-2195	1409	797	
3221	5633	-8868	-2199	1387	824	
3322	5546	-8885	-2205	1365	849	
3424	5459	-8900	-2207	1343	875	
3524	5372	-8913	-2211	1321	900	
3626	5284	-8926	-2215	1298	924	
3728	5194	-8937	-2216	1276	950	
3825	5104	-8947	-2219	1254	974	
3924	5013	-8954	-2220	1230	999	
4023	4921	-8962	-2221	1209	1024	
4120	4829	-8967	-2224	1186	1048	
4218	4736	-8970	-2224	1161	1072	
4313	4642	-8974	-2224	1139	1095	
4409	4548	-8975	-2224	1115	1120	
4504	4453	-8974	-2224	1091	1144	
4600	4357	-8974	-2224	1066	1168	
4693	4260	-8972	-2223	1042	1191	
4785	4163	-8967	-2222	1018	1214	
4878	4065	-8962	-2221	994	1236	
4970	3967	-8955	-2218	968	1260	
5062	3867	-8947	-2215	944	1283	
5152	3767	-8938	-2215	919	1304	
5242	3667	-8928	-2210	895	1328	
5331	3566	-8915	-2208	868	1349	
5416	3466	-8901	-2205	843	1369	
5503	3364	-8887	-2200	819	1392	
5591	3261	-8871	-2198	792	1413	
5676	3159	-8853	-2192	767	1435	
5759	3056	-8835	-2187	742	1457	
5843	2952	-8816	-2184	715	1476	
5927	2847	-8794	-2176	690	1497	
6007	2743	-8770	-2170	664	1518	
6088	2639	-8746	-2165	637	1538	
6169	2534	-8722	-2159	610	1557	
6247	2428	-8694	-2151	585	1576	
6326	2321	-8666	-2144	558	1596	
6403	2215	-8637	-2137	531	1615	
6477	2108	-8607	-2127	506	1634	
6553	2001	-8574	-2120	479	1652	
6628	1894	-8542	-2112	452	1671	
6701	1787	-8507	-2103	424	1689	
6772	1677	-8470	-2094	397	1707	
6844	1569	-8433	-2086	371	1725	
6915	1463	-8396	-2076	344	1742	
6984	1352	-8357	-2065	318	1760	
7050	1244	-8315	-2056	291	1775	
7118	1135	-8274	-2044	263	1792	
7183	1025	-8230	-2034	236	1810	
7248	916	-8185	-2023	210	1825	
7315	806	-8140	-2010	185	1842	
7374	697	-8093	-1999	158	1856	
7436	587	-8044	-1987	132	1871	
7498	477	-7995	-1973	108	1887	
7555	368	-7944	-1962	80	1900	
7615	258	-7893	-1950	55	1915	
7670	148	-7840	-1936	29	1929	
7726	37	-7784	-1923	1	1942	
7783	-73	-7730	-1908	-28	1957	
7834	-183	-7674	-1894	-63	1970	
7886	-293	-7615	-1878	-99	1983	
7937	-403	-7556	-1864	-134	1994	
7988	-513	-7496	-1850	-161	2007	
8036	-622	-7435	-1833	-182	2022	
8083	-732	-7373	-1819	-204	2031	
8132	-842	-7309	-1802	-230	2043	
8176	-951	-7245	-1785	-259	2055	
8219	-1060	-7179	-1770	-289	2065	
8261	-1169	-7114	-1753	-317	2076	
8302	-1278	-7046	-1736	-343	2086	
8342	-1386	-6976	-1720	-370	2095	
8383	-1494	-6907	-1703	-398	2104	
8420	-1603	-6837	-1684	-425	2114	
8455	-1710	-6764	-1666	-451	2122	
8489	-1819	-6691	-1647	-478	2131	
8524	-1926	-6617	-1630	-506	2139	
8557	-2032	-6542	-1612	-532	2147	
8587	-2140	-6466	-1592	-558	2155	
8617	-2247	-6390	-1572	-585	2163	
8645	-2354	-6311	-1553	-612	2170	
8673	-2460	-6233	-1533	-639	2177	
8700	-2565	-6154	-1514	-665	2182	
8723	-2671	-6072	-1493	-691	2188	
8746	-2775	-5990	-1473	-718	2194	
8769	-2880	-5908	-1453	-744	2199	
8790	-2982	-5825	-1431	-768	2205	
8809	-3087	-5741	-1411	-795	2209	
8827	-3190	-5656	-1390	-821	2214	
8844	-3292	-5570	-1370	-847	2216	
8857	-3394	-5484	-1348	-872	2219	
8871	-3495	-5395	-1324	-895	2223	
8885	-3597	-5307	-1304	-923	2224	
8896	-3696	-5218	-1283	-949	2228	
8906	-3797	-5128	-1259	-972	2233	
8916	-3896	-5038	-1236	-997	2234	
8923	-3995	-4947	-1213	-1022	2235	
8927	-4093	-4854	-1191	-1045	2236	
8932	-4190	-4761	-1168	-1070	2237	
8937	-4287	-4667	-1143	-1095	2238	
8938	-4384	-4572	-1121	-1119	2238	
8938	-4479	-4477	-1097	-1142	2238	
8937	-4573	-4381	-1073	-1166	2238	
8935	-4669	-4285	-1049	-1189	2237	
8932	-4762	-4188	-1025	-1212	2236	
8928	-4855	-4090	-1001	-1235	2234	
8920	-4947	-3992	-976	-1258	2232	
8913	-5038	-3892	-953	-1281	2230	
8902	-5128	-3792	-928	-1304	2228	
8893	-5218	-3692	-902	-1326	2225	
8883	-5307	-3592	-877	-1348	2222	
8869	-5395	-3491	-852	-1370	2219	
8854	-5483	-3389	-826	-1391	2215	
8839	-5569	-3287	-801	-1413	2211	
8821	-5655	-3183	-775	-1435	2207	
8805	-5739	-3081	-748	-1454	2203	
8786	-5824	-2978	-724	-1475	2197	
8764	-5907	-2872	-698	-1497	2191	
8742	-5988	-2767	-671	-1516	2187	
8718	-6070	-2663	-646	-1538	2179	
8693	-6150	-2558	-621	-1558	2173	
8666	-6229	-2452	-594	-1576	2167	
8638	-6308	-2344	-569	-1596	2160	
8611	-6385	-2237	-541	-1615	2152	
8581	-6463	-2131	-515	-1635	2145	
8549	-6538	-2023	-489	-1653	2137	
8516	-6613	-1917	-462	-1673	2127	
8483	-6687	-1809	-435	-1691	2120	
8447	-6758	-1701	-409	-1707	2111	
8411	-6831	-1593	-382	-1725	2101	
8374	-6901	-1485	-355	-1742	2092	
8334	-6971	-1375	-328	-1760	2082	
8294	-7039	-1266	-302	-1778	2072	
8253	-7107	-1158	-276	-1795	2061	
8209	-7174	-1048	-249	-1812	2050	
8165	-7238	-938	-223	-1829	2038	
8120	-7303	-829	-197	-1844	2027	
8075	-7366	-720	-170	-1858	2016	
8027	-7427	-609	-143	-1874	2003	
7977	-7489	-499	-115	-1888	1991	
7927	-7548	-389	-89	-1903	1978	
7875	-7606	-279	-65	-1920	1965	
7824	-7664	-169	-38	-1932	1951	
7770	-7720	-59	-12	-1945	1938	
7714	-7776	52	12	-1960	1925	
7658	-7829	162	40	-1972	1911	
7602	-7881	272	67	-1986	1896	
7544	-7934	381	98	-1999	1881	
7483	-7984	491	131	-2010	1868	
7423	-8033	602	163	-2023	1852	
7362	-8081	711	194	-2035	1836	
7299	-8128	820	220	-2047	1820	
7235	-8173	930	246	-2058	1804	
7170	-8217	1040	269	-2070	1787	
7104	-8261	1149	295	-2079	1769	
7037	-8302	1258	326	-2087	1755	
6970	-8342	1368	352	-2100	1736	
6899	-8381	1476	379	-2109	1718	
6829	-8420	1584	407	-2118	1702	
6758	-8457	1693	432	-2127	1683	
6685	-8493	1801	460	-2136	1666	
6611	-8527	1909	487	-2144	1647	
6537	-8559	2017	513	-2152	1627	
6462	-8591	2125	540	-2160	1610	
6386	-8622	2232	566	-2167	1590	
6309	-8650	2339	592	-2174	1571	
6230	-8678	2444	618	-2182	1550	
6151	-8705	2550	644	-2187	1531	
6072	-8730	2656	672	-2193	1511	
5991	-8754	2760	697	-2199	1489	
5909	-8776	2865	722	-2205	1469	
5825	-8797	2969	749	-2210	1450	
5741	-8816	3072	775	-2215	1428	
5658	-8835	3176	801	-2219	1406	
5573	-8854	3278	825	-2223	1386	
5485	-8869	3381	850	-2227	1363	
5398	-8883	3483	876	-2230	1342	
5311	-8896	3584	900	-2233	1319	
5222	-8908	3686	925	-2236	1297	
5133	-8918	3785	952	-2237	1276	
5044	-8927	3884	976	-2239	1252	
4953	-8935	3985	1000	-2241	1230	
4860	-8941	4082	1026	-2243	1208	
4767	-8946	4180	1048	-2245	1183	
4674	-8950	4277	1071	-2246	1160	
4579	-8953	4373	1096	-2246	1137	
4485	-8954	4470	1120	-2246	1114	
4391	-8953	4565	1144	-2245	1090	
4294	-8952	4659	1167	-2244	1065	
4197	-8949	4753	1190	-2243	1041	
4100	-8944	4846	1213	-2242	1015	
4002	-8938	4939	1235	-2241	992	
3904	-8931	5030	1258	-2238	969	
3806	-8922	5122	1281	-2236	943	
3705	-8912	5212	1304	-2233	917	
3605	-8902	5301	1327	-2230	893	
3505	-8889	5389	1348	-2227	868	
3403	-8875	5477	1368	-2224	843	
3301	-8860	5565	1389	-2220	817	
3199	-8843	5651	1411	-2216	791	
3097	-8826	5735	1432	-2211	765	
2994	-8806	5820	1453	-2205	740	
2890	-8785	5904	1474	-2200	714	
2785	-8765	5985	1494	-2194	687	
2680	-8741	6067	1513	-2189	662	
2576	-8717	6148	1533	-2183	636	
2471	-8691	6229	1554	-2175	609	
2365	-8662	6307	1572	-2169	584	
2258	-8635	6385	1591	-2161	557	
2153	-8606	6462	1612	-2153	530	
2047	-8575	6538	1630	-2146	504	
1938	-8543	6614	1648	-2137	477	
1830	-8509	6688	1667	-2129	451	
1723	-8474	6760	1684	-2120	424	
1616	-8438	6833	1703	-2111	397	
1507	-8402	6904	1719	-2102	369	
1399	-8362	6973	1738	-2091	344	
1290	-8322	7042	1753	-2082	316	
1180	-8282	7110	1769	-2072	289	
1071	-8239	7176	1788	-2060	264	
963	-8195	7242	1802	-2049	236	
854	-8150	7307	1818	-2038	210	
743	-8103	7370	1836	-2025	184	
635	-8056	7433	1850	-2014	158	
526	-8008	7495	1865	-2002	132	
415	-7959	7555	1880	-1988	105	
305	-7908	7614	1894	-1976	82	
195	-7855	7672	1909	-1963	58	
86	-7802	7729	1922	-1950	32	
-23	-7747	7784	1937	-1935	8	
-133	-7692	7838	1950	-1921	-21	
-243	-7636	7892	1962	-1907	-56	
-351	-7577	7944	1975	-1892	-99	
-462	-7518	7994	1986	-1878	-140	
-573	-7458	8044	1999	-1863	-169	
-683	-7396	8092	2011	-1847	-187	
-793	-7333	8139	2023	-1831	-203	
-901	-7269	8185	2034	-1815	-228	
-1010	-7206	8230	2044	-1798	-258	
-1121	-7140	8274	2055	-1782	-289	
-1230	-7072	8316	2066	-1765	-317	
-1338	-7005	8358	2076	-1747	-343	
-1447	-6936	8397	2085	-1730	-370	
-1553	-6865	8434	2096	-1712	-395	
-1661	-6795	8472	2105	-1694	-424	
-1770	-6723	8508	2112	-1676	-452	
-1877	-6649	8542	2122	-1657	-476	
-1985	-6575	8577	2128	-1640	-504	
-2091	-6500	8609	2137	-1621	-531	
-2197	-6424	8639	2145	-1602	-557	
-2304	-6347	8669	2150	-1583	-584	
-2407	-6269	8696	2159	-1562	-610	
-2514	-6190	8723	2165	-1543	-638	
-2620	-6110	8749	2171	-1523	-664	
-2724	-6029	8773	2175	-1502	-690	
-2829	-5948	8797	2180	-1482	-715	
-2934	-5866	8819	2188	-1460	-740	
-3037	-5782	8838	2192	-1439	-767	
-3139	-5696	8856	2196	-1418	-793	
-3243	-5612	8873	2201	-1396	-818	
-3345	-5526	8891	2204	-1375	-844	
-3446	-5439	8905	2207	-1354	-870	
-3548	-5352	8918	2211	-1331	-894	
-3649	-5262	8932	2215	-1309	-920	
-3748	-5174	8943	2217	-1286	-945	
-3846	-5084	8952	2219	-1264	-968	
-3946	-4992	8960	2220	-1243	-993	
-4045	-4901	8966	2222	-1219	-1018	
-4142	-4809	8972	2223	-1195	-1044	
-4239	-4716	8976	2223	-1172	-1067	
-4336	-4621	8979	2226	-1147	-1091	
-4433	-4528	8981	2225	-1124	-1116	
-4528	-4433	8981	2224	-1100	-1138	
-4622	-4336	8978	2225	-1076	-1161	
-4715	-4240	8977	2223	-1053	-1185	
-4809	-4143	8973	2222	-1027	-1208	
-4902	-4045	8968	2221	-1002	-1231	
