-4842	-4108	8972	2222	-1020	-1216	
-4933	-4010	8966	2221	-995	-1240	
-5024	-3911	8959	2218	-969	-1262	
-5113	-3812	8949	2216	-945	-1284	
-5205	-3712	8940	2213	-919	-1306	
-5294	-3612	8930	2210	-895	-1329	
-5381	-3511	8916	2207	-870	-1351	
-5470	-3409	8903	2203	-844	-1371	
-5557	-3306	8888	2199	-819	-1395	
-5642	-3205	8871	2195	-792	-1417	
-5727	-3101	8853	2192	-767	-1436	
-5814	-2998	8834	2186	-742	-1457	
-5895	-2894	8813	2180	-715	-1479	
-5975	-2790	8790	2173	-690	-1499	
-6057	-2686	8768	2167	-663	-1519	
-6139	-2580	8744	2163	-637	-1539	
-6218	-2474	8718	2156	-611	-1558	
-6296	-2368	8690	2148	-585	-1578	
-6372	-2262	8661	2142	-558	-1598	
-6450	-2155	8632	2135	-530	-1615	
-6527	-2048	8601	2126	-505	-1636	
-6603	-1941	8569	2117	-478	-1655	
-6676	-1834	8535	2111	-450	-1672	
-6747	-1726	8500	2100	-425	-1691	
-6821	-1618	8465	2091	-397	-1708	
-6891	-1509	8426	2083	-371	-1726	
-6960	-1401	8387	2072	-344	-1743	
-7029	-1293	8348	2062	-316	-1759	
-7097	-1184	8306	2053	-291	-1775	
-7164	-1075	8264	2042	-262	-1792	
-7230	-965	8221	2031	-235	-1809	
-7293	-856	8175	2019	-210	-1825	
-7357	-746	8129	2007	-183	-1841	
-7419	-637	8082	1995	-156	-1856	
-7481	-527	8032	1983	-130	-1871	
-7540	-417	7982	1970	-102	-1887	
-7599	-308	7932	1957	-77	-1901	
-7658	-197	7880	1943	-53	-1916	
-7715	-87	7826	1930	-27	-1929	
-7770	23	7772	1917	-1	-1943	
-7823	133	7716	1902	24	-1957	
-7875	243	7658	1889	52	-1968	
-7928	354	7601	1874	82	-1983	
-7979	462	7541	1859	116	-1995	
-8028	571	7481	1844	152	-2006	
-8077	683	7420	1828	184	-2019	
-8123	792	7357	1815	213	-2030	
-8168	901	7293	1798	236	-2042	
-8214	1011	7227	1781	260	-2054	
-8257	1120	7161	1767	286	-2063	
-8300	1229	7094	1748	312	-2073	
-8340	1338	7027	1730	341	-2084	
-8380	1446	6958	1714	369	-2093	
-8419	1554	6888	1697	396	-2103	
-8456	1664	6816	1678	423	-2112	
-8490	1772	6744	1660	449	-2121	
-8524	1879	6672	1642	477	-2129	
-8558	1986	6597	1623	504	-2137	
-8590	2094	6521	1604	530	-2146	
-8621	2202	6446	1586	557	-2152	
-8650	2307	6368	1567	585	-2160	
-8678	2413	6289	1547	611	-2167	
-8706	2519	6211	1528	636	-2172	
-8730	2625	6131	1508	663	-2178	
-8754	2729	6050	1487	689	-2185	
-8777	2834	5968	1467	715	-2190	
-8798	2938	5885	1445	742	-2195	
-8821	3041	5801	1425	767	-2201	
-8839	3145	5717	1405	793	-2204	
-8855	3248	5632	1382	819	-2208	
-8872	3350	5545	1362	845	-2212	
-8887	3452	5459	1339	869	-2216	
-8900	3553	5371	1317	894	-2220	
-8911	3654	5281	1298	921	-2222	
-8923	3755	5192	1273	944	-2225	
-8932	3854	5103	1250	969	-2227	
-8941	3954	5010	1228	995	-2228	
-8949	4053	4919	1205	1018	-2230	
-8953	4149	4827	1182	1043	-2231	
-8956	4247	4733	1159	1068	-2232	
-8960	4344	4639	1137	1092	-2232	
-8963	4440	4544	1114	1115	-2232	
-8962	4534	4448	1088	1140	-2232	
-8960	4629	4353	1065	1163	-2232	
-8958	4723	4256	1041	1186	-2230	
-8953	4817	4159	1016	1210	-2230	
-8948	4909	4061	994	1233	-2228	
-8943	5001	3962	968	1256	-2226	
-8934	5092	3863	943	1276	-2225	
-8924	5182	3764	919	1300	-2222	
-8914	5272	3663	894	1323	-2218	
-8902	5360	3562	869	1344	-2215	
-8886	5449	3461	844	1366	-2211	
-8872	5535	3359	818	1387	-2208	
-8857	5621	3256	792	1409	-2203	
-8840	5707	3153	767	1431	-2200	
-8822	5791	3049	741	1451	-2196	
-8800	5875	2945	717	1473	-2189	
-8779	5957	2843	691	1494	-2182	
-8758	6039	2738	664	1514	-2179	
-8732	6120	2633	640	1536	-2172	
-8707	6199	2528	614	1554	-2164	
-8681	6279	2422	585	1573	-2159	
-8652	6358	2315	560	1593	-2150	
-8624	6435	2208	533	1611	-2143	
-8594	6511	2101	506	1631	-2136	
-8560	6587	1992	481	1649	-2127	
-8527	6662	1885	454	1667	-2119	
-8493	6734	1777	428	1686	-2110	
-8457	6806	1669	401	1703	-2102	
-8422	6878	1561	374	1722	-2091	
-8384	6947	1453	349	1740	-2081	
-8344	7017	1343	322	1757	-2073	
-8302	7084	1234	295	1774	-2060	
-8260	7151	1125	268	1789	-2050	
-8217	7218	1015	241	1805	-2042	
-8173	7283	905	215	1822	-2029	
-8127	7347	796	189	1838	-2017	
-8081	7409	688	162	1853	-2005	
-8032	7470	578	136	1869	-1993	
-7983	7531	467	111	1883	-1981	
-7933	7591	357	86	1898	-1968	
-7880	7648	246	59	1912	-1955	
-7828	7705	137	32	1926	-1941	
-7774	7762	27	6	1942	-1928	
-7718	7816	-83	-25	1955	-1915	
-7662	7869	-193	-60	1965	-1901	
-7605	7921	-303	-92	1979	-1885	
-7546	7972	-413	-125	1993	-1870	
-7486	8023	-524	-152	2004	-1856	
-7424	8071	-634	-174	2016	-1839	
-7362	8118	-743	-198	2028	-1825	
-7299	8165	-853	-224	2040	-1810	
-7235	8210	-963	-253	2050	-1793	
-7171	8255	-1072	-280	2061	-1776	
-7104	8297	-1182	-308	2071	-1758	
-7036	8338	-1290	-336	2081	-1742	
-6967	8378	-1400	-361	2092	-1725	
-6898	8417	-1508	-389	2101	-1708	
-6828	8454	-1616	-417	2109	-1690	
-6755	8491	-1725	-443	2119	-1671	
-6683	8526	-1832	-469	2128	-1653	
-6609	8560	-1940	-496	2135	-1635	
-6534	8592	-2046	-523	2143	-1616	
-6458	8623	-2154	-549	2151	-1597	
-6381	8653	-2261	-576	2159	-1577	
-6305	8681	-2367	-602	2165	-1557	
-6226	8709	-2475	-629	2172	-1538	
-6145	8735	-2581	-654	2178	-1518	
-6066	8759	-2685	-680	2186	-1498	
-5985	8782	-2790	-706	2191	-1478	
-5900	8804	-2895	-732	2195	-1456	
-5818	8825	-2999	-758	2201	-1436	
-5735	8844	-3102	-783	2204	-1415	
-5650	8862	-3206	-809	2210	-1394	
-5564	8879	-3307	-836	2213	-1372	
-5480	8894	-3410	-860	2217	-1349	
-5393	8908	-3511	-886	2221	-1328	
-5303	8921	-3613	-911	2223	-1307	
-5213	8932	-3714	-933	2227	-1284	
-5123	8942	-3813	-960	2228	-1262	
-5034	8951	-3913	-984	2230	-1239	
-4942	8959	-4012	-1009	2233	-1215	
-4850	8964	-4110	-1033	2234	-1193	
-4758	8968	-4208	-1055	2235	-1169	
-4665	8973	-4305	-1082	2235	-1145	
-4571	8974	-4400	-1105	2234	-1123	
-4475	8974	-4496	-1127	2234	-1099	
-4380	8974	-4591	-1152	2234	-1075	
-4283	8971	-4686	-1175	2233	-1051	
-4186	8967	-4780	-1198	2233	-1026	
-4089	8963	-4873	-1221	2231	-1002	
-3992	8956	-4964	-1244	2229	-978	
-3892	8948	-5055	-1266	2226	-953	
-3793	8939	-5146	-1288	2224	-928	
-3692	8929	-5237	-1311	2222	-903	
-3592	8918	-5326	-1333	2220	-878	
-3492	8905	-5414	-1355	2215	-853	
-3389	8890	-5501	-1375	2212	-826	
-3288	8875	-5588	-1398	2208	-801	
-3186	8859	-5673	-1420	2203	-776	
-3082	8840	-5758	-1439	2198	-750	
-2980	8820	-5843	-1461	2192	-725	
-2874	8799	-5927	-1480	2188	-699	
-2769	8777	-6009	-1501	2182	-673	
-2665	8753	-6089	-1521	2176	-646	
-2560	8729	-6170	-1542	2170	-620	
-2454	8703	-6250	-1563	2161	-594	
-2348	8674	-6328	-1580	2156	-568	
-2243	8646	-6406	-1600	2149	-541	
-2136	8616	-6483	-1620	2139	-516	
-2030	8584	-6558	-1637	2132	-488	
-1922	8553	-6633	-1656	2123	-460	
-1815	8518	-6708	-1674	2114	-435	
-1710	8482	-6780	-1691	2107	-407	
-1602	8446	-6852	-1709	2097	-381	
-1494	8408	-6922	-1726	2088	-355	
-1385	8369	-6991	-1743	2077	-328	
-1275	8328	-7060	-1759	2066	-301	
-1167	8286	-7127	-1777	2057	-273	
-1058	8244	-7194	-1792	2045	-246	
-949	8201	-7260	-1808	2035	-220	
-839	8155	-7323	-1824	2024	-193	
-728	8108	-7387	-1840	2011	-166	
-620	8061	-7448	-1856	1998	-140	
-511	8011	-7508	-1870	1986	-115	
-400	7961	-7569	-1885	1974	-88	
-290	7910	-7628	-1900	1961	-62	
-180	7857	-7686	-1913	1948	-39	
-71	7803	-7740	-1927	1934	-14	
39	7748	-7796	-1940	1920	11	
149	7692	-7851	-1954	1906	35	
259	7635	-7904	-1966	1892	65	
368	7576	-7955	-1977	1878	100	
477	7518	-8005	-1991	1861	139	
587	7457	-8055	-2001	1847	178	
697	7394	-8103	-2014	1832	207	
805	7331	-8149	-2028	1814	228	
916	7267	-8195	-2038	1798	249	
1024	7203	-8240	-2049	1782	271	
1134	7136	-8282	-2059	1765	298	
1245	7070	-8324	-2069	1747	328	
1354	7001	-8365	-2080	1731	358	
1462	6930	-8405	-2089	1714	385	
1569	6861	-8443	-2098	1695	411	
1677	6789	-8479	-2106	1676	438	
1785	6717	-8515	-2115	1661	465	
1891	6644	-8549	-2123	1643	491	
1999	6569	-8582	-2132	1622	518	
2106	6493	-8613	-2139	1603	546	
2213	6418	-8644	-2146	1584	573	
2319	6340	-8674	-2155	1564	598	
2425	6261	-8701	-2161	1545	625	
2529	6183	-8727	-2167	1524	652	
2633	6102	-8751	-2172	1505	677	
2740	6021	-8776	-2178	1485	704	
2846	5939	-8798	-2185	1463	728	
2948	5856	-8819	-2189	1443	755	
3051	5773	-8839	-2195	1420	781	
3153	5687	-8858	-2199	1400	807	
3257	5602	-8875	-2201	1380	833	
3360	5515	-8890	-2207	1356	857	
3460	5428	-8904	-2210	1335	883	
3562	5340	-8918	-2211	1313	909	
3663	5251	-8929	-2215	1291	934	
3762	5162	-8940	-2217	1269	958	
3862	5072	-8950	-2220	1246	983	
3959	4981	-8957	-2220	1224	1009	
4058	4888	-8963	-2222	1199	1032	
4155	4796	-8968	-2224	1176	1057	
4251	4703	-8972	-2223	1154	1081	
4348	4608	-8974	-2225	1129	1105	
4444	4513	-8976	-2224	1106	1128	
4539	4418	-8976	-2224	1083	1151	
4634	4322	-8973	-2223	1059	1176	
4726	4226	-8970	-2222	1033	1199	
4819	4128	-8966	-2223	1008	1222	
4911	4029	-8959	-2220	985	1245	
5003	3931	-8952	-2218	960	1267	
5094	3831	-8944	-2217	935	1289	
5183	3731	-8935	-2212	911	1312	
5272	3632	-8924	-2208	887	1336	
5360	3532	-8910	-2206	860	1357	
5448	3431	-8897	-2203	834	1378	
5536	3328	-8881	-2198	810	1400	
5622	3225	-8865	-2194	785	1421	
5706	3123	-8848	-2189	759	1442	
5789	3019	-8828	-2183	732	1463	
5873	2914	-8808	-2180	706	1484	
5956	2811	-8785	-2175	680	1504	
6037	2705	-8762	-2169	654	1524	
6117	2600	-8738	-2161	628	1544	
6196	2495	-8711	-2154	601	1564	
6275	2390	-8685	-2149	575	1583	
6354	2283	-8656	-2142	548	1603	
6431	2177	-8626	-2134	521	1623	
6506	2070	-8595	-2125	494	1641	
6581	1962	-8562	-2117	468	1660	
6654	1855	-8530	-2108	443	1677	
6727	1748	-8494	-2099	415	1696	
6799	1639	-8458	-2090	389	1714	
6870	1531	-8421	-2081	362	1732	
6940	1422	-8382	-2073	334	1748	
7008	1313	-8342	-2062	308	1765	
7075	1203	-8300	-2051	280	1782	
7141	1095	-8258	-2040	254	1797	
7208	987	-8215	-2029	227	1814	
7273	876	-8169	-2018	201	1830	
7335	767	-8123	-2007	175	1846	
7397	658	-8075	-1996	147	1862	
7458	547	-8026	-1982	122	1876	
7519	437	-7976	-1968	98	1891	
7577	327	-7925	-1958	71	1906	
7635	217	-7874	-1944	44	1921	
7691	108	-7820	-1930	19	1936	
7745	-2	-7765	-1917	-8	1949	
7801	-112	-7710	-1902	-41	1962	
7854	-223	-7653	-1888	-76	1974	
7906	-333	-7594	-1873	-113	1987	
7956	-442	-7534	-1858	-145	2000	
8005	-552	-7474	-1843	-170	2012	
8053	-661	-7414	-1829	-190	2024	
8101	-771	-7350	-1813	-215	2036	
8148	-881	-7286	-1797	-241	2047	
8191	-990	-7221	-1781	-270	2058	
8234	-1099	-7156	-1764	-300	2068	
8276	-1209	-7089	-1748	-327	2078	
8317	-1317	-7020	-1730	-353	2089	
8356	-1426	-6951	-1713	-380	2099	
8395	-1534	-6881	-1697	-407	2108	
8433	-1642	-6810	-1678	-435	2117	
8469	-1750	-6738	-1660	-462	2126	
8504	-1858	-6665	-1642	-487	2134	
8535	-1965	-6590	-1623	-515	2142	
8567	-2072	-6515	-1603	-542	2150	
8599	-2179	-6439	-1584	-567	2158	
8628	-2285	-6362	-1567	-595	2164	
8655	-2392	-6284	-1547	-622	2171	
8682	-2498	-6205	-1526	-647	2179	
8709	-2602	-6125	-1507	-675	2184	
8732	-2708	-6044	-1486	-701	2189	
8756	-2813	-5962	-1465	-727	2197	
8776	-2917	-5880	-1446	-753	2200	
8795	-3020	-5795	-1424	-778	2205	
8816	-3124	-5710	-1404	-804	2211	
8833	-3226	-5625	-1382	-829	2214	
8850	-3329	-5539	-1361	-856	2218	
8864	-3432	-5453	-1340	-881	2222	
8876	-3532	-5365	-1316	-905	2225	
8889	-3633	-5276	-1295	-932	2227	
8899	-3734	-5185	-1273	-956	2230	
8910	-3833	-5096	-1249	-980	2233	
8918	-3932	-5005	-1228	-1005	2234	
8923	-4031	-4913	-1206	-1030	2235	
8929	-4128	-4820	-1183	-1055	2237	
8933	-4224	-4727	-1158	-1079	2238	
8936	-4322	-4633	-1135	-1103	2238	
8937	-4418	-4538	-1112	-1127	2238	
8937	-4513	-4442	-1088	-1150	2238	
8937	-4608	-4347	-1064	-1175	2236	
8934	-4702	-4250	-1041	-1199	2236	
8929	-4796	-4153	-1017	-1221	2236	
8924	-4887	-4054	-991	-1242	2234	
8917	-4980	-3956	-967	-1266	2232	
8910	-5072	-3857	-944	-1289	2229	
8900	-5160	-3757	-918	-1311	2227	
8889	-5250	-3657	-893	-1335	2224	
8878	-5339	-3556	-870	-1358	2219	
8863	-5427	-3454	-844	-1379	2217	
8850	-5515	-3352	-817	-1400	2214	
8834	-5599	-3249	-792	-1421	2210	
8816	-5686	-3146	-767	-1442	2205	
8798	-5770	-3042	-740	-1463	2200	
8778	-5854	-2939	-716	-1484	2194	
8756	-5936	-2836	-690	-1504	2190	
8732	-6018	-2731	-662	-1524	2184	
8708	-6099	-2625	-638	-1545	2177	
8684	-6179	-2519	-612	-1565	2171	
8657	-6258	-2414	-585	-1584	2165	
8630	-6336	-2306	-559	-1604	2157	
8600	-6414	-2199	-532	-1623	2149	
8568	-6490	-2092	-507	-1641	2141	
8538	-6565	-1984	-479	-1661	2134	
8505	-6639	-1877	-453	-1678	2125	
8470	-6712	-1770	-427	-1696	2116	
8434	-6785	-1662	-400	-1715	2107	
8398	-6855	-1554	-372	-1732	2098	
8359	-6926	-1445	-345	-1750	2088	
8320	-6995	-1336	-319	-1767	2078	
8280	-7063	-1226	-291	-1783	2068	
8237	-7130	-1117	-267	-1801	2057	
8193	-7196	-1008	-239	-1816	2046	
8150	-7262	-898	-212	-1833	2034	
8104	-7324	-789	-186	-1848	2023	
8056	-7388	-680	-158	-1863	2011	
8007	-7450	-569	-133	-1879	1998	
7958	-7509	-460	-107	-1894	1987	
7909	-7569	-351	-81	-1909	1973	
7858	-7628	-240	-55	-1924	1960	
7803	-7685	-130	-27	-1937	1948	
7749	-7740	-20	-3	-1949	1933	
7695	-7795	90	23	-1963	1919	
7639	-7848	201	51	-1977	1906	
7580	-7900	312	78	-1991	1890	
7521	-7951	421	109	-2003	1875	
7462	-8001	532	143	-2016	1861	
7401	-8051	641	176	-2028	1846	
7340	-8097	751	204	-2039	1830	
7276	-8144	861	230	-2050	1813	
7211	-8189	971	253	-2061	1797	
7145	-8233	1080	279	-2072	1781	
7079	-8276	1188	307	-2083	1764	
7012	-8317	1297	335	-2094	1747	
6945	-8357	1406	363	-2103	1729	
6874	-8396	1515	390	-2111	1712	
6802	-8434	1623	416	-2120	1695	
6732	-8470	1732	443	-2131	1677	
6659	-8505	1840	468	-2140	1659	
6585	-8539	1947	495	-2147	1640	
6511	-8571	2055	522	-2154	1622	
6435	-8602	2163	548	-2163	1603	
6358	-8632	2270	577	-2170	1582	
6280	-8660	2376	602	-2177	1562	
6202	-8688	2484	628	-2183	1544	
6122	-8714	2589	653	-2190	1523	
6042	-8738	2693	680	-2196	1503	
5961	-8762	2798	708	-2200	1483	
5879	-8784	2902	731	-2207	1461	
5796	-8805	3006	757	-2213	1441	
5711	-8824	3110	785	-2215	1421	
5627	-8842	3212	809	-2220	1399	
5541	-8859	3316	834	-2224	1377	
5454	-8874	3419	861	-2227	1356	
5367	-8888	3519	885	-2231	1334	
5279	-8900	3622	909	-2234	1312	
5190	-8911	3722	935	-2237	1289	
5101	-8922	3821	960	-2238	1267	
5010	-8930	3921	984	-2241	1245	
4919	-8938	4019	1009	-2242	1222	
4827	-8943	4118	1033	-2242	1198	
4734	-8948	4215	1057	-2245	1174	
4641	-8951	4313	1081	-2246	1151	
4546	-8952	4410	1105	-2246	1128	
4451	-8954	4504	1128	-2246	1104	
4356	-8953	4599	1152	-2244	1080	
4260	-8950	4694	1176	-2244	1057	
4162	-8947	4787	1198	-2243	1033	
4064	-8942	4881	1222	-2241	1008	
3967	-8935	4972	1244	-2241	983	
3868	-8928	5063	1266	-2238	958	
3769	-8919	5154	1291	-2235	934	
3671	-8909	5244	1310	-2232	908	
3568	-8898	5333	1332	-2229	883	
3468	-8885	5421	1356	-2224	859	
3366	-8870	5509	1375	-2222	832	
3263	-8854	5595	1397	-2218	807	
3161	-8838	5681	1420	-2214	783	
3059	-8819	5767	1439	-2210	756	
2956	-8799	5850	1460	-2203	730	
2851	-8778	5933	1481	-2198	705	
2746	-8756	6016	1502	-2193	679	
2641	-8732	6097	1521	-2187	653	
2536	-8708	6179	1541	-2180	627	
2432	-8682	6257	1561	-2173	601	
2327	-8653	6335	1581	-2165	574	
2221	-8624	6413	1600	-2158	547	
2115	-8595	6490	1619	-2150	522	
2007	-8564	6565	1637	-2143	495	
1900	-8531	6640	1655	-2135	466	
1793	-8497	6714	1674	-2125	441	
1685	-8461	6786	1691	-2117	414	
1578	-8425	6859	1708	-2108	387	
1468	-8387	6929	1725	-2098	361	
1359	-8349	6999	1743	-2088	334	
1250	-8309	7067	1760	-2077	308	
1141	-8266	7134	1777	-2068	280	
1033	-8223	7201	1792	-2057	252	
923	-8178	7266	1809	-2045	227	
813	-8133	7330	1824	-2034	200	
702	-8087	7393	1839	-2022	174	
595	-8039	7456	1856	-2009	149	
486	-7990	7517	1869	-1998	122	
374	-7940	7575	1885	-1985	98	
265	-7889	7635	1900	-1971	73	
156	-7836	7692	1913	-1958	48	
47	-7782	7748	1928	-1945	24	
-63	-7727	7803	1940	-1930	-2	
-172	-7671	7857	1954	-1915	-33	
-282	-7614	7911	1966	-1902	-71	
-392	-7556	7962	1977	-1888	-116	
-501	-7496	8012	1992	-1871	-152	
-613	-7436	8062	2003	-1856	-177	
-722	-7374	8110	2014	-1842	-193	
-832	-7310	8155	2027	-1825	-211	
-941	-7247	8201	2038	-1809	-240	
-1049	-7181	8247	2049	-1793	-269	
-1160	-7116	8289	2058	-1776	-299	
-1270	-7048	8331	2069	-1759	-326	
-1378	-6979	8371	2080	-1741	-352	
-1486	-6911	8411	2089	-1724	-380	
-1594	-6839	8449	2098	-1707	-406	
-1702	-6769	8485	2107	-1688	-434	
-1809	-6696	8521	2116	-1670	-460	
-1916	-6622	8555	2124	-1652	-488	
-2022	-6548	8587	2133	-1632	-513	
-2129	-6472	8620	2139	-1614	-540	
-2236	-6396	8650	2146	-1595	-567	
-2341	-6319	8680	2154	-1574	-593	
-2446	-6239	8707	2160	-1555	-621	
-2551	-6161	8733	2167	-1534	-646	
-2657	-6081	8757	2172	-1515	-672	
-2762	-6000	8781	2178	-1494	-698	
-2868	-5918	8805	2185	-1473	-724	
-2972	-5835	8826	2189	-1453	-751	
-3074	-5751	8844	2196	-1432	-775	
-3179	-5666	8864	2199	-1411	-802	
-3281	-5580	8881	2202	-1389	-828	
-3380	-5495	8896	2208	-1366	-851	
-3482	-5408	8910	2209	-1346	-878	
-3584	-5319	8923	2211	-1324	-904	
-3687	-5231	8937	2215	-1302	-928	
-3785	-5141	8947	2217	-1279	-953	
-3883	-5050	8955	2219	-1255	-978	
-3982	-4959	8962	2221	-1233	-1003	
-4079	-4868	8969	2223	-1210	-1027	
-4177	-4775	8973	2224	-1186	-1052	
-4274	-4682	8977	2224	-1164	-1076	
-4372	-4588	8981	2224	-1140	-1101	
-4468	-4493	8981	2224	-1115	-1124	
-4562	-4397	8980	2225	-1090	-1147	
-4656	-4301	8979	2224	-1068	-1171	
-4749	-4204	8976	2224	-1045	-1193	
-4842	-4105	8970	2221	-1019	-1217	
-4934	-4008	8966	2219	-995	-1241	
-5025	-3910	8959	2219	-970	-1262	
-5117	-3810	8950	2217	-945	-1285	
-5207	-3710	8940	2214	-920	-1308	
-5294	-3610	8928	2209	-895	-1330	
-5382	-3509	8916	2208	-869	-1351	
-5470	-3407	8903	2203	-844	-1373	
-5557	-3305	8887	2197	-820	-1396	
-5644	-3203	8870	2196	-792	-1416	
-5727	-3100	8852	2190	-767	-1437	
-5812	-2996	8833	2184	-743	-1459	
-5896	-2893	8813	2181	-716	-1478	
-5979	-2788	8791	2175	-690	-1499	
-6058	-2684	8768	2168	-663	-1520	
-6139	-2578	8742	2162	-637	-1540	
-6220	-2473	8718	2156	-610	-1560	
-6298	-2368	8691	2148	-584	-1579	
-6376	-2261	8661	2141	-558	-1598	
-6454	-2154	8631	2135	-531	-1617	
-6528	-2048	8600	2126	-504	-1636	
-6604	-1940	8569	2119	-477	-1655	
-6677	-1832	8535	2109	-450	-1672	
-6748	-1726	8500	2101	-424	-1690	
-6822	-1617	8464	2091	-397	-1708	
-6893	-1508	8426	2081	-371	-1726	
-6962	-1400	8387	2072	-343	-1742	
-7031	-1290	8347	2061	-316	-1760	
-7097	-1182	8306	2052	-290	-1777	
-7164	-1073	8264	2042	-262	-1792	
-7230	-965	8220	2030	-235	-1809	
-7295	-854	8174	2019	-209	-1825	
-7359	-744	8129	2007	-183	-1841	
-7419	-636	8080	1995	-155	-1856	
-7480	-526	8032	1983	-128	-1871	
-7541	-417	7982	1970	-102	-1888	
-7600	-306	7931	1959	-76	-1901	
-7658	-196	7879	1944	-52	-1915	
-7714	-86	7825	1930	-27	-1930	
-7770	25	7771	1918	-2	-1943	
-7824	134	7714	1902	24	-1958	
-7877	244	7658	1888	52	-1971	
-7929	354	7600	1874	82	-1982	
-7979	464	7540	1859	116	-1995	
-8029	574	7480	1843	152	-2007	
-8077	684	7418	1827	185	-2019	
-8124	793	7355	1814	213	-2030	
-8170	902	7292	1797	237	-2041	
-8214	1013	7227	1781	259	-2053	
-8258	1122	7162	1765	285	-2063	
-8299	1230	7094	1747	312	-2073	
-8341	1340	7026	1731	341	-2084	
-8381	1449	6957	1713	370	-2094	
-8418	1557	6886	1696	396	-2102	
-8456	1664	6815	1678	423	-2112	
-8491	1773	6744	1659	450	-2119	
-8527	1880	6670	1642	477	-2129	
-8560	1988	6596	1624	504	-2137	
-8590	2096	6521	1605	531	-2143	
-8621	2202	6445	1584	557	-2153	
-8650	2308	6367	1566	585	-2159	
-8678	2414	6289	1547	611	-2165	
-8706	2520	6210	1525	636	-2173	
-8732	2625	6129	1507	663	-2178	
-8756	2731	6049	1487	690	-2184	
-8778	2836	5968	1466	715	-2189	
-8799	2939	5884	1446	742	-2194	
-8819	3043	5800	1425	768	-2200	
-8838	3147	5716	1403	794	-2204	
-8858	3249	5631	1381	819	-2209	
-8874	3351	5545	1363	844	-2212	
-8888	3453	5457	1340	870	-2215	
-8899	3554	5368	1317	895	-2220	
-8912	3655	5280	1296	921	-2222	
-8924	3755	5191	1273	946	-2225	
-8933	3856	5100	1250	969	-2227	
-8941	3954	5009	1228	995	-2229	
-8948	4054	4918	1205	1019	-2229	
-8953	4151	4825	1183	1043	-2231	
-8958	4247	4732	1159	1068	-2232	
-8961	4345	4638	1135	1091	-2232	
-8960	4441	4543	1112	1117	-2233	
-8960	4536	4447	1088	1141	-2232	
-8960	4630	4352	1065	1163	-2231	
-8957	4725	4255	1041	1187	-2230	
-8952	4819	4158	1018	1211	-2229	
-8947	4910	4059	992	1234	-2228	
-8942	5002	3961	968	1258	-2224	
-8933	5094	3862	944	1279	-2223	
-8924	5184	3762	917	1299	-2223	
-8913	5273	3662	894	1323	-2218	
-8900	5362	3561	868	1345	-2216	
-8889	5449	3459	842	1367	-2213	
-8874	5536	3358	818	1388	-2207	
-8857	5623	3256	793	1408	-2203	
-8839	5708	3152	768	1431	-2199	
-8820	5793	3049	741	1451	-2195	
-8802	5876	2946	717	1473	-2188	
-8778	5958	2841	691	1494	-2184	
-8756	6041	2736	664	1514	-2179	
-8733	6122	2631	640	1535	-2170	
-8707	6202	2527	613	1554	-2165	
-8681	6281	2421	585	1572	-2158	
-8653	6359	2314	560	1592	-2151	
-8623	6436	2207	534	1611	-2144	
-8592	6512	2099	507	1630	-2136	
-8561	6587	1991	481	1650	-2128	
-8529	6661	1884	454	1667	-2119	
-8494	6735	1776	427	1685	-2111	
-8457	6806	1668	401	1704	-2102	
-8420	6878	1559	373	1721	-2093	
-8383	6949	1451	347	1739	-2082	
-8343	7018	1343	322	1758	-2072	
-8303	7085	1232	294	1772	-2062	
-8261	7153	1122	268	1790	-2051	
-8217	7219	1014	241	1808	-2041	
-8173	7283	905	214	1821	-2029	
-8128	7347	795	189	1838	-2017	
-8080	7409	686	162	1853	-2006	
-8031	7471	576	137	1869	-1994	
-7981	7532	465	110	1883	-1981	
-7932	7591	355	85	1898	-1967	
-7880	7649	245	60	1913	-1954	
-7826	7706	135	31	1926	-1942	
-7773	7761	26	5	1941	-1928	
-7717	7816	-85	-25	1954	-1914	
-7661	7870	-194	-61	1966	-1902	
-7603	7923	-306	-94	1979	-1886	
-7545	7974	-415	-125	1992	-1871	
-7485	8023	-525	-152	2004	-1856	
-7425	8072	-636	-175	2016	-1840	
-7362	8120	-745	-198	2028	-1824	
-7298	8166	-855	-225	2039	-1808	
-7234	8211	-964	-254	2050	-1792	
-7168	8254	-1073	-281	2062	-1776	
-7103	8298	-1183	-308	2072	-1759	
-7035	8339	-1292	-334	2082	-1741	
-6967	8378	-1401	-362	2092	-1724	
-6896	8417	-1510	-390	2103	-1707	
-6824	8455	-1618	-416	2111	-1689	
-6754	8492	-1726	-444	2118	-1671	
-6681	8526	-1833	-469	2128	-1654	
-6607	8560	-1941	-497	2136	-1635	
-6534	8592	-2049	-523	2145	-1615	
-6458	8624	-2155	-548	2152	-1596	
-6382	8654	-2262	-576	2159	-1576	
-6303	8681	-2369	-602	2167	-1557	
-6223	8709	-2475	-629	2173	-1538	
-6145	8735	-2581	-654	2179	-1517	
-6066	8759	-2686	-680	2185	-1498	
-5984	8783	-2792	-707	2191	-1477	
-5901	8804	-2896	-731	2197	-1455	
-5818	8825	-3000	-757	2201	-1435	
-5735	8845	-3103	-785	2205	-1415	
-5650	8862	-3206	-810	2210	-1393	
-5564	8879	-3309	-836	2213	-1372	
-5477	8895	-3411	-860	2216	-1351	
-5389	8909	-3514	-885	2220	-1329	
-5302	8921	-3614	-911	2222	-1306	
-5213	8932	-3714	-935	2225	-1284	
-5123	8942	-3814	-961	2228	-1261	
-5033	8950	-3914	-985	2230	-1237	
-4942	8957	-4013	-1009	2232	-1215	
-4850	8965	-4111	-1033	2234	-1193	
-4757	8968	-4209	-1057	2234	-1170	
-4663	8971	-4306	-1081	2234	-1145	
-4568	8974	-4403	-1105	2235	-1122	
-4474	8974	-4498	-1129	2234	-1099	
-4379	8973	-4592	-1151	2234	-1074	
-4282	8971	-4688	-1175	2234	-1051	
-4184	8967	-4781	-1198	2232	-1026	
-4086	8963	-4874	-1221	2231	-1001	
-3990	8956	-4966	-1244	2228	-978	
-3891	8948	-5057	-1265	2227	-951	
-3791	8939	-5148	-1291	2225	-928	
-3692	8929	-5237	-1312	2222	-903	
-3590	8918	-5326	-1332	2221	-878	
-3490	8905	-5415	-1357	2214	-854	
-3388	8891	-5503	-1376	2210	-827	
-3286	8876	-5590	-1397	2207	-801	
-3184	8859	-5675	-1419	2203	-775	
-3080	8840	-5761	-1440	2199	-750	
-2977	8820	-5844	-1462	2193	-725	
-2874	8798	-5926	-1480	2188	-699	
-2768	8776	-6009	-1501	2182	-672	
-2663	8754	-6090	-1522	2175	-646	
-2559	8729	-6171	-1541	2170	-619	
-2453	8702	-6251	-1560	2163	-592	
-2347	8674	-6330	-1580	2155	-566	
-2240	8645	-6407	-1599	2148	-541	
-2133	8615	-6483	-1618	2141	-515	
-2029	8583	-6559	-1637	2132	-489	
-1923	8551	-6634	-1655	2123	-461	
-1816	8517	-6707	-1673	2115	-433	
-1708	8481	-6780	-1691	2106	-407	
-1599	8445	-6852	-1708	2097	-381	
-1493	8408	-6923	-1727	2087	-354	
-1384	8368	-6992	-1743	2078	-326	
-1275	8328	-7060	-1761	2067	-300	
-1167	8286	-7129	-1777	2057	-273	
-1055	8243	-7195	-1791	2047	-246	
-947	8199	-7260	-1810	2034	-220	
-838	8154	-7324	-1823	2024	-192	
-727	8108	-7387	-1839	2012	-166	
-618	8060	-7450	-1857	1998	-140	
-508	8010	-7510	-1871	1986	-114	
-399	7960	-7570	-1885	1973	-89	
-289	7908	-7629	-1899	1961	-63	
-178	7856	-7686	-1914	1946	-38	
-68	7804	-7743	-1928	1933	-14	
42	7748	-7797	-1941	1921	10	
151	7692	-7851	-1954	1905	37	
260	7635	-7904	-1966	1890	66	
371	7576	-7955	-1979	1876	99	
479	7516	-8006	-1991	1862	139	
588	7455	-8055	-2004	1847	177	
698	7393	-8103	-2015	1830	207	
808	7330	-8149	-2026	1815	229	
918	7267	-8195	-2039	1798	249	
1027	7203	-8240	-2049	1781	272	
1135	7136	-8283	-2059	1765	299	
1243	7068	-8325	-2068	1748	329	
1353	7000	-8365	-2078	1731	358	
1463	6930	-8405	-2088	1713	384	
1571	6860	-8443	-2097	1696	413	
1679	6789	-8479	-2108	1677	439	
1786	6717	-8515	-2116	1658	465	
1894	6643	-8550	-2123	1641	492	
2001	6568	-8582	-2132	1622	518	
2108	6493	-8614	-2140	1603	546	
2215	6416	-8644	-2147	1583	572	
2320	6339	-8673	-2155	1564	598	
2426	6261	-8702	-2160	1544	625	
2532	6180	-8727	-2167	1524	651	
2636	6102	-8752	-2172	1505	679	
2741	6021	-8776	-2177	1485	705	
2845	5937	-8798	-2184	1464	730	
2949	5854	-8820	-2189	1442	757	
3052	5771	-8839	-2193	1421	783	
3154	5686	-8857	-2198	1401	807	
3258	5601	-8875	-2202	1379	832	
3360	5514	-8890	-2206	1357	857	
3461	5427	-8904	-2209	1335	883	
3562	5339	-8918	-2213	1312	909	
3663	5250	-8930	-2215	1290	934	
3764	5161	-8940	-2217	1269	958	
3863	5070	-8950	-2219	1246	984	
3961	4979	-8957	-2220	1222	1008	
4059	4887	-8963	-2222	1200	1033	
4155	4794	-8969	-2223	1177	1057	
4253	4701	-8972	-2223	1152	1081	
4351	4608	-8975	-2223	1130	1106	
4444	4513	-8976	-2224	1106	1128	
4539	4417	-8976	-2224	1083	1152	
4635	4321	-8973	-2223	1058	1176	
4728	4224	-8970	-2223	1032	1199	
4820	4127	-8966	-2222	1009	1223	
4912	4029	-8960	-2221	984	1245	
5004	3929	-8953	-2219	959	1267	
5094	3830	-8944	-2215	935	1290	
5185	3730	-8934	-2213	910	1312	
5275	3631	-8924	-2210	884	1335	
5362	3529	-8911	-2207	859	1356	
5448	3428	-8896	-2203	834	1378	
5536	3327	-8881	-2198	809	1400	
5622	3224	-8864	-2194	785	1421	
5706	3121	-8847	-2190	758	1443	
5791	3017	-8828	-2185	731	1463	
5874	2913	-8807	-2180	706	1484	
5955	2809	-8785	-2174	679	1505	
6039	2704	-8762	-2168	653	1524	
6119	2599	-8738	-2163	626	1544	
6198	2494	-8712	-2155	601	1563	
6276	2389	-8684	-2148	576	1584	
6354	2281	-8655	-2141	547	1602	
6432	2174	-8626	-2133	521	1622	
6505	2068	-8595	-2126	494	1642	
6581	1961	-8563	-2118	468	1659	
6656	1854	-8528	-2108	443	1678	
6728	1746	-8494	-2100	414	1694	
6799	1638	-8457	-2092	387	1713	
6870	1529	-8420	-2082	361	1732	
6939	1421	-8381	-2073	333	1747	
7008	1312	-8341	-2062	308	1766	
7077	1203	-8299	-2052	281	1781	
7144	1093	-8257	-2041	253	1798	
7208	983	-8213	-2030	227	1815	
7271	874	-8169	-2018	201	1830	
7335	765	-8122	-2006	174	1847	
7398	655	-8074	-1994	146	1863	
7460	546	-8026	-1982	122	1877	
7520	436	-7976	-1968	97	1892	
7577	326	-7925	-1956	70	1906	
7635	216	-7873	-1945	44	1921	
7693	106	-7819	-1930	18	1936	
7748	-4	-7764	-1916	-9	1949	
7801	-115	-7709	-1903	-41	1961	
7854	-225	-7651	-1888	-76	1975	
7907	-334	-7594	-1873	-113	1988	
7958	-443	-7534	-1859	-145	2000	
8007	-554	-7473	-1843	-170	2012	
8055	-664	-7412	-1827	-191	2024	
8103	-772	-7349	-1812	-213	2037	
8148	-882	-7285	-1796	-241	2048	
8192	-992	-7221	-1780	-271	2057	
8235	-1101	-7155	-1762	-299	2070	
8278	-1210	-7088	-1747	-327	2079	
8318	-1319	-7020	-1731	-354	2089	
8358	-1427	-6950	-1714	-380	2100	
8396	-1536	-6881	-1696	-408	2108	
8432	-1643	-6809	-1677	-435	2118	
8468	-1750	-6736	-1660	-462	2126	
8503	-1858	-6664	-1641	-490	2135	
8537	-1966	-6590	-1622	-516	2143	
8567	-2073	-6514	-1604	-543	2150	
8598	-2181	-6438	-1584	-569	2158	
8629	-2287	-6361	-1566	-594	2164	
8656	-2391	-6283	-1545	-621	2171	
8682	-2499	-6203	-1525	-647	2180	
8708	-2605	-6123	-1506	-675	2184	
8731	-2709	-6042	-1486	-701	2189	
8755	-2814	-5960	-1467	-727	2196	
8778	-2918	-5878	-1446	-753	2201	
8797	-3022	-5794	-1424	-779	2206	
8815	-3126	-5709	-1403	-805	2210	
8832	-3228	-5624	-1383	-830	2214	
8848	-3330	-5537	-1360	-856	2218	
8863	-3432	-5450	-1339	-882	2221	
8878	-3533	-5363	-1318	-907	2224	
8890	-3634	-5275	-1294	-931	2228	
8899	-3734	-5185	-1272	-956	2230	
8909	-3834	-5095	-1250	-983	2231	
8918	-3933	-5003	-1226	-1005	2235	
8924	-4032	-4912	-1205	-1030	2236	
8929	-4129	-4819	-1182	-1055	2237	
8934	-4227	-4725	-1158	-1078	2238	
8938	-4325	-4632	-1136	-1104	2238	
8939	-4420	-4537	-1111	-1127	2238	
8938	-4516	-4442	-1087	-1151	2238	
8936	-4609	-4344	-1063	-1175	2238	
8934	-4702	-4248	-1040	-1198	2237	
8931	-4796	-4151	-1017	-1221	2235	
8924	-4889	-4052	-990	-1243	2234	
8917	-4980	-3955	-967	-1267	2231	
8909	-5071	-3855	-943	-1290	2228	
8901	-5162	-3755	-917	-1311	2228	
8891	-5251	-3655	-893	-1334	2225	
8877	-5340	-3554	-867	-1356	2222	
8863	-5428	-3452	-842	-1378	2218	
8849	-5515	-3350	-817	-1400	2214	
8834	-5601	-3248	-792	-1421	2210	
8817	-5686	-3146	-766	-1443	2205	
8798	-5771	-3042	-741	-1463	2200	
8778	-5855	-2937	-715	-1483	2195	
8755	-5937	-2833	-689	-1504	2190	
8732	-6019	-2729	-662	-1525	2183	
8709	-6100	-2623	-635	-1544	2178	
8684	-6180	-2518	-611	-1565	2171	
8656	-6259	-2411	-585	-1584	2164	
8629	-6337	-2305	-558	-1603	2158	
8601	-6414	-2198	-532	-1623	2149	
8570	-6491	-2091	-504	-1642	2141	
8536	-6566	-1984	-479	-1661	2133	
8504	-6641	-1876	-453	-1679	2126	
8470	-6714	-1769	-426	-1697	2116	
8433	-6785	-1661	-399	-1716	2106	
8397	-6857	-1552	-371	-1732	2098	
8358	-6928	-1444	-344	-1750	2087	
8318	-6997	-1335	-320	-1767	2076	
8278	-7065	-1226	-292	-1783	2067	
8236	-7131	-1115	-266	-1801	2056	
8193	-7197	-1007	-239	-1816	2045	
8148	-7262	-898	-211	-1833	2034	
8102	-7326	-787	-186	-1849	2023	
8057	-7389	-678	-159	-1865	2011	
8008	-7450	-568	-131	-1880	1999	
7959	-7511	-458	-106	-1894	1986	
7908	-7570	-350	-80	-1910	1974	
7856	-7629	-239	-55	-1923	1961	
7804	-7686	-128	-29	-1938	1947	
7749	-7740	-18	-2	-1950	1933	
7694	-7795	92	23	-1964	1919	
7637	-7849	203	49	-1979	1905	
7581	-7902	312	78	-1989	1890	
7522	-7953	422	110	-2004	1876	
7461	-8003	533	143	-2015	1861	
7400	-8051	644	176	-2027	1846	
7338	-8098	753	205	-2040	1830	
7276	-8144	862	229	-2051	1813	
7211	-8190	972	255	-2063	1798	
7145	-8234	1081	279	-2072	1781	
7080	-8277	1190	305	-2083	1764	
7011	-8318	1299	333	-2094	1746	
6942	-8358	1408	364	-2102	1730	
6873	-8396	1517	390	-2112	1712	
6802	-8434	1625	414	-2122	1692	
6731	-8470	1733	443	-2130	1678	
6658	-8505	1841	469	-2139	1660	
6585	-8539	1949	495	-2148	1640	
6511	-8572	2057	523	-2155	1622	
6432	-8603	2164	549	-2164	1602	
6356	-8633	2272	576	-2170	1582	
6280	-8661	2378	603	-2176	1563	
6201	-8688	2485	629	-2184	1543	
6122	-8714	2590	654	-2189	1524	
6040	-8739	2695	681	-2195	1503	
5960	-8762	2800	707	-2200	1483	
5878	-8785	2904	732	-2207	1463	
5794	-8804	3008	758	-2212	1441	
5710	-8823	3112	782	-2216	1419	
5625	-8842	3215	809	-2221	1399	
5540	-8858	3317	835	-2225	1377	
5455	-8873	3418	861	-2228	1355	
5366	-8889	3520	885	-2231	1334	
5278	-8901	3622	910	-2234	1312	
5189	-8911	3723	936	-2237	1290	
5097	-8921	3823	959	-2239	1267	
5009	-8930	3922	985	-2241	1245	
4918	-8937	4022	1010	-2242	1222	
4825	-8944	4119	1033	-2243	1198	
4733	-8948	4217	1059	-2244	1175	
4638	-8950	4314	1081	-2246	1152	
4545	-8953	4410	1105	-2247	1128	
4449	-8954	4505	1129	-2244	1103	
4353	-8953	4601	1151	-2244	1080	
4259	-8951	4696	1175	-2245	1056	
4162	-8947	4788	1198	-2244	1032	
4064	-8942	4880	1221	-2242	1008	
3965	-8936	4974	1244	-2240	983	
3866	-8928	5066	1267	-2239	958	
3767	-8919	5156	1290	-2235	934	
3668	-8910	5244	1312	-2233	909	
3569	-8897	5334	1334	-2230	884	
3466	-8884	5423	1356	-2225	859	
3365	-8870	5510	1377	-2222	833	
3265	-8854	5597	1398	-2219	807	
3161	-8837	5681	1419	-2214	782	
3057	-8819	5768	1440	-2209	756	
2953	-8798	5853	1461	-2205	730	
2849	-8778	5934	1481	-2199	705	
2746	-8756	6016	1501	-2194	678	
2643	-8733	6098	1521	-2186	653	
2537	-8707	6179	1542	-2179	626	
2431	-8680	6258	1559	-2174	599	
2326	-8652	6336	1580	-2166	574	
2219	-8624	6414	1600	-2158	547	
2112	-8594	6491	1616	-2152	520	
2005	-8563	6566	1637	-2142	494	
1898	-8530	6642	1656	-2134	468	
1792	-8496	6715	1673	-2127	440	
1684	-8462	6788	1690	-2116	414	
1575	-8425	6859	1709	-2109	387	
1466	-8386	6930	1727	-2098	360	
1358	-8347	7000	1743	-2087	333	
1249	-8307	7068	1760	-2077	306	
1140	-8265	7134	1775	-2067	281	
1032	-8222	7201	1791	-2056	253	
922	-8178	7267	1810	-2044	226	
812	-8132	7332	1825	-2033	200	
702	-8086	7395	1839	-2022	174	
593	-8039	7456	1856	-2010	148	
482	-7990	7518	1871	-1998	122	
374	-7939	7578	1885	-1985	97	
266	-7888	7636	1900	-1972	72	
154	-7835	7693	1915	-1957	48	
43	-7782	7749	1928	-1944	22	
-64	-7726	7804	1941	-1931	-3	
-175	-7669	7858	1954	-1916	-33	
-285	-7613	7912	1967	-1901	-71	
-393	-7556	7962	1980	-1886	-115	
-503	-7496	8013	1991	-1871	-155	
-612	-7434	8063	2005	-1855	-176	
-722	-7372	8109	2016	-1841	-192	
-834	-7309	8156	2027	-1826	-212	
-943	-7245	8202	2039	-1809	-238	
-1053	-7181	8247	2048	-1793	-271	
-1160	-7115	8289	2059	-1776	-300	
-1269	-7048	8331	2069	-1758	-327	
-1379	-6980	8372	2079	-1741	-354	
-1487	-6910	8411	2090	-1724	-380	
-1596	-6838	8449	2098	-1706	-408	
-1702	-6768	8485	2108	-1687	-433	
-1809	-6696	8521	2116	-1669	-461	
-1917	-6621	8555	2123	-1651	-489	
-2024	-6546	8589	2134	-1631	-513	
-2131	-6472	8621	2139	-1613	-539	
-2235	-6396	8650	2146	-1595	-567	
-2342	-6317	8680	2155	-1575	-594	
-2449	-6239	8707	2161	-1555	-619	
-2554	-6160	8734	2167	-1535	-647	
-2657	-6079	8758	2173	-1515	-674	
-2763	-5999	8782	2178	-1494	-699	
-2868	-5916	8805	2184	-1473	-726	
-2971	-5834	8825	2189	-1453	-752	
-3076	-5750	8846	2194	-1432	-777	
-3178	-5665	8864	2198	-1410	-803	
-3281	-5579	8880	2203	-1388	-828	
-3384	-5492	8896	2206	-1367	-853	
-3484	-5406	8911	2211	-1345	-878	
-3585	-5318	8924	2212	-1323	-904	
-3685	-5229	8935	2214	-1301	-929	
-3784	-5139	8946	2217	-1278	-954	
-3885	-5049	8955	2219	-1256	-979	
-3985	-4958	8963	2222	-1232	-1003	
-4082	-4865	8969	2222	-1210	-1028	
-4180	-4773	8975	2224	-1186	-1052	
-4276	-4680	8978	2225	-1163	-1076	
-4373	-4586	8980	2224	-1141	-1101	
-4469	-4492	8981	2225	-1115	-1124	
-4562	-4397	8981	2224	-1091	-1148	
-4657	-4300	8979	2223	-1069	-1172	
-4751	-4203	8975	2223	-1043	-1193	
