-443	-7528	7984	1985	-1880	-134	
-552	-7468	8035	1997	-1865	-166	
-664	-7407	8083	2010	-1848	-184	
-773	-7345	8131	2021	-1833	-199	
-882	-7281	8177	2031	-1819	-222	
-993	-7217	8223	2042	-1802	-252	
-1102	-7152	8266	2053	-1784	-284	
-1211	-7085	8308	2063	-1768	-313	
-1320	-7016	8350	2074	-1749	-338	
-1428	-6947	8389	2084	-1733	-364	
-1537	-6878	8429	2092	-1716	-391	
-1643	-6807	8466	2103	-1697	-419	
-1750	-6736	8501	2112	-1679	-445	
-1858	-6663	8537	2120	-1660	-472	
-1963	-6588	8571	2128	-1642	-498	
-2070	-6513	8603	2135	-1623	-526	
-2177	-6438	8633	2143	-1605	-552	
-2284	-6360	8663	2150	-1586	-579	
-2390	-6283	8692	2156	-1566	-605	
-2495	-6205	8719	2163	-1546	-631	
-2601	-6124	8745	2170	-1525	-659	
-2706	-6044	8768	2175	-1506	-685	
-2812	-5962	8792	2180	-1485	-711	
-2915	-5879	8814	2186	-1465	-737	
-3018	-5797	8834	2191	-1444	-762	
-3123	-5712	8853	2197	-1421	-787	
-3225	-5627	8872	2201	-1401	-814	
-3328	-5541	8888	2203	-1379	-840	
-3429	-5454	8903	2207	-1358	-865	
-3530	-5367	8916	2211	-1335	-889	
-3632	-5278	8930	2213	-1313	-915	
-3731	-5189	8941	2216	-1291	-941	
-3832	-5100	8950	2218	-1269	-966	
-3930	-5008	8959	2220	-1246	-990	
-4028	-4917	8966	2221	-1222	-1014	
-4126	-4826	8971	2222	-1199	-1038	
-4222	-4733	8975	2224	-1175	-1062	
-4319	-4639	8979	2223	-1153	-1086	
-4415	-4544	8981	2224	-1129	-1111	
-4511	-4449	8981	2226	-1103	-1134	
-4605	-4354	8980	2223	-1082	-1158	
-4698	-4257	8978	2222	-1058	-1181	
-4793	-4160	8974	2222	-1031	-1204	
-4885	-4062	8968	2220	-1009	-1227	
-4977	-3963	8962	2218	-983	-1250	
-5068	-3864	8954	2217	-959	-1273	
-5159	-3765	8945	2215	-934	-1295	
-5248	-3665	8936	2211	-909	-1317	
-5336	-3564	8923	2208	-885	-1340	
-5425	-3463	8909	2205	-858	-1361	
-5512	-3361	8896	2200	-834	-1384	
-5596	-3259	8879	2196	-807	-1406	
-5682	-3156	8861	2193	-781	-1426	
-5769	-3053	8844	2186	-756	-1447	
-5851	-2949	8824	2182	-730	-1468	
-5934	-2844	8803	2178	-704	-1488	
-6017	-2740	8781	2171	-677	-1508	
-6097	-2635	8757	2166	-651	-1527	
-6176	-2531	8732	2160	-625	-1548	
-6256	-2424	8705	2153	-598	-1568	
-6335	-2317	8677	2145	-572	-1587	
-6411	-2212	8648	2138	-546	-1606	
-6487	-2105	8618	2130	-519	-1625	
-6562	-1998	8586	2121	-493	-1646	
-6636	-1891	8553	2114	-465	-1664	
-6711	-1783	8519	2105	-437	-1681	
-6782	-1676	8483	2097	-410	-1699	
-6853	-1567	8447	2087	-385	-1717	
-6925	-1459	8409	2077	-359	-1734	
-6994	-1351	8369	2067	-331	-1751	
-7063	-1241	8329	2057	-304	-1768	
-7129	-1132	8286	2047	-278	-1785	
-7195	-1023	8243	2037	-251	-1800	
-7261	-914	8199	2025	-223	-1817	
-7324	-804	8153	2013	-197	-1833	
-7386	-695	8107	2001	-171	-1848	
-7448	-586	8059	1989	-143	-1863	
-7509	-475	8009	1978	-117	-1878	
-7570	-365	7960	1965	-90	-1892	
-7627	-256	7908	1953	-63	-1906	
-7683	-145	7855	1939	-40	-1921	
-7740	-35	7801	1925	-15	-1935	
-7795	75	7746	1911	10	-1949	
-7849	185	7689	1896	37	-1961	
-7901	295	7632	1882	65	-1974	
-7952	405	7573	1868	96	-1987	
-8003	515	7512	1853	133	-1999	
-8051	624	7452	1836	167	-2011	
-8097	734	7390	1821	199	-2022	
-8145	844	7327	1807	225	-2034	
-8189	953	7263	1789	248	-2047	
-8234	1062	7197	1774	272	-2056	
-8277	1171	7131	1758	298	-2066	
-8318	1280	7064	1739	326	-2077	
-8359	1389	6994	1723	355	-2088	
-8398	1497	6925	1705	383	-2098	
-8437	1606	6854	1689	409	-2106	
-8473	1715	6783	1670	436	-2116	
-8507	1822	6710	1651	461	-2124	
-8542	1929	6636	1634	489	-2132	
-8573	2037	6561	1613	516	-2141	
-8604	2145	6485	1597	544	-2146	
-8636	2251	6410	1578	571	-2155	
-8663	2356	6332	1557	597	-2163	
-8692	2463	6252	1537	623	-2168	
-8718	2569	6174	1518	649	-2175	
-8743	2674	6093	1497	675	-2181	
-8767	2778	6011	1477	702	-2187	
-8788	2883	5930	1457	727	-2192	
-8810	2987	5846	1436	753	-2198	
-8829	3090	5762	1415	779	-2202	
-8847	3194	5677	1394	804	-2205	
-8864	3297	5591	1373	831	-2210	
-8878	3399	5504	1350	856	-2214	
-8894	3500	5416	1329	880	-2218	
-8907	3600	5329	1309	907	-2221	
-8917	3702	5240	1286	932	-2223	
-8929	3802	5150	1262	956	-2226	
-8938	3901	5060	1240	981	-2228	
-8945	4000	4968	1218	1005	-2228	
-8952	4098	4876	1194	1030	-2230	
-8956	4196	4783	1172	1055	-2231	
-8959	4293	4689	1149	1079	-2232	
-8962	4389	4595	1126	1102	-2232	
-8962	4484	4499	1102	1127	-2233	
-8960	4579	4404	1078	1150	-2232	
-8959	4673	4307	1052	1174	-2231	
-8956	4768	4210	1028	1197	-2231	
-8952	4861	4114	1006	1220	-2229	
-8945	4952	4015	981	1243	-2227	
-8937	5043	3916	955	1264	-2226	
-8929	5135	3817	931	1286	-2223	
-8920	5225	3717	907	1311	-2220	
-8909	5313	3616	881	1333	-2217	
-8896	5401	3515	857	1355	-2214	
-8882	5489	3413	831	1376	-2210	
-8866	5575	3310	805	1398	-2205	
-8849	5662	3208	780	1419	-2202	
-8831	5747	3105	755	1440	-2197	
-8811	5831	3001	730	1460	-2191	
-8792	5915	2898	704	1481	-2187	
-8769	5997	2792	679	1504	-2181	
-8747	6077	2689	653	1524	-2176	
-8722	6158	2583	624	1542	-2170	
-8696	6237	2478	599	1562	-2162	
-8669	6317	2373	574	1583	-2154	
-8640	6395	2264	547	1602	-2147	
-8611	6471	2158	521	1621	-2140	
-8579	6546	2050	495	1640	-2132	
-8546	6622	1942	469	1658	-2122	
-8512	6696	1835	441	1675	-2115	
-8478	6768	1726	416	1694	-2106	
-8440	6839	1618	388	1711	-2097	
-8402	6911	1509	361	1729	-2088	
-8364	6980	1400	336	1747	-2077	
-8323	7048	1291	310	1765	-2067	
-8281	7116	1183	282	1782	-2057	
-8241	7183	1074	254	1796	-2047	
-8198	7249	964	229	1814	-2035	
-8153	7314	855	203	1830	-2023	
-8107	7377	745	176	1845	-2012	
-8059	7438	636	151	1862	-1999	
-8010	7499	525	125	1875	-1987	
-7960	7559	415	99	1890	-1975	
-7908	7618	305	74	1904	-1961	
-7856	7675	194	48	1919	-1947	
-7802	7732	85	21	1933	-1934	
-7747	7787	-25	-8	1947	-1922	
-7693	7841	-135	-39	1960	-1907	
-7634	7895	-245	-72	1974	-1892	
-7577	7946	-355	-109	1984	-1880	
-7519	7997	-465	-138	1997	-1864	
-7458	8046	-575	-162	2010	-1848	
-7396	8094	-685	-185	2022	-1833	
-7332	8141	-795	-210	2034	-1817	
-7270	8187	-905	-237	2044	-1801	
-7205	8231	-1014	-266	2056	-1785	
-7138	8275	-1123	-294	2066	-1768	
-7070	8317	-1232	-319	2077	-1750	
-7003	8357	-1342	-347	2088	-1733	
-6934	8397	-1450	-375	2097	-1717	
-6864	8435	-1559	-400	2107	-1698	
-6793	8471	-1667	-427	2115	-1679	
-6722	8508	-1775	-456	2123	-1663	
-6649	8542	-1883	-483	2132	-1644	
-6574	8575	-1990	-509	2140	-1626	
-6499	8608	-2097	-535	2148	-1606	
-6423	8638	-2204	-561	2155	-1587	
-6346	8666	-2310	-587	2162	-1568	
-6267	8694	-2417	-614	2169	-1549	
-6188	8721	-2524	-641	2176	-1528	
-6109	8746	-2629	-666	2182	-1507	
-6028	8770	-2734	-693	2188	-1489	
-5946	8793	-2840	-718	2194	-1469	
-5864	8815	-2944	-745	2198	-1448	
-5781	8834	-3048	-770	2202	-1426	
-5696	8853	-3152	-796	2207	-1405	
-5612	8870	-3254	-823	2211	-1385	
-5526	8886	-3356	-847	2215	-1362	
-5439	8902	-3458	-873	2218	-1341	
-5352	8915	-3560	-897	2221	-1319	
-5262	8926	-3661	-921	2225	-1295	
-5172	8937	-3760	-948	2227	-1274	
-5083	8946	-3861	-972	2228	-1252	
-4992	8954	-3960	-994	2230	-1229	
-4900	8961	-4059	-1020	2232	-1206	
-4807	8967	-4156	-1045	2234	-1182	
-4715	8970	-4254	-1069	2233	-1160	
-4620	8972	-4350	-1093	2234	-1136	
-4526	8974	-4446	-1116	2234	-1112	
-4432	8974	-4543	-1140	2233	-1089	
-4336	8972	-4637	-1164	2234	-1064	
-4240	8969	-4729	-1187	2233	-1040	
-4141	8966	-4823	-1210	2232	-1016	
-4043	8959	-4915	-1232	2231	-991	
-3945	8952	-5008	-1254	2229	-966	
-3846	8945	-5098	-1277	2225	-942	
-3745	8935	-5189	-1299	2223	-917	
-3645	8925	-5279	-1321	2220	-892	
-3545	8912	-5366	-1344	2217	-867	
-3443	8898	-5455	-1366	2213	-842	
-3342	8884	-5543	-1386	2209	-816	
-3241	8867	-5628	-1408	2205	-791	
-3138	8850	-5713	-1428	2201	-764	
-3035	8831	-5798	-1449	2196	-738	
-2930	8809	-5882	-1471	2189	-713	
-2827	8789	-5965	-1491	2184	-686	
-2721	8767	-6048	-1510	2179	-659	
-2615	8742	-6128	-1531	2172	-633	
-2511	8717	-6208	-1552	2165	-608	
-2405	8690	-6287	-1570	2159	-581	
-2298	8661	-6364	-1589	2153	-555	
-2194	8632	-6442	-1608	2144	-530	
-2087	8601	-6518	-1628	2136	-503	
-1979	8569	-6593	-1646	2128	-475	
-1874	8536	-6667	-1663	2120	-448	
-1767	8501	-6741	-1682	2111	-421	
-1659	8466	-6813	-1699	2102	-395	
-1552	8428	-6884	-1716	2093	-369	
-1444	8389	-6955	-1734	2083	-341	
-1335	8350	-7023	-1751	2073	-315	
-1224	8309	-7091	-1767	2062	-288	
-1116	8267	-7159	-1784	2051	-262	
-1006	8224	-7224	-1800	2041	-235	
-898	8179	-7289	-1815	2030	-208	
-787	8133	-7352	-1831	2017	-181	
-676	8086	-7415	-1847	2004	-154	
-569	8037	-7476	-1863	1992	-128	
-458	7988	-7537	-1876	1981	-102	
-350	7937	-7596	-1891	1967	-76	
-239	7885	-7655	-1906	1954	-51	
-129	7832	-7712	-1920	1941	-27	
-19	7778	-7767	-1933	1927	-3	
91	7722	-7822	-1947	1913	22	
200	7665	-7875	-1960	1898	48	
309	7607	-7928	-1972	1884	80	
420	7549	-7980	-1984	1871	118	
529	7489	-8029	-1996	1855	157	
638	7427	-8078	-2006	1840	193	
748	7364	-8124	-2019	1823	218	
857	7302	-8171	-2032	1806	236	
967	7238	-8216	-2044	1791	258	
1075	7172	-8259	-2055	1774	284	
1184	7106	-8302	-2063	1757	313	
1293	7038	-8343	-2074	1740	342	
1402	6968	-8383	-2084	1723	371	
1511	6898	-8422	-2094	1705	397	
1621	6828	-8459	-2103	1688	423	
1730	6756	-8496	-2110	1670	451	
1836	6683	-8531	-2119	1651	477	
1943	6609	-8564	-2127	1634	504	
2050	6534	-8597	-2134	1615	532	
2156	6458	-8627	-2143	1594	558	
2262	6381	-8657	-2151	1574	584	
2368	6303	-8687	-2157	1554	611	
2473	6224	-8713	-2163	1535	637	
2578	6144	-8738	-2170	1515	665	
2683	6065	-8763	-2175	1495	690	
2788	5983	-8786	-2180	1475	716	
2893	5900	-8808	-2187	1453	742	
2997	5817	-8829	-2191	1433	768	
3099	5733	-8848	-2195	1413	794	
3203	5648	-8866	-2199	1391	819	
3305	5562	-8882	-2203	1369	845	
3406	5475	-8897	-2207	1348	870	
3508	5387	-8911	-2209	1325	896	
3608	5299	-8923	-2214	1302	921	
3707	5210	-8935	-2215	1280	945	
3807	5119	-8945	-2218	1258	971	
3906	5029	-8953	-2220	1235	995	
4005	4937	-8960	-2221	1213	1019	
4103	4845	-8966	-2223	1190	1044	
4202	4752	-8970	-2224	1165	1067	
4298	4659	-8973	-2224	1142	1093	
4392	4565	-8974	-2224	1118	1116	
4488	4468	-8975	-2223	1096	1139	
4582	4373	-8974	-2224	1071	1162	
4677	4277	-8972	-2223	1047	1186	
4770	4180	-8968	-2221	1024	1210	
4862	4083	-8964	-2220	998	1233	
4954	3984	-8957	-2218	974	1256	
5045	3885	-8949	-2216	948	1278	
5135	3785	-8939	-2214	924	1300	
5225	3685	-8929	-2211	899	1323	
5314	3585	-8917	-2207	873	1345	
5402	3484	-8904	-2205	848	1367	
5489	3382	-8890	-2202	822	1388	
5575	3279	-8874	-2196	797	1409	
5660	3177	-8856	-2192	772	1431	
5746	3075	-8838	-2188	745	1451	
5829	2971	-8818	-2183	718	1472	
5912	2866	-8797	-2177	694	1493	
5992	2762	-8775	-2171	667	1513	
6073	2656	-8750	-2165	641	1534	
6154	2551	-8726	-2159	616	1553	
6233	2446	-8699	-2152	589	1573	
6311	2340	-8671	-2145	562	1592	
6388	2233	-8642	-2136	536	1612	
6465	2126	-8612	-2130	508	1632	
6540	2019	-8580	-2123	481	1649	
6616	1912	-8547	-2113	456	1667	
6689	1806	-8513	-2105	430	1685	
6759	1697	-8477	-2098	402	1703	
6832	1588	-8441	-2087	374	1720	
6901	1479	-8403	-2076	348	1738	
6970	1372	-8363	-2067	323	1757	
7039	1263	-8322	-2056	295	1773	
7106	1153	-8281	-2046	268	1790	
7172	1044	-8238	-2036	243	1806	
7236	934	-8193	-2024	215	1821	
7301	824	-8148	-2011	189	1838	
7365	715	-8100	-2001	162	1853	
7427	607	-8052	-1990	135	1868	
7487	497	-8003	-1976	112	1884	
7545	385	-7953	-1964	86	1897	
7605	275	-7902	-1950	59	1914	
7661	166	-7849	-1938	33	1927	
7717	56	-7794	-1924	7	1941	
7772	-54	-7739	-1910	-22	1955	
7825	-164	-7683	-1897	-55	1967	
7878	-274	-7626	-1880	-92	1981	
7929	-385	-7568	-1866	-129	1992	
7980	-494	-7508	-1852	-157	2005	
8029	-604	-7446	-1836	-180	2019	
8076	-713	-7383	-1821	-201	2029	
8122	-823	-7321	-1805	-225	2040	
8167	-933	-7257	-1788	-254	2051	
8211	-1042	-7191	-1771	-284	2064	
8255	-1150	-7125	-1754	-310	2073	
8296	-1260	-7057	-1739	-339	2082	
8336	-1369	-6989	-1722	-366	2093	
8374	-1477	-6920	-1704	-392	2103	
8412	-1585	-6848	-1687	-420	2112	
8448	-1693	-6776	-1669	-447	2121	
8484	-1799	-6704	-1651	-474	2130	
8518	-1908	-6631	-1633	-501	2137	
8551	-2015	-6556	-1614	-528	2145	
8583	-2121	-6479	-1594	-554	2155	
8612	-2229	-6403	-1575	-579	2160	
8641	-2335	-6325	-1557	-608	2167	
8668	-2441	-6247	-1536	-633	2175	
8695	-2547	-6167	-1516	-659	2180	
8719	-2652	-6087	-1498	-687	2185	
8741	-2757	-6005	-1477	-712	2191	
8765	-2861	-5923	-1457	-739	2198	
8786	-2966	-5840	-1435	-765	2203	
8804	-3069	-5756	-1415	-790	2207	
8822	-3172	-5671	-1393	-816	2212	
8840	-3275	-5585	-1371	-842	2216	
8856	-3377	-5498	-1350	-868	2220	
8871	-3478	-5411	-1327	-892	2224	
8883	-3580	-5323	-1306	-916	2226	
8894	-3680	-5234	-1286	-941	2228	
8904	-3780	-5144	-1262	-967	2230	
8913	-3879	-5054	-1239	-993	2234	
8921	-3978	-4962	-1218	-1017	2235	
8926	-4077	-4870	-1195	-1042	2235	
8931	-4173	-4777	-1171	-1067	2236	
8935	-4270	-4683	-1147	-1090	2237	
8936	-4368	-4589	-1125	-1114	2237	
8937	-4463	-4494	-1101	-1138	2237	
8937	-4558	-4398	-1077	-1160	2238	
8935	-4652	-4301	-1053	-1185	2238	
8932	-4745	-4205	-1028	-1209	2237	
8927	-4839	-4107	-1005	-1231	2234	
8921	-4931	-4008	-979	-1253	2233	
8914	-5022	-3910	-956	-1278	2230	
8906	-5113	-3810	-931	-1300	2229	
8895	-5202	-3710	-905	-1321	2226	
8883	-5290	-3609	-883	-1344	2223	
8871	-5379	-3508	-855	-1365	2220	
8858	-5468	-3406	-831	-1387	2216	
8841	-5554	-3304	-806	-1409	2212	
8824	-5640	-3202	-779	-1430	2208	
8808	-5725	-3098	-754	-1451	2204	
8788	-5810	-2995	-729	-1472	2198	
8767	-5892	-2891	-704	-1494	2192	
8745	-5975	-2786	-677	-1513	2187	
8722	-6057	-2682	-651	-1533	2180	
8698	-6136	-2576	-626	-1554	2173	
8672	-6216	-2470	-599	-1574	2168	
8643	-6294	-2363	-573	-1593	2162	
8613	-6373	-2256	-545	-1611	2154	
8585	-6450	-2150	-519	-1631	2146	
8555	-6524	-2042	-494	-1651	2138	
8522	-6600	-1935	-466	-1668	2129	
8489	-6675	-1828	-440	-1687	2121	
8454	-6746	-1720	-412	-1705	2112	
8417	-6818	-1612	-386	-1723	2102	
8379	-6889	-1503	-361	-1741	2093	
8342	-6959	-1394	-332	-1756	2084	
8300	-7027	-1285	-306	-1774	2074	
8259	-7095	-1176	-282	-1792	2061	
8217	-7162	-1068	-252	-1807	2051	
8172	-7228	-958	-225	-1824	2041	
8127	-7291	-848	-201	-1841	2027	
8080	-7354	-738	-174	-1856	2016	
8033	-7416	-628	-146	-1871	2006	
7986	-7477	-518	-120	-1886	1994	
7935	-7538	-408	-93	-1900	1981	
7884	-7597	-299	-67	-1914	1968	
7834	-7655	-188	-44	-1931	1954	
7780	-7710	-78	-17	-1943	1940	
7723	-7765	32	10	-1955	1927	
7668	-7820	142	35	-1970	1913	
7612	-7873	252	61	-1984	1898	
7554	-7925	362	92	-1997	1883	
7494	-7975	472	126	-2008	1869	
7433	-8025	582	159	-2021	1855	
7373	-8074	692	189	-2032	1839	
7308	-8121	802	216	-2044	1822	
7246	-8166	911	240	-2056	1805	
7179	-8211	1021	265	-2066	1790	
7114	-8254	1130	292	-2076	1774	
7051	-8295	1239	318	-2088	1755	
6980	-8336	1348	347	-2098	1739	
6912	-8375	1457	375	-2107	1722	
6842	-8414	1566	402	-2117	1704	
6770	-8452	1674	428	-2125	1687	
6698	-8486	1783	454	-2135	1668	
6624	-8521	1891	481	-2143	1650	
6550	-8554	1998	508	-2151	1632	
6475	-8585	2106	535	-2159	1612	
6399	-8617	2213	562	-2165	1593	
6322	-8645	2320	588	-2173	1574	
6243	-8674	2427	615	-2180	1554	
6165	-8700	2533	641	-2186	1534	
6085	-8725	2637	667	-2192	1514	
6003	-8749	2742	693	-2197	1494	
5923	-8771	2847	718	-2202	1474	
5840	-8794	2950	746	-2207	1454	
5757	-8813	3055	771	-2213	1432	
5673	-8832	3158	794	-2219	1410	
5587	-8850	3261	820	-2222	1389	
5501	-8866	3363	847	-2226	1368	
5413	-8880	3465	872	-2229	1346	
5325	-8893	3567	898	-2232	1323	
5238	-8905	3666	922	-2235	1304	
5148	-8916	3768	947	-2238	1280	
5058	-8926	3868	972	-2240	1257	
4969	-8934	3966	996	-2241	1235	
4876	-8940	4065	1021	-2243	1211	
4784	-8945	4163	1045	-2243	1189	
4691	-8948	4262	1069	-2244	1165	
4597	-8951	4358	1092	-2246	1142	
4503	-8954	4454	1116	-2246	1118	
4406	-8954	4549	1141	-2245	1094	
4311	-8952	4644	1162	-2244	1071	
4214	-8949	4738	1186	-2243	1046	
4117	-8944	4831	1209	-2242	1020	
4019	-8940	4924	1233	-2241	997	
3920	-8932	5015	1254	-2240	972	
3822	-8923	5106	1278	-2236	948	
3722	-8914	5196	1301	-2232	923	
3622	-8903	5285	1321	-2230	897	
3522	-8891	5374	1344	-2227	872	
3420	-8878	5463	1365	-2224	847	
3319	-8862	5550	1386	-2220	822	
3217	-8846	5636	1408	-2216	797	
3113	-8829	5721	1428	-2211	771	
3010	-8810	5805	1449	-2206	745	
2906	-8791	5889	1470	-2201	718	
2802	-8768	5972	1490	-2196	692	
2697	-8745	6054	1510	-2190	666	
2593	-8722	6135	1529	-2184	640	
2489	-8696	6214	1549	-2178	614	
2384	-8669	6294	1569	-2170	587	
2278	-8640	6372	1589	-2162	561	
2171	-8611	6449	1607	-2155	534	
2064	-8580	6526	1625	-2148	507	
1958	-8549	6601	1645	-2139	482	
1849	-8515	6675	1662	-2131	455	
1743	-8480	6747	1682	-2122	429	
1635	-8444	6820	1699	-2113	402	
1525	-8407	6891	1716	-2104	375	
1418	-8369	6961	1734	-2094	348	
1308	-8329	7031	1750	-2084	322	
1199	-8289	7098	1768	-2073	295	
1090	-8247	7166	1783	-2063	267	
981	-8202	7232	1800	-2051	241	
872	-8158	7296	1817	-2039	214	
761	-8112	7360	1831	-2028	186	
654	-8065	7423	1846	-2016	161	
543	-8016	7483	1863	-2004	137	
434	-7967	7544	1877	-1992	111	
325	-7916	7605	1890	-1978	86	
214	-7864	7661	1906	-1964	62	
104	-7811	7718	1920	-1952	36	
-5	-7756	7774	1932	-1938	11	
-115	-7701	7828	1947	-1924	-15	
-225	-7645	7883	1961	-1910	-49	
-335	-7587	7935	1971	-1896	-91	
-444	-7528	7986	1984	-1879	-134	
-554	-7467	8035	1997	-1864	-166	
-665	-7406	8083	2008	-1850	-185	
-774	-7344	8131	2019	-1834	-201	
-882	-7281	8178	2032	-1818	-223	
-992	-7217	8223	2042	-1801	-254	
-1101	-7151	8266	2053	-1785	-284	
-1209	-7084	8309	2063	-1768	-312	
-1318	-7016	8350	2073	-1752	-339	
-1428	-6948	8390	2084	-1734	-365	
-1537	-6878	8429	2093	-1716	-392	
-1646	-6807	8466	2100	-1699	-421	
-1752	-6736	8503	2109	-1681	-449	
-1859	-6662	8537	2120	-1662	-473	
-1964	-6588	8570	2128	-1642	-498	
-2070	-6512	8603	2135	-1624	-525	
-2179	-6437	8633	2142	-1606	-553	
-2284	-6360	8663	2149	-1586	-579	
-2389	-6283	8692	2156	-1565	-606	
-2495	-6204	8719	2164	-1546	-632	
-2600	-6123	8745	2169	-1526	-658	
-2706	-6043	8769	2174	-1505	-684	
-2810	-5961	8793	2181	-1485	-711	
-2915	-5879	8814	2186	-1464	-736	
-3019	-5797	8834	2191	-1443	-762	
-3122	-5711	8853	2195	-1422	-790	
-3225	-5627	8872	2200	-1400	-813	
-3327	-5541	8888	2204	-1377	-839	
-3429	-5454	8903	2208	-1356	-863	
-3529	-5367	8917	2211	-1335	-890	
-3630	-5278	8929	2213	-1312	-916	
-3730	-5189	8941	2216	-1291	-940	
-3829	-5099	8951	2218	-1269	-965	
-3929	-5008	8959	2220	-1245	-989	
-4028	-4917	8965	2222	-1221	-1013	
-4125	-4825	8971	2224	-1200	-1038	
-4223	-4732	8976	2224	-1176	-1062	
-4319	-4638	8978	2226	-1151	-1086	
-4415	-4544	8981	2225	-1128	-1111	
-4512	-4449	8981	2225	-1104	-1134	
-4605	-4353	8979	2225	-1079	-1158	
-4699	-4257	8978	2225	-1056	-1182	
-4792	-4160	8974	2222	-1032	-1205	
-4885	-4061	8968	2221	-1008	-1227	
-4976	-3963	8963	2218	-983	-1251	
-5067	-3864	8954	2216	-957	-1273	
-5158	-3764	8946	2215	-933	-1295	
-5247	-3663	8936	2212	-909	-1317	
-5337	-3563	8923	2208	-882	-1340	
-5425	-3462	8910	2205	-858	-1362	
-5511	-3361	8895	2202	-832	-1383	
-5597	-3258	8880	2197	-806	-1404	
-5683	-3156	8862	2193	-780	-1426	
-5768	-3052	8843	2188	-754	-1446	
-5852	-2948	8824	2183	-729	-1467	
-5934	-2845	8802	2178	-703	-1488	
-6017	-2740	8780	2171	-679	-1508	
-6097	-2635	8756	2166	-651	-1529	
-6177	-2529	8732	2160	-625	-1548	
-6256	-2423	8706	2152	-599	-1567	
-6334	-2317	8677	2145	-573	-1586	
-6411	-2211	8648	2138	-545	-1607	
-6489	-2104	8617	2130	-519	-1625	
-6563	-1997	8586	2122	-491	-1643	
-6636	-1891	8553	2114	-464	-1663	
-6710	-1783	8519	2106	-438	-1680	
-6783	-1675	8483	2095	-413	-1700	
-6855	-1566	8447	2086	-385	-1716	
-6925	-1457	8408	2078	-357	-1733	
-6994	-1349	8369	2066	-331	-1751	
-7063	-1240	8328	2056	-305	-1768	
-7129	-1131	8286	2047	-277	-1785	
-7195	-1023	8243	2035	-250	-1801	
-7260	-913	8200	2023	-224	-1817	
-7326	-804	8153	2014	-196	-1832	
-7388	-694	8106	2001	-170	-1848	
-7447	-584	8059	1988	-144	-1864	
-7508	-474	8009	1978	-117	-1879	
-7569	-366	7959	1964	-91	-1893	
-7627	-256	7907	1949	-66	-1908	
-7684	-145	7855	1937	-41	-1922	
-7740	-35	7800	1925	-14	-1935	
-7795	76	7745	1910	11	-1948	
-7847	186	7689	1896	36	-1963	
-7900	296	7631	1882	65	-1976	
-7952	405	7573	1866	97	-1988	
-8003	515	7513	1852	134	-2000	
-8052	625	7451	1838	169	-2011	
-8099	734	7390	1821	199	-2023	
-8146	844	7327	1806	224	-2035	
-8190	953	7262	1790	246	-2046	
-8234	1063	7196	1773	271	-2058	
-8278	1172	7131	1757	296	-2069	
-8319	1280	7064	1740	325	-2078	
-8358	1391	6995	1722	355	-2088	
-8398	1498	6924	1705	382	-2098	
-8435	1607	6854	1688	409	-2106	
-8472	1716	6782	1670	435	-2115	
-8507	1823	6710	1652	462	-2124	
-8542	1931	6637	1632	490	-2132	
-8574	2037	6561	1615	516	-2140	
-8605	2144	6485	1595	542	-2148	
-8636	2251	6408	1575	569	-2155	
-8663	2358	6330	1558	597	-2162	
-8690	2464	6252	1538	624	-2168	
-8717	2569	6172	1518	649	-2174	
-8742	2674	6092	1497	674	-2181	
-8766	2779	6010	1478	701	-2187	
-8788	2884	5929	1457	727	-2192	
-8810	2988	5846	1437	753	-2197	
-8829	3092	5761	1416	779	-2202	
-8848	3194	5676	1394	804	-2206	
-8865	3297	5591	1372	831	-2210	
-8880	3399	5505	1351	857	-2214	
-8894	3500	5417	1330	881	-2216	
-8907	3602	5329	1308	907	-2220	
-8918	3702	5239	1286	932	-2224	
-8928	3802	5149	1264	957	-2224	
-8937	3902	5060	1242	982	-2227	
-8944	4001	4968	1216	1006	-2229	
-8951	4098	4874	1194	1030	-2230	
-8955	4196	4782	1171	1055	-2232	
-8960	4293	4689	1148	1079	-2233	
-8962	4388	4594	1126	1103	-2232	
-8962	4484	4499	1101	1127	-2232	
-8962	4580	4403	1076	1151	-2232	
-8959	4673	4307	1053	1174	-2231	
-8955	4768	4210	1030	1198	-2230	
-8952	4860	4113	1005	1221	-2229	
-8945	4952	4014	982	1244	-2227	
-8938	5044	3916	958	1267	-2224	
-8930	5135	3816	932	1289	-2222	
-8919	5224	3716	906	1311	-2220	
-8907	5314	3616	881	1333	-2217	
-8895	5403	3514	857	1355	-2214	
-8882	5490	3413	831	1377	-2209	
-8865	5576	3310	805	1398	-2206	
-8849	5662	3207	781	1421	-2202	
-8833	5747	3105	755	1440	-2197	
-8812	5832	3001	730	1461	-2192	
-8790	5914	2897	705	1483	-2186	
-8769	5996	2792	678	1503	-2180	
-8745	6078	2688	653	1525	-2174	
-8722	6159	2584	627	1544	-2168	
-8695	6238	2477	600	1563	-2160	
-8667	6317	2371	574	1582	-2155	
-8639	6395	2265	547	1601	-2147	
-8609	6472	2158	521	1620	-2140	
-8578	6547	2049	496	1639	-2132	
-8546	6622	1942	468	1659	-2124	
-8511	6696	1835	442	1676	-2116	
-8476	6769	1726	415	1694	-2106	
-8442	6840	1618	388	1711	-2096	
-8403	6910	1509	363	1729	-2086	
-8363	6981	1401	337	1748	-2078	
-8323	7049	1291	308	1764	-2068	
-8283	7116	1182	281	1779	-2058	
-8240	7184	1073	257	1797	-2046	
-8196	7249	963	229	1812	-2036	
-8152	7315	854	202	1828	-2023	
-8105	7377	744	176	1845	-2011	
-8057	7438	634	150	1860	-2000	
-8010	7500	525	125	1876	-1986	
-7960	7558	415	98	1891	-1974	
-7909	7618	304	74	1904	-1962	
-7857	7676	194	47	1918	-1948	
-7801	7732	84	19	1933	-1935	
-7747	7787	-26	-7	1947	-1922	
-7692	7841	-135	-40	1960	-1909	
-7633	7895	-246	-77	1972	-1895	
-7576	7946	-356	-109	1984	-1879	
-7517	7997	-466	-140	1997	-1864	
-7458	8047	-576	-163	2010	-1849	
-7396	8094	-685	-185	2021	-1832	
-7333	8141	-795	-209	2034	-1816	
-7270	8188	-905	-237	2044	-1801	
-7204	8232	-1014	-266	2055	-1785	
-7139	8274	-1124	-293	2066	-1768	
-7073	8316	-1232	-321	2076	-1752	
-7005	8357	-1341	-347	2087	-1734	
-6934	8397	-1450	-374	2096	-1717	
-6864	8436	-1558	-403	2105	-1700	
-6793	8472	-1667	-430	2114	-1682	
-6720	8507	-1776	-455	2123	-1663	
-6648	8542	-1883	-482	2132	-1643	
-6573	8576	-1990	-509	2140	-1626	
-6498	8608	-2097	-535	2148	-1607	
-6422	8638	-2204	-561	2155	-1586	
-6345	8667	-2311	-588	2161	-1568	
-6268	8695	-2417	-614	2169	-1548	
-6188	8722	-2525	-640	2175	-1528	
-6107	8747	-2631	-668	2181	-1509	
-6027	8771	-2736	-693	2187	-1488	
-5945	8794	-2840	-718	2193	-1468	
-5862	8814	-2944	-744	2199	-1448	
-5780	8834	-3048	-771	2202	-1427	
-5696	8852	-3151	-796	2206	-1406	
-5611	8871	-3254	-821	2211	-1385	
-5524	8888	-3357	-847	2215	-1362	
-5437	8901	-3458	-872	2218	-1341	
-5350	8914	-3560	-898	2221	-1319	
-5261	8926	-3661	-922	2224	-1296	
-5172	8937	-3761	-946	2226	-1275	
-5083	8947	-3862	-971	2230	-1251	
-4993	8954	-3960	-995	2230	-1229	
-4899	8961	-4059	-1020	2232	-1207	
-4807	8965	-4157	-1044	2234	-1182	
-4715	8970	-4254	-1066	2235	-1158	
-4619	8972	-4351	-1093	2234	-1136	
-4525	8974	-4447	-1117	2234	-1112	
-4431	8974	-4543	-1139	2234	-1087	
-4335	8972	-4637	-1164	2233	-1065	
-4238	8970	-4731	-1187	2233	-1041	
-4141	8965	-4824	-1209	2231	-1016	
-4043	8960	-4916	-1232	2229	-991	
-3945	8952	-5008	-1255	2228	-967	
-3845	8944	-5099	-1277	2226	-941	
-3744	8935	-5189	-1299	2223	-916	
-3645	8925	-5279	-1322	2221	-892	
-3544	8912	-5368	-1343	2218	-866	
-3443	8898	-5456	-1364	2214	-840	
-3342	8883	-5543	-1387	2209	-815	
-3239	8866	-5629	-1408	2205	-790	
-3137	8850	-5714	-1428	2201	-764	
-3033	8831	-5798	-1449	2196	-738	
-2929	8810	-5882	-1470	2190	-713	
-2824	8789	-5965	-1490	2185	-686	
-2721	8766	-6047	-1510	2179	-660	
-2616	8743	-6128	-1531	2172	-634	
-2510	8716	-6208	-1550	2167	-606	
-2405	8689	-6286	-1568	2160	-581	
-2298	8661	-6365	-1588	2152	-555	
-2192	8632	-6442	-1606	2144	-529	
-2087	8601	-6519	-1626	2137	-502	
-1979	8568	-6595	-1646	2129	-475	
-1872	8536	-6668	-1663	2119	-449	
-1765	8501	-6742	-1680	2110	-422	
-1657	8464	-6813	-1699	2101	-395	
-1549	8428	-6884	-1717	2091	-369	
-1442	8390	-6955	-1734	2082	-341	
-1335	8350	-7024	-1751	2073	-315	
-1225	8310	-7091	-1769	2061	-288	
-1116	8267	-7159	-1783	2051	-260	
-1006	8222	-7225	-1800	2040	-235	
-897	8178	-7290	-1815	2031	-208	
-788	8132	-7354	-1832	2017	-181	
-678	8086	-7416	-1849	2003	-154	
-568	8038	-7477	-1862	1993	-127	
-458	7988	-7538	-1879	1980	-103	
-348	7937	-7597	-1892	1968	-76	
-238	7885	-7655	-1905	1955	-51	
-129	7831	-7712	-1920	1941	-27	
-19	7777	-7768	-1933	1927	-3	
90	7722	-7823	-1946	1914	23	
200	7665	-7875	-1960	1898	49	
311	7608	-7928	-1973	1883	79	
420	7549	-7980	-1984	1870	118	
530	7489	-8030	-1997	1855	158	
639	7427	-8078	-2010	1838	191	
748	7364	-8125	-2022	1822	218	
858	7301	-8171	-2032	1808	237	
967	7237	-8216	-2044	1791	258	
1077	7172	-8260	-2055	1774	283	
1186	7105	-8303	-2064	1757	312	
1294	7037	-8345	-2074	1740	343	
1404	6968	-8384	-2084	1723	371	
1512	6899	-8422	-2092	1705	397	
1619	6828	-8460	-2103	1687	423	
1727	6755	-8495	-2112	1667	449	
1836	6682	-8530	-2119	1651	478	
1944	6609	-8565	-2127	1633	504	
2049	6534	-8596	-2135	1613	530	
2157	6458	-8628	-2143	1593	558	
2263	6381	-8658	-2150	1574	584	
2369	6303	-8686	-2157	1555	611	
2475	6224	-8712	-2163	1535	638	
2580	6145	-8739	-2170	1515	663	
2685	6064	-8763	-2176	1495	691	
2789	5982	-8787	-2181	1473	715	
2893	5900	-8808	-2184	1454	743	
2997	5816	-8829	-2192	1433	768	
3100	5732	-8848	-2198	1411	793	
3203	5647	-8866	-2198	1390	820	
3307	5562	-8883	-2203	1370	845	
3408	5474	-8897	-2207	1348	871	
3508	5386	-8911	-2210	1325	895	
3610	5299	-8924	-2213	1303	920	
3710	5210	-8936	-2216	1280	945	
3810	5120	-8946	-2218	1258	969	
3909	5029	-8953	-2220	1235	995	
4007	4937	-8960	-2221	1213	1019	
4104	4845	-8965	-2222	1189	1043	
4200	4752	-8971	-2223	1165	1068	
4297	4658	-8974	-2224	1143	1093	
4393	4564	-8974	-2223	1118	1117	
4489	4469	-8975	-2223	1096	1139	
4584	4373	-8975	-2223	1072	1163	
4678	4276	-8973	-2222	1047	1187	
4771	4179	-8968	-2223	1022	1210	
4862	4082	-8963	-2220	997	1233	
4954	3984	-8956	-2218	972	1255	
5046	3885	-8948	-2217	947	1277	
5136	3786	-8940	-2214	923	1301	
5225	3685	-8930	-2211	898	1323	
5313	3584	-8918	-2209	873	1344	
5401	3483	-8904	-2204	848	1367	
5491	3381	-8889	-2200	823	1389	
5575	3279	-8873	-2197	797	1409	
5660	3176	-8857	-2193	772	1431	
5746	3074	-8838	-2187	747	1453	
5829	2970	-8818	-2181	720	1473	
5912	2865	-8798	-2177	693	1493	
5993	2762	-8774	-2171	667	1514	
6074	2657	-8750	-2165	641	1534	
6155	2551	-8726	-2159	615	1554	
6233	2445	-8699	-2152	588	1574	
6312	2339	-8672	-2145	563	1593	
6388	2233	-8643	-2138	535	1611	
6466	2126	-8612	-2130	509	1630	
6541	2019	-8580	-2121	483	1651	
6615	1913	-8547	-2114	455	1667	
6689	1805	-8513	-2103	430	1686	
6760	1696	-8477	-2094	402	1704	
6833	1587	-8440	-2087	375	1722	
6903	1479	-8403	-2077	349	1740	
6971	1371	-8363	-2067	321	1756	
7039	1261	-8323	-2057	295	1774	
7106	1153	-8281	-2046	268	1790	
7173	1044	-8237	-2035	242	1806	
7237	934	-8192	-2024	216	1823	
7302	824	-8147	-2012	188	1839	
7365	715	-8101	-2001	162	1854	
7427	605	-8053	-1989	136	1867	
7487	495	-8003	-1976	111	1884	
7546	386	-7953	-1964	86	1898	
7604	276	-7901	-1952	58	1911	
7661	165	-7848	-1938	34	1927	
7716	56	-7794	-1924	8	1941	
7771	-54	-7738	-1911	-23	1954	
7826	-165	-7682	-1896	-56	1968	
7878	-274	-7625	-1883	-93	1980	
7930	-385	-7567	-1867	-128	1992	
7979	-494	-7507	-1852	-158	2005	
8027	-604	-7445	-1836	-178	2017	
8076	-714	-7384	-1821	-201	2029	
8123	-823	-7320	-1807	-227	2040	
8168	-932	-7257	-1788	-253	2051	
8211	-1042	-7191	-1773	-284	2062	
8254	-1151	-7125	-1759	-314	2072	
8297	-1260	-7058	-1739	-340	2083	
8336	-1368	-6989	-1721	-366	2093	
8374	-1477	-6919	-1705	-392	2103	
8412	-1585	-6847	-1687	-420	2112	
8449	-1693	-6777	-1668	-446	2121	
8483	-1801	-6704	-1652	-474	2130	
8517	-1909	-6629	-1633	-502	2138	
8551	-2016	-6555	-1614	-527	2147	
8583	-2122	-6480	-1596	-554	2153	
8612	-2228	-6402	-1576	-581	2161	
8641	-2336	-6325	-1556	-607	2168	
8669	-2441	-6246	-1537	-633	2174	
8695	-2547	-6167	-1518	-661	2181	
8721	-2652	-6086	-1499	-688	2186	
8743	-2756	-6005	-1476	-713	2193	
8765	-2862	-5923	-1456	-740	2198	
8786	-2966	-5840	-1436	-765	2202	
8805	-3069	-5756	-1414	-791	2207	
8823	-3173	-5670	-1394	-817	2212	
8840	-3276	-5585	-1372	-843	2216	
8855	-3377	-5498	-1350	-867	2220	
8869	-3479	-5410	-1330	-894	2222	
8883	-3580	-5322	-1306	-917	2225	
8894	-3679	-5234	-1284	-941	2228	
8906	-3780	-5144	-1261	-967	2231	
8914	-3880	-5053	-1240	-993	2233	
8921	-3978	-4961	-1218	-1018	2235	
8928	-4076	-4870	-1194	-1042	2237	
8931	-4174	-4777	-1171	-1066	2237	
8935	-4272	-4683	-1148	-1090	2238	
8937	-4368	-4588	-1124	-1114	2238	
8939	-4462	-4494	-1100	-1138	2239	
8937	-4558	-4398	-1077	-1162	2238	
8935	-4652	-4301	-1053	-1186	2237	
8932	-4745	-4205	-1029	-1208	2236	
8928	-4839	-4107	-1004	-1231	2234	
8922	-4931	-4008	-979	-1253	2233	
8913	-5023	-3909	-954	-1275	2232	
8906	-5113	-3809	-931	-1300	2229	
8896	-5202	-3709	-906	-1322	2226	
8884	-5292	-3609	-880	-1343	2223	
8871	-5380	-3508	-855	-1367	2220	
8856	-5468	-3405	-830	-1387	2215	
8841	-5554	-3304	-806	-1409	2212	
8825	-5639	-3202	-780	-1431	2208	
8808	-5724	-3098	-754	-1452	2202	
8787	-5809	-2994	-728	-1472	2198	
8767	-5892	-2890	-701	-1493	2193	
8745	-5974	-2785	-676	-1514	2186	
8721	-6057	-2681	-650	-1533	2180	
8698	-6137	-2576	-624	-1553	2175	
8672	-6216	-2470	-598	-1574	2167	
8644	-6295	-2364	-572	-1594	2160	
8615	-6373	-2256	-547	-1613	2154	
8586	-6450	-2149	-520	-1632	2146	
8554	-6525	-2041	-492	-1650	2139	
8521	-6600	-1934	-465	-1669	2130	
8488	-6674	-1827	-439	-1687	2121	
8452	-6746	-1718	-414	-1705	2111	
8417	-6819	-1612	-385	-1722	2104	
8381	-6890	-1503	-358	-1739	2094	
8340	-6959	-1394	-332	-1757	2082	
8300	-7027	-1285	-306	-1774	2073	
8259	-7095	-1175	-279	-1790	2062	
8217	-7162	-1066	-252	-1808	2052	
8173	-7228	-957	-227	-1825	2041	
8128	-7292	-848	-200	-1839	2029	
8082	-7355	-738	-172	-1854	2018	
8034	-7417	-629	-147	-1871	2005	
7986	-7478	-519	-120	-1886	1993	
7936	-7537	-409	-93	-1901	1981	
7883	-7596	-297	-69	-1916	1966	
7831	-7655	-187	-42	-1930	1955	
7778	-7711	-78	-15	-1943	1942	
7723	-7766	33	10	-1955	1927	
7667	-7821	142	34	-1970	1912	
7610	-7874	252	63	-1984	1898	
7553	-7924	363	93	-1996	1884	
7495	-7976	472	124	-2010	1868	
7434	-8025	583	159	-2021	1854	
7372	-8073	693	190	-2034	1839	
7309	-8120	802	217	-2044	1823	
7246	-8165	912	241	-2055	1807	
7180	-8210	1021	265	-2067	1790	
7114	-8253	1130	292	-2077	1773	
7048	-8296	1239	319	-2088	1757	
6979	-8337	1349	347	-2098	1739	
6911	-8376	1458	375	-2106	1721	
6841	-8413	1566	400	-2117	1703	
6770	-8450	1675	427	-2127	1686	
6698	-8487	1782	455	-2134	1668	
6625	-8521	1890	481	-2143	1649	
6550	-8554	1998	509	-2151	1631	
6475	-8586	2106	535	-2158	1613	
6399	-8617	2214	561	-2166	1593	
6322	-8646	2320	588	-2172	1574	
6243	-8673	2426	614	-2179	1554	
6164	-8700	2533	640	-2187	1534	
6084	-8725	2638	664	-2194	1513	
6003	-8749	2743	693	-2198	1493	
5923	-8772	2848	720	-2202	1474	
5839	-8793	2952	744	-2209	1452	
5756	-8813	3055	770	-2214	1431	
5672	-8831	3157	797	-2218	1411	
5586	-8850	3262	822	-2222	1389	
5501	-8866	3363	846	-2225	1368	
5414	-8880	3466	870	-2230	1346	
5326	-8894	3568	897	-2232	1324	
5237	-8905	3668	922	-2235	1302	
5147	-8916	3769	947	-2239	1280	
5058	-8926	3868	971	-2240	1257	
4968	-8933	3968	995	-2242	1234	
4875	-8941	4067	1021	-2242	1211	
4784	-8946	4163	1044	-2243	1188	
4692	-8949	4260	1069	-2245	1165	
4597	-8952	4358	1092	-2246	1142	
4503	-8953	4454	1115	-2245	1118	
4407	-8953	4549	1139	-2244	1094	
4311	-8951	4643	1162	-2244	1070	
4214	-8948	4738	1186	-2243	1045	
4117	-8944	4831	1209	-2243	1022	
4020	-8938	4924	1231	-2242	997	
3920	-8931	5016	1255	-2238	973	
3822	-8924	5107	1278	-2236	949	
3723	-8914	5196	1299	-2234	922	
3623	-8903	5285	1321	-2230	897	
3521	-8891	5374	1344	-2227	873	
3420	-8878	5462	1366	-2223	848	
3320	-8863	5549	1385	-2222	821	
3217	-8846	5636	1407	-2216	796	
3114	-8828	5722	1428	-2212	771	
3011	-8809	5805	1449	-2207	744	
2907	-8789	5889	1470	-2201	718	
2802	-8768	5972	1491	-2196	692	
2698	-8745	6054	1511	-2189	667	
2593	-8721	6135	1531	-2184	641	
2489	-8696	6215	1552	-2177	616	
2384	-8668	6294	1570	-2170	589	
2277	-8640	6372	1589	-2161	560	
2171	-8611	6449	1609	-2154	535	
2063	-8579	6525	1628	-2146	510	
1958	-8548	6600	1645	-2140	482	
1851	-8515	6675	1663	-2131	455	
1742	-8480	6749	1680	-2121	429	
1634	-8444	6820	1699	-2113	401	
1527	-8408	6891	1717	-2103	375	
1418	-8369	6961	1735	-2093	349	
1307	-8329	7031	1750	-2083	321	
1198	-8288	7100	1767	-2073	295	
1091	-8245	7166	1785	-2061	269	
981	-8202	7231	1801	-2050	241	
871	-8158	7296	1817	-2039	215	
762	-8112	7360	1832	-2027	188	
653	-8065	7422	1848	-2015	163	
544	-8017	7484	1862	-2004	136	
434	-7966	7544	1877	-1991	111	
325	-7915	7603	1892	-1979	86	
215	-7864	7662	1905	-1965	60	
106	-7811	7718	1920	-1952	36	
-5	-7757	7774	1934	-1939	11	
-115	-7701	7829	1948	-1924	-16	
-225	-7644	7883	1960	-1911	-49	
-335	-7587	7935	1973	-1895	-89	
