-5091	-3839	8952	2216	-952	-1278	
-5182	-3738	8943	2214	-928	-1302	
-5270	-3638	8932	2212	-901	-1323	
-5359	-3538	8920	2209	-876	-1345	
-5447	-3436	8906	2204	-850	-1368	
-5533	-3334	8891	2201	-825	-1386	
-5620	-3232	8875	2197	-800	-1409	
-5705	-3129	8857	2191	-775	-1431	
-5789	-3026	8839	2187	-749	-1452	
-5873	-2922	8820	2181	-722	-1474	
-5953	-2818	8797	2177	-697	-1494	
-6037	-2713	8774	2170	-671	-1514	
-6119	-2608	8750	2163	-644	-1533	
-6197	-2502	8725	2158	-618	-1552	
-6277	-2397	8698	2151	-592	-1573	
-6353	-2291	8669	2144	-564	-1592	
-6430	-2184	8639	2137	-538	-1612	
-6507	-2076	8610	2129	-512	-1631	
-6583	-1970	8578	2122	-484	-1648	
-6658	-1862	8544	2113	-458	-1666	
-6730	-1755	8510	2103	-431	-1684	
-6803	-1647	8474	2095	-404	-1703	
-6874	-1538	8437	2084	-378	-1721	
-6942	-1430	8398	2074	-350	-1738	
-7011	-1322	8358	2065	-324	-1756	
-7079	-1212	8318	2054	-297	-1772	
-7147	-1104	8276	2044	-270	-1789	
-7212	-995	8233	2033	-243	-1805	
-7277	-885	8187	2023	-217	-1821	
-7341	-775	8141	2011	-189	-1838	
-7402	-666	8094	1998	-162	-1852	
-7464	-557	8046	1987	-137	-1866	
-7524	-447	7996	1973	-109	-1882	
-7581	-337	7945	1960	-85	-1897	
-7642	-226	7895	1949	-59	-1910	
-7699	-116	7841	1935	-33	-1925	
-7753	-6	7785	1920	-10	-1939	
-7809	104	7732	1907	17	-1952	
-7862	213	7675	1893	43	-1966	
-7914	324	7616	1878	73	-1979	
-7965	433	7558	1863	107	-1990	
-8015	543	7497	1848	142	-2004	
-8064	653	7436	1834	178	-2015	
-8109	762	7373	1818	206	-2026	
-8156	872	7309	1801	229	-2038	
-8201	982	7246	1786	253	-2049	
-8244	1091	7181	1769	277	-2059	
-8288	1200	7113	1752	304	-2070	
-8330	1310	7046	1736	334	-2080	
-8370	1417	6978	1719	362	-2090	
-8407	1526	6907	1701	389	-2099	
-8444	1635	6835	1683	417	-2109	
-8480	1742	6763	1666	443	-2117	
-8515	1850	6690	1647	469	-2127	
-8549	1958	6616	1627	497	-2136	
-8582	2065	6541	1611	525	-2143	
-8614	2171	6465	1591	549	-2151	
-8644	2279	6388	1570	575	-2158	
-8672	2385	6311	1553	603	-2164	
-8697	2490	6232	1532	630	-2170	
-8723	2596	6152	1513	655	-2178	
-8749	2701	6071	1493	683	-2184	
-8772	2806	5990	1472	709	-2188	
-8794	2911	5907	1451	734	-2194	
-8814	3014	5824	1430	760	-2199	
-8833	3118	5740	1409	786	-2204	
-8852	3221	5655	1388	813	-2208	
-8868	3323	5568	1367	839	-2212	
-8883	3425	5481	1345	863	-2216	
-8897	3526	5394	1324	888	-2218	
-8909	3627	5305	1301	913	-2222	
-8921	3728	5215	1279	938	-2225	
-8929	3827	5126	1257	963	-2227	
-8939	3926	5035	1233	988	-2228	
-8947	4026	4943	1211	1012	-2230	
-8952	4123	4851	1188	1037	-2231	
-8956	4221	4758	1165	1061	-2232	
-8958	4319	4664	1142	1086	-2232	
-8960	4415	4569	1118	1110	-2232	
-8961	4510	4474	1096	1134	-2232	
-8959	4604	4378	1072	1158	-2232	
-8958	4698	4281	1047	1181	-2231	
-8955	4793	4184	1025	1204	-2229	
-8949	4884	4087	999	1226	-2228	
-8944	4976	3988	973	1249	-2227	
-8935	5068	3889	950	1272	-2225	
-8926	5158	3790	925	1293	-2222	
-8918	5247	3690	901	1317	-2220	
-8905	5337	3589	875	1340	-2217	
-8892	5425	3488	850	1361	-2213	
-8877	5511	3386	826	1383	-2210	
-8861	5598	3284	799	1404	-2206	
-8844	5684	3181	776	1426	-2199	
-8825	5768	3078	749	1447	-2196	
-8806	5853	2975	723	1468	-2191	
-8785	5935	2870	699	1490	-2184	
-8762	6017	2765	670	1507	-2180	
-8740	6099	2660	645	1528	-2173	
-8715	6179	2555	621	1548	-2167	
-8688	6257	2450	593	1568	-2160	
-8661	6336	2343	568	1588	-2152	
-8632	6415	2236	541	1606	-2146	
-8601	6491	2129	514	1625	-2138	
-8569	6567	2022	488	1645	-2130	
-8536	6641	1914	461	1663	-2123	
-8503	6715	1806	435	1681	-2113	
-8467	6787	1697	408	1699	-2104	
-8430	6858	1589	381	1718	-2095	
-8393	6929	1481	354	1734	-2084	
-8353	6998	1372	328	1751	-2075	
-8313	7067	1263	301	1768	-2065	
-8271	7135	1154	276	1785	-2055	
-8229	7201	1044	250	1802	-2043	
-8184	7265	934	222	1818	-2031	
-8139	7329	826	195	1834	-2020	
-8094	7393	717	169	1849	-2008	
-8045	7453	606	144	1865	-1996	
-7995	7515	496	118	1879	-1984	
-7946	7575	387	91	1894	-1972	
-7894	7633	277	67	1910	-1957	
-7841	7690	166	39	1922	-1946	
-7788	7746	55	12	1934	-1933	
-7733	7801	-54	-16	1950	-1918	
-7677	7855	-164	-50	1962	-1904	
-7620	7909	-275	-84	1976	-1890	
-7562	7960	-385	-118	1988	-1876	
-7501	8010	-494	-145	2001	-1859	
-7441	8058	-605	-168	2013	-1843	
-7381	8105	-715	-192	2025	-1828	
-7317	8153	-825	-216	2036	-1812	
-7252	8198	-934	-246	2046	-1797	
-7187	8242	-1043	-274	2058	-1780	
-7120	8286	-1153	-300	2070	-1763	
-7054	8328	-1261	-329	2078	-1747	
-6986	8367	-1370	-356	2088	-1729	
-6916	8406	-1480	-382	2098	-1712	
-6846	8445	-1588	-409	2107	-1695	
-6775	8481	-1695	-436	2117	-1677	
-6703	8517	-1803	-463	2126	-1658	
-6628	8550	-1911	-489	2133	-1639	
-6554	8584	-2019	-516	2143	-1621	
-6479	8615	-2125	-542	2150	-1602	
-6403	8645	-2233	-568	2157	-1582	
-6324	8673	-2340	-596	2164	-1562	
-6247	8701	-2445	-622	2171	-1543	
-6167	8728	-2552	-647	2179	-1523	
-6086	8753	-2658	-673	2184	-1502	
-6006	8777	-2762	-700	2188	-1484	
-5924	8799	-2868	-726	2194	-1463	
-5841	8819	-2971	-750	2199	-1442	
-5758	8840	-3075	-777	2203	-1420	
-5673	8858	-3178	-802	2208	-1399	
-5587	8875	-3281	-828	2213	-1378	
-5501	8891	-3383	-854	2216	-1358	
-5414	8904	-3484	-878	2219	-1336	
-5326	8918	-3586	-903	2223	-1311	
-5236	8928	-3686	-927	2226	-1289	
-5148	8939	-3786	-952	2227	-1268	
-5057	8949	-3887	-977	2230	-1244	
-4967	8956	-3985	-1000	2233	-1222	
-4876	8963	-4084	-1026	2232	-1199	
-4782	8966	-4182	-1050	2233	-1175	
-4689	8970	-4279	-1074	2234	-1152	
-4596	8973	-4376	-1099	2234	-1128	
-4501	8974	-4471	-1122	2234	-1104	
-4404	8974	-4566	-1146	2235	-1080	
-4308	8972	-4661	-1169	2234	-1056	
-4212	8968	-4755	-1192	2232	-1033	
-4114	8964	-4848	-1215	2230	-1008	
-4018	8959	-4940	-1237	2230	-983	
-3919	8951	-5031	-1260	2228	-959	
-3819	8941	-5123	-1282	2226	-934	
-3719	8932	-5213	-1304	2224	-908	
-3618	8921	-5302	-1327	2219	-885	
-3518	8908	-5391	-1349	2215	-860	
-3417	8894	-5478	-1371	2213	-834	
-3315	8880	-5565	-1392	2209	-808	
-3214	8863	-5650	-1413	2204	-783	
-3110	8845	-5736	-1435	2201	-758	
-3006	8825	-5821	-1456	2195	-732	
-2902	8806	-5903	-1476	2190	-706	
-2797	8783	-5986	-1497	2183	-679	
-2693	8760	-6067	-1516	2177	-653	
-2589	8736	-6150	-1535	2172	-627	
-2483	8709	-6229	-1554	2164	-601	
-2376	8682	-6308	-1575	2157	-574	
-2271	8654	-6386	-1594	2151	-548	
-2165	8624	-6462	-1613	2142	-523	
-2057	8593	-6538	-1632	2135	-494	
-1953	8561	-6613	-1650	2126	-468	
-1846	8527	-6686	-1668	2118	-442	
-1738	8492	-6760	-1685	2109	-414	
-1630	8456	-6832	-1704	2099	-389	
-1521	8418	-6902	-1721	2090	-361	
-1414	8379	-6973	-1740	2079	-336	
-1306	8339	-7041	-1757	2069	-309	
-1196	8299	-7109	-1771	2061	-280	
-1086	8255	-7176	-1790	2048	-255	
-978	8211	-7242	-1805	2037	-228	
-869	8167	-7306	-1820	2027	-201	
-758	8120	-7370	-1836	2013	-175	
-648	8073	-7432	-1851	2002	-148	
-538	8025	-7493	-1866	1990	-121	
-430	7976	-7554	-1881	1976	-94	
-320	7923	-7613	-1895	1965	-69	
-209	7871	-7670	-1909	1951	-45	
-99	7817	-7726	-1923	1938	-20	
10	7763	-7782	-1938	1924	4	
119	7708	-7837	-1950	1909	29	
229	7651	-7890	-1963	1896	57	
338	7593	-7942	-1976	1880	89	
448	7533	-7993	-1989	1865	129	
559	7473	-8042	-2000	1850	168	
666	7411	-8090	-2012	1834	199	
776	7348	-8136	-2024	1819	223	
887	7285	-8184	-2035	1804	242	
996	7220	-8227	-2045	1786	264	
1104	7154	-8271	-2056	1769	291	
1212	7087	-8313	-2067	1753	321	
1322	7019	-8354	-2076	1736	351	
1432	6950	-8394	-2085	1719	378	
1540	6880	-8431	-2095	1701	404	
1648	6809	-8469	-2103	1684	431	
1757	6736	-8506	-2112	1666	457	
1864	6663	-8540	-2122	1646	484	
1970	6589	-8574	-2129	1628	512	
2076	6514	-8605	-2137	1608	538	
2184	6437	-8635	-2145	1588	564	
2291	6359	-8665	-2151	1570	591	
2396	6283	-8694	-2159	1551	617	
2501	6204	-8719	-2165	1531	645	
2606	6124	-8745	-2171	1510	670	
2711	6043	-8770	-2177	1490	697	
2816	5960	-8793	-2181	1471	725	
2920	5878	-8813	-2187	1449	747	
3024	5795	-8834	-2191	1428	774	
3126	5710	-8853	-2196	1407	801	
3230	5625	-8870	-2201	1384	826	
3333	5538	-8887	-2204	1362	852	
3434	5451	-8901	-2208	1341	876	
3535	5363	-8915	-2211	1320	901	
3635	5275	-8927	-2215	1297	927	
3735	5186	-8938	-2217	1274	951	
3835	5096	-8947	-2218	1252	976	
3933	5005	-8955	-2220	1228	1001	
4031	4913	-8962	-2223	1205	1026	
4130	4821	-8968	-2223	1183	1051	
4227	4727	-8971	-2223	1160	1074	
4322	4633	-8973	-2225	1137	1098	
4418	4539	-8975	-2224	1113	1122	
4514	4444	-8975	-2224	1088	1146	
4608	4347	-8974	-2224	1064	1170	
4701	4251	-8971	-2223	1039	1193	
4795	4154	-8967	-2222	1015	1215	
4889	4056	-8962	-2219	992	1238	
4979	3958	-8955	-2219	967	1262	
5068	3858	-8946	-2217	942	1285	
5160	3758	-8937	-2213	917	1307	
5249	3659	-8927	-2212	891	1329	
5338	3558	-8914	-2208	866	1349	
5425	3456	-8901	-2203	843	1372	
5510	3355	-8886	-2201	816	1393	
5597	3252	-8869	-2196	789	1415	
5683	3149	-8852	-2192	764	1437	
5768	3046	-8834	-2187	739	1458	
5849	2942	-8812	-2181	713	1479	
5933	2838	-8791	-2176	686	1499	
6016	2734	-8769	-2169	660	1520	
6096	2629	-8745	-2164	635	1540	
6176	2523	-8719	-2158	608	1558	
6254	2417	-8691	-2151	582	1579	
6332	2311	-8663	-2145	555	1597	
6409	2205	-8633	-2135	529	1617	
6485	2098	-8604	-2127	503	1636	
6561	1990	-8572	-2122	475	1652	
6635	1884	-8538	-2112	448	1673	
6708	1776	-8504	-2103	423	1691	
6780	1668	-8468	-2094	395	1708	
6850	1559	-8431	-2084	368	1727	
6920	1451	-8392	-2075	343	1744	
6990	1343	-8352	-2065	315	1760	
7059	1234	-8312	-2055	288	1778	
7124	1123	-8269	-2043	262	1794	
7191	1015	-8226	-2033	234	1811	
7256	905	-8182	-2022	207	1827	
7319	795	-8135	-2008	182	1843	
7381	687	-8087	-1996	156	1859	
7441	577	-8040	-1986	128	1872	
7503	466	-7991	-1973	102	1887	
7563	356	-7939	-1961	79	1903	
7619	246	-7887	-1948	51	1916	
7675	136	-7835	-1933	27	1931	
7731	26	-7779	-1920	1	1945	
7787	-84	-7724	-1907	-32	1958	
7841	-193	-7668	-1892	-66	1970	
7892	-303	-7609	-1878	-103	1982	
7945	-413	-7551	-1863	-136	1996	
7993	-523	-7491	-1847	-162	2009	
8041	-633	-7430	-1832	-184	2021	
8089	-743	-7368	-1815	-206	2033	
8135	-853	-7305	-1800	-233	2045	
8179	-962	-7240	-1787	-264	2054	
8224	-1071	-7174	-1768	-293	2064	
8265	-1180	-7107	-1752	-319	2076	
8306	-1288	-7039	-1736	-346	2085	
8346	-1397	-6971	-1718	-373	2095	
8384	-1506	-6900	-1700	-401	2106	
8423	-1613	-6828	-1682	-428	2115	
8459	-1721	-6757	-1664	-454	2123	
8494	-1829	-6685	-1645	-481	2132	
8527	-1937	-6610	-1627	-507	2141	
8559	-2043	-6534	-1609	-535	2147	
8590	-2150	-6459	-1588	-561	2156	
8620	-2257	-6382	-1570	-587	2164	
8649	-2363	-6304	-1552	-615	2170	
8675	-2469	-6226	-1531	-642	2177	
8703	-2575	-6147	-1512	-667	2183	
8726	-2680	-6065	-1493	-693	2189	
8749	-2785	-5983	-1471	-720	2195	
8771	-2889	-5901	-1451	-746	2199	
8791	-2992	-5818	-1430	-772	2204	
8812	-3095	-5734	-1409	-798	2209	
8829	-3199	-5649	-1388	-824	2214	
8844	-3301	-5562	-1366	-848	2218	
8859	-3403	-5475	-1345	-873	2220	
8874	-3506	-5387	-1322	-898	2225	
8887	-3606	-5299	-1300	-924	2228	
8897	-3706	-5210	-1278	-949	2229	
8908	-3805	-5121	-1256	-975	2233	
8917	-3904	-5029	-1234	-999	2234	
8923	-4005	-4937	-1211	-1023	2236	
8928	-4102	-4845	-1188	-1048	2238	
8933	-4199	-4751	-1165	-1072	2238	
8935	-4297	-4658	-1141	-1097	2238	
8937	-4393	-4564	-1118	-1121	2238	
8939	-4488	-4469	-1095	-1146	2237	
8936	-4583	-4373	-1070	-1167	2237	
8934	-4677	-4276	-1046	-1189	2237	
8931	-4771	-4178	-1024	-1215	2235	
8926	-4864	-4080	-999	-1238	2235	
8919	-4956	-3983	-973	-1261	2232	
8912	-5046	-3884	-950	-1284	2230	
8904	-5136	-3785	-925	-1305	2228	
8892	-5226	-3684	-899	-1328	2224	
8880	-5316	-3582	-875	-1349	2223	
8867	-5404	-3481	-850	-1372	2218	
8852	-5491	-3379	-824	-1393	2214	
8838	-5577	-3277	-799	-1414	2211	
8821	-5663	-3174	-774	-1437	2205	
8802	-5747	-3071	-746	-1456	2200	
8782	-5831	-2967	-721	-1477	2195	
8761	-5914	-2863	-697	-1500	2190	
8739	-5996	-2759	-670	-1519	2185	
8715	-6078	-2654	-643	-1540	2179	
8690	-6159	-2548	-616	-1560	2172	
8665	-6238	-2441	-592	-1579	2166	
8637	-6317	-2334	-567	-1599	2158	
8608	-6394	-2228	-540	-1619	2149	
8577	-6470	-2122	-514	-1637	2144	
8545	-6545	-2014	-486	-1655	2137	
8512	-6619	-1905	-459	-1674	2128	
8479	-6693	-1798	-432	-1691	2118	
8443	-6765	-1690	-406	-1708	2110	
8407	-6837	-1582	-379	-1727	2101	
8369	-6909	-1475	-353	-1745	2090	
8330	-6977	-1365	-328	-1763	2081	
8290	-7045	-1256	-300	-1779	2070	
8248	-7113	-1147	-272	-1796	2059	
8205	-7179	-1037	-246	-1812	2049	
8161	-7245	-928	-219	-1828	2038	
8116	-7309	-819	-192	-1845	2026	
8069	-7371	-709	-166	-1860	2015	
8021	-7433	-598	-140	-1875	2002	
7974	-7495	-489	-113	-1890	1990	
7923	-7554	-379	-87	-1904	1979	
7870	-7612	-269	-62	-1918	1964	
7818	-7670	-159	-35	-1932	1952	
7764	-7726	-49	-9	-1946	1937	
7709	-7780	61	15	-1962	1923	
7654	-7834	171	43	-1974	1910	
7595	-7887	282	71	-1987	1894	
7537	-7937	392	102	-2000	1881	
7478	-7989	501	134	-2011	1866	
7417	-8038	612	166	-2024	1850	
7356	-8086	723	198	-2036	1836	
7292	-8133	831	223	-2049	1820	
7229	-8178	940	248	-2058	1802	
7164	-8222	1050	273	-2068	1786	
7097	-8264	1160	298	-2080	1768	
7030	-8306	1269	329	-2088	1752	
6962	-8347	1377	356	-2099	1736	
6893	-8386	1486	382	-2110	1718	
6823	-8424	1595	409	-2119	1700	
6750	-8460	1704	435	-2129	1682	
6679	-8495	1812	463	-2137	1664	
6606	-8529	1919	489	-2145	1645	
6531	-8562	2026	516	-2153	1626	
6455	-8594	2134	542	-2161	1608	
6379	-8624	2242	568	-2168	1588	
6302	-8654	2349	595	-2176	1569	
6224	-8681	2455	621	-2182	1549	
6144	-8707	2560	648	-2187	1529	
6063	-8731	2666	674	-2194	1509	
5983	-8756	2770	699	-2200	1489	
5902	-8778	2874	724	-2206	1468	
5819	-8799	2978	750	-2211	1446	
5734	-8819	3082	777	-2215	1426	
5648	-8837	3187	802	-2219	1404	
5565	-8855	3288	828	-2223	1383	
5478	-8870	3391	854	-2228	1361	
5391	-8884	3493	878	-2231	1340	
5303	-8896	3593	903	-2234	1318	
5213	-8908	3695	928	-2238	1294	
5125	-8919	3794	953	-2237	1273	
5034	-8928	3895	977	-2241	1250	
4943	-8937	3994	1001	-2243	1226	
4851	-8943	4091	1028	-2244	1205	
4759	-8947	4190	1050	-2246	1181	
4665	-8950	4286	1074	-2245	1158	
4571	-8953	4383	1099	-2246	1135	
4476	-8954	4480	1122	-2245	1110	
4381	-8952	4575	1146	-2246	1087	
4286	-8951	4669	1169	-2245	1062	
4189	-8948	4763	1193	-2243	1038	
4092	-8943	4855	1215	-2243	1014	
3993	-8937	4948	1237	-2241	989	
3895	-8929	5039	1261	-2238	966	
3796	-8921	5130	1283	-2236	940	
3696	-8912	5220	1304	-2234	914	
3595	-8900	5310	1327	-2230	890	
3495	-8888	5398	1349	-2227	865	
3395	-8874	5486	1370	-2223	840	
3292	-8859	5573	1392	-2219	815	
3188	-8843	5659	1413	-2215	788	
3086	-8824	5744	1434	-2211	763	
2984	-8804	5827	1456	-2206	738	
2881	-8784	5911	1476	-2199	711	
2775	-8762	5994	1496	-2194	686	
2669	-8740	6075	1516	-2188	660	
2565	-8715	6155	1537	-2181	633	
2460	-8689	6236	1555	-2175	607	
2353	-8661	6315	1574	-2169	581	
2248	-8633	6392	1594	-2162	555	
2144	-8602	6469	1612	-2153	528	
2037	-8572	6545	1631	-2146	501	
1928	-8540	6621	1650	-2136	476	
1821	-8506	6694	1668	-2129	448	
1714	-8471	6768	1686	-2119	421	
1606	-8434	6839	1704	-2110	395	
1497	-8397	6910	1721	-2101	368	
1389	-8359	6980	1739	-2091	343	
1280	-8319	7048	1757	-2081	314	
1171	-8277	7116	1772	-2069	287	
1063	-8234	7183	1790	-2057	262	
953	-8191	7248	1806	-2048	235	
842	-8145	7314	1820	-2038	208	
733	-8099	7377	1835	-2025	182	
624	-8052	7439	1849	-2013	155	
514	-8003	7500	1866	-2000	129	
404	-7953	7561	1881	-1989	104	
294	-7903	7620	1896	-1975	79	
185	-7850	7677	1910	-1962	55	
75	-7796	7733	1924	-1949	30	
-35	-7742	7789	1939	-1934	6	
-145	-7686	7843	1951	-1920	-24	
-254	-7629	7896	1964	-1905	-60	
-363	-7572	7949	1977	-1889	-102	
-475	-7512	8000	1987	-1877	-145	
-585	-7452	8048	1999	-1862	-172	
-694	-7390	8097	2013	-1845	-188	
-802	-7327	8144	2024	-1829	-206	
-911	-7264	8190	2035	-1813	-231	
-1022	-7199	8235	2046	-1796	-262	
-1131	-7133	8279	2057	-1779	-292	
-1240	-7067	8320	2066	-1763	-319	
-1349	-6998	8361	2075	-1747	-346	
-1457	-6928	8400	2087	-1730	-372	
-1567	-6858	8439	2095	-1711	-399	
-1674	-6787	8475	2105	-1692	-427	
-1780	-6716	8511	2114	-1675	-453	
-1888	-6643	8547	2122	-1656	-479	
-1995	-6568	8579	2130	-1638	-506	
-2100	-6491	8612	2138	-1619	-533	
-2206	-6415	8642	2144	-1599	-561	
-2312	-6339	8671	2151	-1580	-587	
-2418	-6261	8699	2158	-1561	-612	
-2525	-6182	8725	2165	-1541	-639	
-2629	-6102	8751	2171	-1521	-665	
-2735	-6021	8776	2177	-1500	-691	
-2839	-5940	8799	2182	-1481	-719	
-2942	-5857	8820	2188	-1458	-744	
-3048	-5774	8840	2192	-1437	-769	
-3151	-5689	8858	2197	-1417	-795	
-3253	-5604	8877	2201	-1394	-820	
-3355	-5518	8892	2204	-1374	-846	
-3456	-5430	8907	2209	-1351	-872	
-3557	-5343	8921	2211	-1329	-897	
-3657	-5255	8932	2214	-1308	-922	
-3758	-5165	8944	2217	-1283	-947	
-3858	-5074	8952	2218	-1262	-972	
-3957	-4984	8960	2221	-1239	-996	
-4056	-4892	8967	2222	-1217	-1021	
-4152	-4799	8973	2222	-1194	-1046	
-4249	-4707	8977	2225	-1168	-1069	
-4346	-4612	8979	2224	-1147	-1094	
-4442	-4518	8981	2224	-1123	-1118	
-4536	-4424	8981	2225	-1098	-1140	
-4631	-4326	8980	2224	-1075	-1164	
-4725	-4230	8977	2223	-1050	-1187	
-4818	-4133	8972	2221	-1026	-1210	
-4908	-4035	8967	2219	-1002	-1233	
-5000	-3937	8960	2219	-977	-1256	
-5093	-3836	8953	2216	-952	-1280	
-5183	-3737	8942	2214	-926	-1301	
-5270	-3636	8932	2211	-901	-1323	
-5358	-3535	8920	2207	-876	-1346	
-5448	-3435	8906	2205	-850	-1367	
-5536	-3333	8891	2201	-824	-1389	
-5621	-3231	8875	2195	-800	-1409	
-5706	-3127	8856	2191	-775	-1431	
-5789	-3025	8837	2187	-749	-1452	
-5874	-2920	8819	2182	-723	-1473	
-5957	-2816	8797	2176	-696	-1494	
-6038	-2711	8774	2170	-671	-1513	
-6118	-2606	8750	2164	-644	-1533	
-6199	-2502	8724	2158	-617	-1554	
-6278	-2396	8698	2150	-592	-1573	
-6353	-2289	8669	2144	-564	-1591	
-6430	-2183	8640	2136	-536	-1611	
-6509	-2076	8609	2128	-510	-1630	
-6583	-1968	8577	2121	-484	-1649	
-6657	-1861	8544	2111	-459	-1667	
-6730	-1754	8509	2101	-432	-1686	
-6802	-1646	8474	2094	-405	-1703	
-6874	-1537	8436	2084	-378	-1721	
-6944	-1428	8397	2074	-351	-1739	
-7013	-1320	8357	2064	-324	-1755	
-7080	-1210	8317	2055	-297	-1772	
-7147	-1101	8275	2044	-270	-1789	
-7212	-994	8231	2032	-243	-1806	
-7276	-884	8186	2023	-215	-1820	
-7340	-773	8141	2010	-189	-1837	
-7403	-665	8094	1998	-162	-1853	
-7463	-554	8045	1988	-135	-1867	
-7523	-445	7996	1973	-111	-1882	
-7584	-335	7945	1961	-84	-1895	
-7641	-226	7893	1948	-58	-1912	
-7700	-115	7840	1933	-33	-1927	
-7756	-4	7785	1920	-8	-1939	
-7809	105	7729	1907	18	-1953	
-7861	215	7673	1893	45	-1965	
-7913	325	7616	1878	74	-1979	
-7966	434	7556	1863	108	-1990	
-8015	544	7498	1848	144	-2003	
-8063	654	7436	1834	179	-2016	
-8111	765	7373	1819	207	-2026	
-8157	874	7310	1803	231	-2038	
-8202	983	7244	1786	253	-2049	
-8245	1092	7179	1770	277	-2059	
-8287	1202	7113	1754	306	-2070	
-8330	1311	7045	1735	333	-2080	
-8371	1420	6976	1718	363	-2090	
-8408	1528	6906	1701	390	-2100	
-8445	1636	6835	1684	416	-2108	
-8480	1744	6763	1667	443	-2116	
-8515	1853	6689	1645	469	-2126	
-8551	1960	6615	1628	496	-2135	
-8582	2066	6541	1610	524	-2142	
-8614	2174	6464	1590	551	-2151	
-8644	2279	6388	1570	576	-2158	
-8671	2386	6310	1552	603	-2164	
-8699	2493	6231	1533	630	-2171	
-8724	2598	6151	1512	655	-2177	
-8749	2703	6070	1493	682	-2183	
-8773	2808	5989	1471	709	-2189	
-8795	2912	5907	1450	735	-2193	
-8814	3015	5822	1429	760	-2199	
-8834	3119	5738	1409	786	-2203	
-8852	3223	5653	1387	812	-2209	
-8869	3324	5566	1367	837	-2214	
-8883	3426	5480	1346	863	-2216	
-8897	3528	5393	1322	888	-2220	
-8910	3628	5305	1300	913	-2222	
-8921	3729	5215	1279	938	-2225	
-8931	3829	5125	1257	963	-2226	
-8939	3928	5034	1234	988	-2227	
-8947	4026	4943	1211	1013	-2231	
-8953	4125	4850	1187	1037	-2232	
-8957	4222	4757	1165	1061	-2232	
-8960	4319	4663	1142	1086	-2233	
-8960	4415	4569	1118	1109	-2232	
-8962	4510	4473	1095	1133	-2233	
-8962	4606	4377	1072	1157	-2233	
-8958	4699	4281	1047	1181	-2232	
-8955	4793	4183	1023	1205	-2231	
-8950	4886	4085	999	1225	-2229	
-8945	4977	3987	974	1249	-2227	
-8936	5069	3888	949	1273	-2224	
-8925	5160	3788	924	1293	-2221	
-8916	5250	3689	899	1317	-2220	
-8906	5338	3589	875	1339	-2216	
-8892	5425	3486	850	1360	-2212	
-8876	5513	3384	824	1382	-2209	
-8862	5600	3282	799	1403	-2204	
-8844	5685	3179	776	1427	-2199	
-8825	5769	3076	748	1447	-2196	
-8806	5854	2972	722	1468	-2191	
-8783	5937	2869	697	1489	-2184	
-8763	6019	2765	670	1508	-2180	
-8740	6100	2659	645	1529	-2173	
-8714	6181	2554	619	1548	-2168	
-8688	6260	2448	592	1568	-2161	
-8659	6337	2341	567	1588	-2152	
-8632	6415	2235	540	1606	-2145	
-8601	6491	2128	513	1627	-2136	
-8569	6567	2020	487	1644	-2129	
-8538	6642	1913	461	1661	-2121	
-8502	6715	1805	436	1681	-2111	
-8467	6788	1697	409	1699	-2104	
-8430	6859	1588	382	1717	-2093	
-8392	6930	1479	355	1736	-2084	
-8354	6999	1371	327	1752	-2075	
-8313	7068	1261	301	1768	-2064	
-8272	7134	1153	274	1785	-2054	
-8228	7201	1043	248	1802	-2042	
-8183	7266	934	222	1818	-2030	
-8139	7330	824	196	1834	-2020	
-8092	7393	713	170	1849	-2008	
-8045	7454	605	143	1863	-1997	
-7995	7515	495	117	1879	-1983	
-7945	7575	385	92	1894	-1971	
-7895	7633	275	66	1909	-1959	
-7841	7692	165	41	1922	-1945	
-7788	7748	55	14	1937	-1930	
-7733	7802	-56	-17	1951	-1916	
-7675	7856	-166	-50	1962	-1904	
-7620	7909	-276	-84	1975	-1889	
-7561	7960	-386	-117	1989	-1875	
-7500	8010	-496	-146	2001	-1860	
-7441	8060	-606	-168	2014	-1843	
-7378	8107	-716	-192	2025	-1828	
-7316	8153	-825	-219	2037	-1812	
-7252	8199	-935	-246	2047	-1797	
-7187	8243	-1044	-275	2059	-1781	
-7122	8286	-1153	-301	2069	-1763	
-7053	8328	-1263	-328	2078	-1747	
-6984	8368	-1372	-356	2088	-1729	
-6914	8407	-1480	-381	2098	-1711	
-6844	8445	-1589	-409	2107	-1694	
-6775	8481	-1698	-436	2117	-1676	
-6702	8517	-1804	-463	2125	-1658	
-6628	8551	-1912	-490	2134	-1639	
-6553	8584	-2020	-516	2142	-1620	
-6477	8615	-2127	-542	2150	-1601	
-6401	8646	-2233	-568	2158	-1582	
-6323	8674	-2340	-597	2163	-1564	
-6244	8701	-2447	-622	2171	-1544	
-6166	8729	-2553	-647	2178	-1523	
-6087	8753	-2658	-677	2182	-1505	
-6005	8777	-2763	-700	2188	-1483	
-5922	8799	-2867	-725	2193	-1462	
-5839	8820	-2972	-752	2199	-1441	
-5757	8840	-3076	-777	2204	-1420	
-5673	8858	-3179	-802	2208	-1400	
-5586	8875	-3282	-828	2214	-1378	
-5499	8891	-3384	-854	2216	-1356	
-5412	8905	-3486	-879	2219	-1334	
-5325	8918	-3588	-904	2222	-1311	
-5236	8930	-3688	-929	2225	-1289	
-5146	8940	-3788	-953	2228	-1267	
-5057	8949	-3888	-978	2230	-1244	
-4966	8956	-3987	-1002	2231	-1221	
-4874	8962	-4085	-1027	2232	-1200	
-4781	8968	-4183	-1051	2234	-1176	
-4688	8971	-4280	-1074	2234	-1152	
-4594	8972	-4377	-1098	2234	-1128	
-4500	8974	-4472	-1122	2235	-1104	
-4404	8974	-4568	-1145	2234	-1081	
-4307	8972	-4662	-1168	2234	-1056	
-4210	8969	-4756	-1193	2233	-1032	
-4113	8963	-4849	-1215	2231	-1008	
-4015	8958	-4941	-1237	2231	-984	
-3916	8951	-5033	-1261	2228	-960	
-3818	8942	-5124	-1283	2225	-934	
-3717	8932	-5214	-1304	2224	-908	
-3617	8921	-5303	-1328	2219	-883	
-3517	8909	-5392	-1349	2216	-858	
-3413	8894	-5480	-1371	2213	-833	
-3314	8880	-5565	-1393	2208	-809	
-3213	8863	-5653	-1413	2204	-783	
-3109	8844	-5738	-1435	2199	-757	
-3005	8825	-5822	-1455	2195	-731	
-2900	8805	-5905	-1476	2189	-706	
-2797	8783	-5987	-1497	2183	-679	
-2692	8760	-6069	-1515	2179	-653	
-2586	8735	-6150	-1535	2172	-628	
-2481	8709	-6229	-1554	2165	-600	
-2375	8681	-6308	-1574	2158	-573	
-2269	8653	-6386	-1594	2150	-548	
-2163	8624	-6463	-1612	2143	-521	
-2056	8592	-6539	-1632	2134	-493	
-1949	8559	-6614	-1650	2126	-467	
-1845	8527	-6688	-1668	2118	-441	
-1737	8492	-6761	-1686	2109	-414	
-1629	8455	-6833	-1703	2099	-388	
-1520	8418	-6904	-1722	2089	-361	
-1413	8378	-6974	-1739	2079	-334	
-1304	8339	-7043	-1755	2070	-307	
-1194	8297	-7110	-1771	2060	-280	
-1086	8255	-7176	-1788	2049	-253	
-976	8212	-7243	-1804	2037	-227	
-868	8165	-7307	-1820	2025	-200	
-758	8120	-7370	-1836	2014	-174	
-646	8072	-7432	-1852	2001	-147	
-537	8023	-7494	-1867	1989	-121	
-428	7974	-7554	-1881	1976	-95	
-319	7923	-7614	-1896	1964	-70	
-208	7871	-7672	-1910	1951	-44	
-98	7817	-7727	-1923	1938	-19	
11	7762	-7782	-1939	1922	3	
121	7706	-7836	-1951	1909	28	
232	7649	-7890	-1963	1896	57	
341	7592	-7942	-1977	1880	89	
449	7532	-7993	-1987	1865	128	
559	7472	-8042	-2000	1850	168	
669	7411	-8091	-2013	1834	200	
778	7348	-8138	-2023	1818	222	
888	7284	-8184	-2036	1802	242	
997	7219	-8229	-2047	1785	264	
1106	7153	-8272	-2057	1770	292	
1215	7086	-8313	-2066	1754	322	
1325	7018	-8354	-2076	1735	352	
1434	6949	-8394	-2087	1716	379	
1540	6879	-8433	-2095	1702	405	
1649	6808	-8469	-2105	1683	430	
1757	6736	-8506	-2115	1663	456	
1865	6664	-8541	-2121	1645	485	
1973	6588	-8573	-2129	1626	512	
2079	6511	-8605	-2137	1608	539	
2186	6436	-8636	-2145	1589	565	
2292	6360	-8666	-2152	1570	592	
2399	6281	-8694	-2158	1550	619	
2504	6202	-8721	-2165	1530	645	
2608	6122	-8746	-2171	1510	672	
2713	6042	-8770	-2176	1490	697	
2817	5960	-8793	-2181	1470	724	
2922	5877	-8813	-2187	1449	751	
3026	5793	-8834	-2192	1427	775	
3128	5709	-8853	-2196	1406	801	
3231	5624	-8871	-2202	1383	825	
3333	5537	-8886	-2205	1363	851	
3434	5451	-8901	-2207	1341	877	
3536	5363	-8915	-2211	1317	901	
3636	5275	-8927	-2214	1296	927	
3737	5185	-8938	-2217	1274	953	
3836	5095	-8947	-2219	1251	978	
3933	5003	-8955	-2220	1228	1001	
4034	4912	-8962	-2221	1206	1026	
4131	4819	-8967	-2222	1184	1051	
4227	4726	-8972	-2224	1159	1074	
4325	4632	-8974	-2223	1135	1099	
4420	4537	-8975	-2223	1112	1124	
4516	4443	-8976	-2224	1088	1145	
4610	4347	-8974	-2224	1064	1170	
4702	4249	-8971	-2223	1041	1194	
4796	4153	-8967	-2221	1016	1216	
4889	4055	-8962	-2221	991	1238	
4981	3956	-8955	-2219	966	1261	
5070	3857	-8947	-2216	943	1285	
5160	3758	-8937	-2214	917	1307	
5250	3657	-8926	-2210	892	1330	
5338	3556	-8913	-2206	868	1353	
5425	3455	-8900	-2204	842	1372	
5513	3353	-8886	-2199	816	1395	
5598	3251	-8868	-2195	790	1417	
5685	3149	-8852	-2192	764	1436	
5769	3045	-8834	-2186	737	1458	
5850	2941	-8813	-2181	713	1479	
5934	2837	-8790	-2176	687	1498	
6017	2733	-8768	-2170	660	1519	
6097	2627	-8745	-2163	634	1539	
6176	2522	-8718	-2156	609	1559	
6255	2417	-8692	-2150	583	1579	
6333	2309	-8663	-2143	554	1598	
6410	2203	-8633	-2135	528	1617	
6487	2097	-8603	-2126	504	1636	
6560	1989	-8570	-2119	476	1655	
6636	1882	-8538	-2111	449	1674	
6710	1774	-8503	-2102	421	1692	
6781	1665	-8467	-2093	395	1709	
6852	1558	-8430	-2084	368	1727	
6921	1450	-8392	-2074	340	1744	
6990	1341	-8353	-2064	316	1761	
7059	1232	-8311	-2054	288	1777	
7125	1123	-8269	-2044	260	1794	
7191	1014	-8225	-2033	234	1812	
7255	904	-8181	-2022	207	1825	
7319	795	-8135	-2009	182	1841	
7381	685	-8087	-1997	156	1857	
7442	575	-8039	-1987	129	1872	
7503	466	-7989	-1972	103	1887	
7563	355	-7940	-1959	77	1902	
7622	245	-7888	-1948	52	1917	
7676	135	-7834	-1934	26	1931	
7731	25	-7779	-1920	-2	1944	
7787	-85	-7724	-1906	-32	1958	
7841	-195	-7668	-1892	-67	1970	
7894	-305	-7610	-1878	-104	1984	
7945	-415	-7551	-1864	-139	1996	
7994	-525	-7491	-1849	-165	2007	
8043	-634	-7428	-1831	-184	2020	
8088	-744	-7367	-1817	-207	2031	
8135	-853	-7304	-1802	-235	2043	
8179	-963	-7239	-1784	-263	2055	
8224	-1072	-7173	-1768	-292	2065	
8267	-1180	-7106	-1752	-320	2076	
8307	-1290	-7039	-1734	-347	2086	
8346	-1397	-6970	-1718	-374	2095	
8386	-1506	-6899	-1701	-401	2105	
8423	-1615	-6829	-1682	-428	2114	
8459	-1723	-6756	-1664	-455	2123	
8494	-1831	-6683	-1645	-482	2132	
8528	-1937	-6610	-1627	-508	2140	
8561	-2045	-6533	-1609	-534	2148	
8591	-2152	-6457	-1589	-561	2155	
8622	-2258	-6381	-1572	-589	2163	
8649	-2363	-6303	-1552	-616	2170	
8676	-2470	-6225	-1530	-641	2176	
8702	-2576	-6144	-1511	-668	2182	
8725	-2681	-6065	-1491	-694	2189	
8749	-2786	-5983	-1470	-720	2195	
8771	-2890	-5899	-1450	-746	2200	
8791	-2994	-5817	-1430	-773	2204	
8811	-3098	-5732	-1409	-799	2209	
8829	-3200	-5647	-1386	-822	2214	
8846	-3303	-5561	-1365	-849	2218	
8860	-3405	-5474	-1344	-875	2221	
8874	-3506	-5386	-1321	-898	2226	
8887	-3607	-5297	-1300	-924	2227	
8897	-3707	-5208	-1279	-951	2229	
8907	-3807	-5118	-1256	-975	2233	
8916	-3907	-5027	-1233	-1000	2234	
8923	-4006	-4937	-1210	-1024	2236	
8928	-4103	-4844	-1186	-1049	2237	
8932	-4200	-4750	-1164	-1073	2238	
8936	-4298	-4656	-1141	-1097	2237	
8937	-4394	-4562	-1118	-1121	2238	
8937	-4490	-4467	-1093	-1144	2239	
8938	-4585	-4371	-1071	-1168	2238	
8935	-4679	-4275	-1046	-1191	2237	
8932	-4773	-4178	-1019	-1214	2237	
8926	-4865	-4079	-997	-1238	2235	
8919	-4957	-3981	-973	-1262	2232	
8912	-5048	-3881	-950	-1283	2231	
8903	-5138	-3782	-925	-1305	2229	
8894	-5228	-3682	-898	-1329	2225	
8881	-5316	-3581	-874	-1350	2222	
8867	-5404	-3480	-848	-1372	2219	
8852	-5492	-3378	-824	-1394	2215	
8837	-5578	-3275	-798	-1416	2210	
8819	-5664	-3172	-772	-1438	2206	
8802	-5749	-3070	-747	-1458	2201	
8782	-5832	-2965	-720	-1477	2197	
8760	-5915	-2862	-695	-1499	2192	
8739	-5998	-2757	-670	-1519	2186	
8715	-6079	-2651	-644	-1541	2180	
8690	-6159	-2546	-617	-1560	2172	
8664	-6238	-2440	-591	-1580	2166	
8637	-6317	-2333	-565	-1600	2159	
8608	-6395	-2227	-538	-1617	2152	
8577	-6471	-2120	-513	-1637	2144	
8545	-6547	-2012	-485	-1655	2135	
8512	-6621	-1905	-459	-1674	2127	
8479	-6694	-1797	-433	-1693	2118	
8443	-6766	-1690	-405	-1709	2109	
8407	-6838	-1580	-379	-1727	2100	
8370	-6908	-1473	-353	-1746	2089	
8330	-6978	-1364	-325	-1762	2081	
8290	-7047	-1254	-300	-1779	2071	
8248	-7113	-1146	-273	-1796	2060	
8204	-7180	-1036	-246	-1813	2049	
8161	-7245	-927	-219	-1828	2037	
8116	-7310	-817	-192	-1844	2026	
8069	-7373	-708	-166	-1860	2014	
8021	-7434	-598	-138	-1875	2003	
7972	-7494	-488	-113	-1891	1990	
7921	-7554	-378	-88	-1905	1976	
7870	-7613	-267	-60	-1919	1964	
7817	-7669	-156	-36	-1934	1950	
7762	-7726	-46	-11	-1948	1936	
7709	-7781	63	16	-1961	1924	
7652	-7834	173	42	-1974	1909	
7595	-7887	283	70	-1987	1894	
7537	-7938	394	102	-2000	1879	
7478	-7990	503	135	-2012	1865	
7417	-8039	611	168	-2025	1850	
7354	-8086	723	198	-2037	1835	
7292	-8133	833	223	-2048	1819	
7227	-8178	942	248	-2058	1802	
7161	-8221	1053	272	-2069	1785	
7096	-8265	1161	299	-2080	1768	
7029	-8307	1270	328	-2090	1752	
6960	-8348	1379	354	-2101	1734	
6892	-8387	1487	382	-2110	1717	
6822	-8424	1596	409	-2119	1700	
6748	-8461	1704	435	-2129	1681	
6677	-8496	1813	462	-2137	1663	
6604	-8529	1920	489	-2145	1644	
6530	-8563	2027	516	-2153	1625	
6454	-8595	2135	543	-2160	1607	
6378	-8626	2243	569	-2168	1587	
6301	-8655	2350	597	-2174	1568	
6222	-8681	2456	622	-2181	1548	
6142	-8707	2561	649	-2188	1528	
6062	-8731	2666	677	-2193	1509	
5981	-8756	2772	699	-2201	1488	
5899	-8779	2876	725	-2206	1467	
5816	-8800	2980	752	-2210	1447	
5733	-8819	3083	777	-2216	1426	
5648	-8838	3187	803	-2220	1404	
5564	-8855	3290	827	-2223	1383	
5477	-8870	3392	853	-2227	1362	
5389	-8884	3493	879	-2230	1339	
5302	-8897	3594	903	-2233	1317	
5212	-8908	3695	929	-2236	1296	
5122	-8919	3797	954	-2238	1273	
5032	-8929	3896	978	-2240	1250	
4942	-8936	3995	1004	-2241	1228	
4851	-8943	4093	1026	-2243	1204	
4757	-8947	4191	1050	-2245	1181	
4664	-8951	4289	1075	-2246	1158	
4570	-8953	4385	1099	-2246	1134	
4475	-8954	4480	1123	-2245	1110	
4380	-8953	4574	1145	-2246	1086	
4285	-8951	4670	1169	-2244	1061	
4188	-8949	4764	1192	-2245	1037	
4090	-8944	4856	1214	-2245	1012	
3992	-8938	4949	1238	-2240	988	
3894	-8930	5041	1261	-2237	965	
3794	-8921	5132	1284	-2234	940	
3694	-8911	5222	1304	-2232	916	
3595	-8901	5310	1327	-2231	890	
3493	-8888	5399	1349	-2228	863	
3393	-8874	5486	1371	-2223	839	
3290	-8859	5573	1393	-2219	814	
3187	-8842	5660	1414	-2215	789	
3085	-8823	5745	1434	-2211	764	
2982	-8804	5828	1455	-2206	737	
2879	-8783	5912	1476	-2200	712	
2773	-8762	5994	1495	-2195	685	
2669	-8739	6076	1515	-2189	658	
2565	-8714	6157	1537	-2181	632	
2458	-8688	6237	1555	-2175	606	
2353	-8662	6315	1574	-2168	580	
2248	-8632	6393	1595	-2160	554	
2141	-8602	6470	1612	-2154	526	
2034	-8572	6546	1631	-2145	500	
1927	-8539	6622	1650	-2136	475	
1819	-8506	6696	1668	-2129	448	
1713	-8471	6768	1687	-2120	421	
1604	-8434	6840	1704	-2110	394	
1496	-8397	6912	1722	-2101	368	
1388	-8357	6981	1738	-2091	340	
1280	-8317	7049	1756	-2080	314	
1170	-8277	7118	1775	-2068	287	
1059	-8234	7184	1787	-2059	260	
951	-8190	7250	1804	-2049	234	
841	-8146	7315	1821	-2036	207	
731	-8099	7378	1835	-2025	181	
623	-8051	7439	1851	-2013	155	
513	-8003	7501	1867	-2000	130	
403	-7953	7562	1880	-1987	104	
293	-7902	7621	1895	-1975	78	
184	-7849	7678	1910	-1961	54	
74	-7795	7734	1924	-1948	29	
-37	-7741	7789	1938	-1934	5	
-144	-7686	7844	1951	-1919	-24	
-255	-7629	7897	1963	-1905	-60	
-365	-7570	7950	1974	-1890	-103	
-473	-7512	8000	1987	-1876	-145	
-585	-7451	8049	2001	-1861	-171	
-694	-7388	8097	2012	-1845	-188	
-803	-7327	8144	2024	-1829	-206	
-913	-7264	8189	2035	-1812	-230	
-1024	-7197	8235	2046	-1797	-261	
-1133	-7132	8279	2057	-1779	-293	
-1241	-7065	8321	2067	-1763	-320	
-1350	-6997	8362	2077	-1747	-345	
-1459	-6928	8401	2088	-1726	-370	
-1567	-6858	8439	2096	-1710	-398	
-1674	-6786	8477	2105	-1692	-426	
-1781	-6714	8512	2114	-1674	-453	
-1889	-6641	8546	2120	-1657	-481	
-1995	-6567	8580	2129	-1638	-507	
-2101	-6491	8612	2137	-1619	-534	
-2208	-6416	8642	2144	-1599	-561	
-2313	-6339	8672	2153	-1580	-586	
-2421	-6261	8700	2159	-1561	-613	
-2526	-6182	8727	2165	-1540	-639	
-2631	-6100	8752	2172	-1521	-666	
-2736	-6020	8776	2177	-1500	-691	
-2840	-5939	8798	2183	-1478	-717	
-2945	-5856	8820	2187	-1458	-745	
-3048	-5773	8839	2193	-1436	-770	
-3151	-5687	8858	2198	-1415	-795	
-3254	-5603	8877	2200	-1396	-821	
-3356	-5516	8892	2205	-1374	-847	
-3456	-5429	8907	2209	-1352	-873	
-3558	-5342	8922	2211	-1329	-897	
-3659	-5253	8932	2215	-1307	-922	
-3759	-5163	8943	2216	-1285	-947	
-3859	-5073	8954	2219	-1262	-972	
-3957	-4983	8961	2220	-1240	-997	
-4057	-4891	8968	2222	-1216	-1021	
-4154	-4798	8973	2224	-1192	-1045	
-4251	-4705	8977	2225	-1169	-1070	
-4347	-4611	8979	2225	-1144	-1094	
-4442	-4517	8980	2225	-1122	-1116	
-4539	-4421	8980	2225	-1098	-1140	
-4633	-4326	8979	2223	-1073	-1165	
-4725	-4229	8976	2222	-1050	-1188	
-4820	-4132	8973	2223	-1026	-1211	
-4911	-4034	8967	2221	-1001	-1233	
-5003	-3934	8959	2219	-976	-1256	
