-4939	-4004	8965	2220	-993	-1241	
-5030	-3905	8958	2217	-969	-1265	
-5120	-3806	8949	2215	-943	-1286	
-5210	-3706	8940	2212	-918	-1310	
-5299	-3605	8928	2211	-893	-1330	
-5387	-3505	8915	2207	-868	-1353	
-5474	-3402	8902	2202	-843	-1376	
-5561	-3300	8886	2200	-817	-1395	
-5647	-3198	8870	2194	-793	-1418	
-5731	-3095	8851	2189	-767	-1439	
-5816	-2992	8832	2185	-740	-1459	
-5901	-2887	8813	2180	-714	-1479	
-5981	-2782	8790	2175	-688	-1500	
-6062	-2678	8766	2169	-662	-1520	
-6144	-2573	8741	2163	-636	-1540	
-6223	-2468	8715	2156	-609	-1560	
-6302	-2362	8690	2149	-583	-1579	
-6381	-2255	8660	2141	-557	-1599	
-6457	-2149	8630	2134	-530	-1618	
-6531	-2041	8599	2127	-503	-1636	
-6607	-1934	8566	2118	-476	-1655	
-6679	-1827	8533	2110	-448	-1673	
-6753	-1719	8498	2099	-422	-1692	
-6826	-1611	8462	2091	-396	-1709	
-6895	-1502	8423	2082	-369	-1726	
-6967	-1394	8385	2071	-342	-1745	
-7032	-1287	8345	2062	-315	-1761	
-7100	-1177	8303	2051	-288	-1777	
-7169	-1068	8262	2041	-261	-1793	
-7234	-958	8218	2031	-234	-1810	
-7299	-849	8173	2018	-208	-1827	
-7360	-740	8126	2007	-180	-1840	
-7422	-630	8078	1995	-153	-1857	
-7483	-519	8030	1983	-127	-1873	
-7544	-410	7980	1972	-99	-1886	
-7603	-300	7929	1958	-74	-1901	
-7660	-190	7877	1942	-51	-1916	
-7716	-81	7824	1930	-25	-1929	
-7772	30	7768	1917	0	-1943	
-7826	140	7712	1903	27	-1957	
-7879	249	7655	1888	55	-1970	
-7931	360	7596	1873	84	-1982	
-7982	469	7537	1858	118	-1995	
-8031	579	7477	1843	153	-2008	
-8078	688	7415	1827	187	-2019	
-8126	798	7353	1813	214	-2031	
-8173	908	7289	1797	237	-2042	
-8217	1018	7224	1780	260	-2053	
-8259	1127	7158	1764	286	-2064	
-8301	1235	7091	1746	314	-2074	
-8342	1344	7023	1729	343	-2085	
-8382	1454	6953	1712	370	-2094	
-8421	1562	6883	1695	397	-2104	
-8457	1670	6812	1678	425	-2113	
-8493	1778	6739	1659	451	-2120	
-8527	1886	6666	1641	478	-2129	
-8560	1993	6593	1622	504	-2137	
-8593	2100	6516	1603	531	-2146	
-8624	2207	6440	1585	560	-2153	
-8652	2313	6363	1565	585	-2161	
-8680	2419	6285	1545	610	-2168	
-8708	2525	6206	1526	637	-2173	
-8734	2631	6126	1505	664	-2180	
-8756	2736	6045	1486	690	-2185	
-8777	2841	5963	1466	718	-2190	
-8800	2944	5880	1444	743	-2195	
-8822	3048	5796	1425	768	-2199	
-8839	3152	5711	1403	795	-2204	
-8856	3254	5626	1383	820	-2208	
-8874	3357	5541	1360	845	-2213	
-8888	3458	5453	1338	871	-2217	
-8901	3560	5364	1317	897	-2218	
-8914	3660	5276	1294	922	-2223	
-8924	3760	5187	1271	946	-2225	
-8933	3861	5096	1250	971	-2226	
-8941	3959	5005	1227	997	-2228	
-8949	4058	4914	1204	1021	-2230	
-8954	4155	4821	1182	1045	-2231	
-8956	4252	4727	1158	1069	-2233	
-8960	4350	4634	1134	1094	-2233	
-8962	4445	4538	1112	1118	-2233	
-8961	4540	4443	1088	1141	-2233	
-8960	4635	4347	1063	1164	-2231	
-8957	4729	4250	1040	1188	-2231	
-8954	4823	4153	1016	1211	-2230	
-8947	4915	4056	991	1236	-2228	
-8941	5006	3957	966	1257	-2226	
-8935	5098	3858	942	1278	-2223	
-8924	5187	3757	917	1302	-2221	
-8913	5276	3657	892	1325	-2219	
-8900	5366	3556	868	1346	-2215	
-8886	5453	3454	841	1368	-2212	
-8872	5541	3352	818	1390	-2208	
-8857	5627	3249	793	1412	-2204	
-8840	5711	3147	766	1433	-2199	
-8819	5795	3045	741	1454	-2193	
-8800	5880	2941	715	1475	-2189	
-8778	5963	2836	689	1495	-2183	
-8755	6044	2731	665	1516	-2176	
-8731	6126	2627	637	1536	-2170	
-8705	6206	2521	609	1555	-2165	
-8678	6284	2415	585	1575	-2158	
-8650	6362	2308	558	1594	-2151	
-8622	6440	2202	531	1613	-2143	
-8591	6516	2095	505	1632	-2135	
-8558	6591	1986	479	1650	-2127	
-8526	6665	1879	452	1668	-2119	
-8491	6738	1771	425	1687	-2110	
-8456	6810	1662	400	1704	-2101	
-8420	6881	1555	373	1723	-2091	
-8380	6952	1445	347	1741	-2082	
-8341	7021	1336	320	1757	-2072	
-8301	7089	1227	293	1773	-2061	
-8258	7156	1118	267	1790	-2051	
-8215	7222	1009	240	1806	-2040	
-8168	7287	898	214	1821	-2028	
-8124	7350	789	188	1838	-2017	
-8077	7412	680	161	1854	-2005	
-8029	7474	570	135	1869	-1993	
-7982	7535	460	110	1884	-1979	
-7929	7595	350	83	1898	-1966	
-7877	7651	240	56	1912	-1956	
-7826	7709	131	32	1928	-1941	
-7770	7765	20	4	1941	-1928	
-7715	7819	-90	-28	1953	-1915	
-7659	7873	-200	-61	1967	-1899	
-7601	7924	-311	-95	1980	-1885	
-7543	7975	-420	-127	1992	-1870	
-7482	8027	-530	-153	2005	-1855	
-7421	8075	-641	-176	2017	-1839	
-7358	8122	-750	-199	2029	-1822	
-7296	8167	-859	-225	2041	-1808	
-7232	8213	-970	-254	2051	-1792	
-7167	8257	-1079	-283	2062	-1775	
-7101	8299	-1188	-309	2074	-1759	
-7032	8341	-1297	-336	2082	-1742	
-6961	8380	-1405	-364	2093	-1725	
-6893	8419	-1515	-391	2102	-1707	
-6823	8457	-1623	-419	2110	-1688	
-6750	8492	-1731	-445	2119	-1671	
-6678	8528	-1839	-471	2128	-1653	
-6605	8562	-1946	-498	2137	-1634	
-6530	8595	-2054	-524	2144	-1615	
-6454	8625	-2161	-551	2152	-1596	
-6377	8654	-2268	-578	2160	-1576	
-6300	8683	-2373	-603	2165	-1557	
-6220	8710	-2481	-628	2173	-1537	
-6141	8736	-2586	-654	2180	-1516	
-6061	8761	-2691	-682	2185	-1498	
-5979	8784	-2797	-706	2192	-1475	
-5898	8806	-2901	-733	2197	-1455	
-5814	8826	-3005	-760	2200	-1435	
-5729	8845	-3108	-784	2205	-1414	
-5645	8863	-3212	-810	2209	-1393	
-5561	8880	-3314	-835	2214	-1371	
-5474	8895	-3415	-861	2217	-1349	
-5385	8909	-3518	-887	2220	-1327	
-5297	8922	-3619	-911	2223	-1304	
-5208	8933	-3719	-936	2225	-1282	
-5119	8943	-3819	-961	2227	-1259	
-5028	8951	-3919	-985	2230	-1238	
-4937	8958	-4018	-1010	2233	-1215	
-4846	8964	-4116	-1034	2234	-1191	
-4752	8969	-4214	-1057	2234	-1168	
-4660	8973	-4310	-1082	2234	-1145	
-4566	8974	-4407	-1106	2234	-1121	
-4469	8975	-4503	-1130	2234	-1097	
-4373	8973	-4597	-1153	2233	-1074	
-4278	8971	-4691	-1176	2235	-1050	
-4182	8968	-4785	-1201	2233	-1025	
-4084	8962	-4878	-1222	2231	-1001	
-3986	8956	-4970	-1245	2230	-976	
-3887	8949	-5061	-1269	2226	-951	
-3787	8939	-5152	-1289	2225	-927	
-3687	8928	-5242	-1311	2223	-902	
-3587	8917	-5331	-1334	2218	-876	
-3486	8904	-5419	-1356	2216	-851	
-3384	8890	-5507	-1377	2211	-826	
-3282	8874	-5593	-1398	2207	-800	
-3179	8858	-5679	-1420	2201	-775	
-3076	8839	-5764	-1442	2197	-749	
-2973	8819	-5847	-1462	2193	-722	
-2870	8798	-5931	-1482	2187	-696	
-2764	8775	-6013	-1502	2182	-670	
-2658	8752	-6094	-1522	2175	-645	
-2553	8726	-6175	-1543	2168	-618	
-2448	8700	-6254	-1561	2163	-592	
-2342	8673	-6333	-1581	2155	-567	
-2237	8644	-6411	-1600	2148	-540	
-2131	8614	-6487	-1619	2139	-513	
-2023	8583	-6563	-1637	2132	-487	
-1917	8550	-6637	-1655	2123	-459	
-1811	8516	-6711	-1674	2113	-432	
-1703	8480	-6784	-1693	2106	-407	
-1595	8443	-6855	-1710	2097	-380	
-1486	8406	-6926	-1726	2087	-352	
-1379	8366	-6996	-1744	2076	-326	
-1269	8326	-7064	-1761	2066	-299	
-1159	8283	-7131	-1776	2057	-271	
-1051	8241	-7197	-1793	2045	-246	
-941	8198	-7263	-1809	2034	-219	
-832	8151	-7327	-1825	2023	-191	
-723	8105	-7389	-1841	2009	-165	
-613	8058	-7452	-1856	1997	-139	
-502	8009	-7513	-1872	1985	-113	
-394	7959	-7573	-1886	1973	-88	
-284	7906	-7632	-1900	1960	-62	
-174	7854	-7688	-1914	1946	-37	
-64	7800	-7745	-1928	1933	-12	
47	7745	-7800	-1943	1918	11	
155	7689	-7853	-1954	1904	38	
265	7632	-7907	-1966	1891	67	
376	7573	-7958	-1981	1877	100	
484	7513	-8009	-1991	1862	143	
594	7452	-8057	-2004	1845	180	
702	7390	-8105	-2017	1829	207	
812	7328	-8152	-2027	1813	230	
921	7264	-8197	-2039	1798	249	
1031	7199	-8243	-2049	1781	273	
1141	7133	-8286	-2060	1765	302	
1247	7065	-8327	-2069	1747	330	
1358	6997	-8367	-2079	1730	360	
1467	6927	-8406	-2089	1712	387	
1574	6857	-8443	-2099	1693	413	
1685	6786	-8481	-2107	1678	439	
1791	6713	-8516	-2115	1660	467	
1897	6639	-8551	-2123	1640	493	
2006	6565	-8584	-2131	1621	520	
2112	6489	-8615	-2141	1603	547	
2219	6412	-8645	-2148	1583	573	
2325	6337	-8674	-2154	1562	600	
2431	6257	-8701	-2161	1544	626	
2537	6177	-8729	-2167	1524	653	
2641	6098	-8753	-2173	1503	679	
2745	6016	-8776	-2178	1483	705	
2850	5934	-8800	-2184	1462	730	
2955	5851	-8821	-2191	1441	755	
3058	5767	-8841	-2194	1421	783	
3160	5683	-8858	-2199	1400	808	
3264	5597	-8875	-2205	1377	832	
3365	5512	-8891	-2205	1355	859	
3467	5424	-8905	-2210	1334	884	
3568	5335	-8918	-2214	1311	910	
3666	5247	-8931	-2214	1290	935	
3768	5157	-8941	-2218	1266	959	
3868	5067	-8950	-2220	1245	984	
3966	4975	-8958	-2220	1222	1009	
4065	4883	-8964	-2222	1198	1033	
4161	4791	-8968	-2224	1175	1057	
4258	4697	-8971	-2224	1152	1082	
4353	4602	-8974	-2224	1129	1106	
4449	4507	-8975	-2224	1106	1129	
4546	4413	-8975	-2224	1081	1153	
4639	4317	-8973	-2224	1056	1177	
4733	4219	-8971	-2223	1032	1200	
4826	4123	-8966	-2222	1007	1222	
4917	4024	-8959	-2219	984	1246	
5007	3926	-8952	-2217	959	1269	
5099	3827	-8944	-2215	933	1291	
5190	3727	-8934	-2212	909	1313	
5279	3627	-8922	-2210	882	1337	
5365	3525	-8910	-2206	858	1358	
5453	3423	-8896	-2201	834	1379	
5540	3322	-8880	-2199	807	1400	
5624	3220	-8863	-2194	784	1423	
5710	3117	-8846	-2188	758	1444	
5794	3012	-8828	-2185	730	1464	
5877	2909	-8807	-2180	705	1487	
5959	2805	-8784	-2174	678	1505	
6041	2700	-8761	-2168	652	1525	
6122	2595	-8736	-2161	627	1546	
6200	2489	-8710	-2154	600	1566	
6279	2383	-8683	-2147	573	1586	
6356	2276	-8654	-2141	547	1603	
6433	2170	-8624	-2132	520	1623	
6509	2064	-8593	-2125	493	1642	
6584	1956	-8561	-2116	468	1660	
6658	1849	-8527	-2107	440	1679	
6732	1742	-8492	-2099	414	1697	
6804	1632	-8456	-2090	387	1714	
6873	1523	-8418	-2082	358	1732	
6941	1416	-8379	-2071	334	1750	
7011	1308	-8339	-2062	306	1767	
7079	1198	-8297	-2052	279	1783	
7147	1089	-8255	-2040	253	1799	
7211	980	-8212	-2029	226	1814	
7275	869	-8168	-2017	199	1832	
7338	760	-8120	-2007	172	1846	
7399	651	-8072	-1995	147	1862	
7462	541	-8024	-1981	122	1878	
7523	431	-7974	-1971	94	1891	
7580	321	-7924	-1957	69	1906	
7639	212	-7871	-1943	45	1921	
7696	102	-7817	-1930	17	1936	
7749	-8	-7762	-1916	-10	1950	
7803	-119	-7705	-1903	-42	1962	
7857	-228	-7649	-1888	-78	1975	
7909	-338	-7591	-1874	-115	1988	
7960	-449	-7532	-1858	-146	2001	
8010	-559	-7472	-1842	-171	2013	
8057	-668	-7409	-1828	-193	2025	
8102	-778	-7347	-1811	-215	2035	
8149	-887	-7283	-1795	-241	2046	
8194	-997	-7219	-1781	-272	2058	
8237	-1106	-7152	-1764	-302	2070	
8279	-1214	-7085	-1746	-327	2080	
8320	-1324	-7017	-1730	-355	2090	
8360	-1431	-6948	-1712	-382	2100	
8398	-1540	-6877	-1694	-409	2109	
8434	-1649	-6805	-1676	-436	2117	
8470	-1756	-6734	-1658	-463	2126	
8505	-1864	-6660	-1640	-489	2134	
8537	-1971	-6586	-1622	-516	2143	
8571	-2077	-6510	-1602	-542	2152	
8601	-2185	-6434	-1584	-570	2158	
8630	-2291	-6358	-1564	-597	2166	
8658	-2397	-6279	-1544	-622	2173	
8684	-2504	-6200	-1527	-650	2178	
8710	-2609	-6120	-1506	-676	2186	
8732	-2713	-6039	-1486	-702	2191	
8756	-2818	-5958	-1465	-729	2195	
8778	-2923	-5874	-1444	-754	2201	
8796	-3027	-5790	-1424	-780	2205	
8815	-3130	-5706	-1402	-806	2211	
8833	-3232	-5620	-1381	-831	2214	
8849	-3335	-5534	-1360	-857	2218	
8864	-3436	-5447	-1337	-882	2222	
8878	-3537	-5359	-1317	-907	2224	
8890	-3638	-5270	-1294	-932	2228	
8900	-3739	-5181	-1271	-957	2231	
8910	-3838	-5091	-1249	-983	2231	
8919	-3937	-4999	-1227	-1007	2234	
8925	-4037	-4907	-1203	-1032	2235	
8929	-4134	-4815	-1181	-1056	2236	
8934	-4231	-4720	-1158	-1081	2238	
8937	-4328	-4628	-1133	-1105	2237	
8938	-4424	-4534	-1111	-1128	2238	
8939	-4520	-4437	-1087	-1152	2239	
8937	-4613	-4341	-1063	-1176	2236	
8934	-4707	-4244	-1040	-1199	2237	
8931	-4800	-4147	-1014	-1220	2236	
8924	-4892	-4049	-990	-1245	2233	
8917	-4985	-3950	-966	-1267	2231	
8909	-5075	-3851	-942	-1290	2229	
8901	-5165	-3751	-917	-1313	2227	
8890	-5256	-3650	-891	-1335	2225	
8877	-5344	-3549	-867	-1357	2222	
8863	-5431	-3448	-841	-1379	2218	
8848	-5519	-3346	-816	-1401	2213	
8833	-5604	-3243	-791	-1423	2208	
8816	-5690	-3141	-764	-1443	2205	
8797	-5774	-3037	-741	-1465	2200	
8777	-5858	-2934	-714	-1485	2194	
8754	-5941	-2829	-687	-1504	2189	
8731	-6023	-2725	-664	-1526	2183	
8707	-6104	-2620	-637	-1546	2177	
8682	-6183	-2514	-610	-1565	2171	
8656	-6263	-2407	-584	-1586	2164	
8628	-6340	-2300	-557	-1606	2157	
8598	-6418	-2193	-531	-1624	2149	
8567	-6494	-2086	-504	-1641	2142	
8535	-6569	-1978	-478	-1661	2134	
8503	-6644	-1871	-451	-1680	2125	
8467	-6716	-1764	-424	-1697	2115	
8432	-6789	-1656	-397	-1716	2106	
8396	-6860	-1548	-370	-1733	2096	
8357	-6930	-1440	-344	-1749	2087	
8319	-7000	-1330	-317	-1768	2078	
8277	-7067	-1221	-291	-1786	2067	
8234	-7134	-1111	-264	-1801	2056	
8191	-7200	-1001	-237	-1818	2045	
8146	-7265	-893	-212	-1835	2032	
8102	-7330	-784	-185	-1850	2020	
8053	-7392	-674	-158	-1865	2011	
8006	-7452	-563	-131	-1879	1998	
7957	-7512	-453	-105	-1895	1985	
7906	-7572	-343	-80	-1910	1973	
7855	-7631	-233	-52	-1922	1960	
7801	-7689	-124	-28	-1938	1947	
7746	-7743	-13	-1	-1951	1933	
7690	-7798	97	26	-1963	1918	
7635	-7851	206	51	-1979	1904	
7578	-7903	318	80	-1992	1890	
7518	-7955	427	111	-2004	1876	
7459	-8005	537	144	-2016	1861	
7398	-8053	648	177	-2029	1845	
7336	-8101	757	205	-2040	1829	
7272	-8147	866	231	-2051	1813	
7208	-8192	975	255	-2063	1797	
7143	-8235	1085	281	-2072	1780	
7076	-8278	1194	308	-2084	1763	
7009	-8320	1303	336	-2093	1746	
6940	-8359	1413	364	-2102	1730	
6870	-8398	1521	391	-2113	1713	
6800	-8436	1630	418	-2122	1694	
6729	-8471	1737	444	-2132	1675	
6655	-8507	1845	471	-2139	1657	
6580	-8540	1955	497	-2148	1639	
6506	-8573	2061	524	-2156	1620	
6430	-8604	2169	551	-2163	1601	
6354	-8634	2276	576	-2170	1582	
6277	-8662	2382	603	-2177	1563	
6198	-8690	2489	628	-2184	1541	
6118	-8716	2595	656	-2190	1521	
6038	-8738	2700	683	-2195	1503	
5956	-8762	2804	708	-2202	1481	
5874	-8784	2909	732	-2207	1460	
5790	-8805	3012	760	-2211	1441	
5706	-8824	3115	784	-2217	1419	
5622	-8843	3218	810	-2221	1398	
5536	-8860	3321	837	-2224	1376	
5448	-8875	3424	861	-2228	1354	
5361	-8889	3525	886	-2231	1333	
5273	-8901	3626	911	-2234	1309	
5185	-8911	3726	936	-2237	1288	
5096	-8922	3827	961	-2240	1265	
5006	-8931	3926	985	-2241	1243	
4913	-8938	4025	1010	-2241	1220	
4820	-8944	4123	1033	-2244	1195	
4728	-8948	4220	1058	-2245	1174	
4634	-8952	4318	1083	-2245	1151	
4540	-8953	4413	1106	-2245	1128	
4446	-8953	4509	1130	-2246	1103	
4352	-8953	4603	1153	-2245	1079	
4254	-8951	4698	1176	-2243	1056	
4157	-8947	4792	1200	-2243	1030	
4060	-8942	4884	1223	-2241	1006	
3961	-8936	4978	1245	-2240	982	
3863	-8928	5069	1268	-2237	959	
3763	-8918	5159	1290	-2235	933	
3663	-8908	5249	1312	-2231	907	
3564	-8896	5338	1335	-2228	883	
3463	-8884	5426	1355	-2227	856	
3361	-8870	5514	1377	-2222	831	
3259	-8853	5600	1399	-2218	807	
3156	-8836	5685	1419	-2214	780	
3053	-8818	5771	1440	-2209	755	
2951	-8799	5855	1462	-2205	729	
2847	-8777	5937	1482	-2198	703	
2742	-8755	6019	1502	-2193	678	
2637	-8731	6101	1523	-2187	651	
2532	-8707	6182	1543	-2179	625	
2427	-8680	6261	1562	-2172	598	
2321	-8652	6340	1582	-2165	572	
2215	-8624	6417	1601	-2157	547	
2108	-8592	6494	1619	-2151	519	
2001	-8561	6569	1637	-2143	493	
1893	-8529	6644	1656	-2134	467	
1786	-8495	6718	1675	-2125	439	
1679	-8460	6790	1692	-2115	413	
1571	-8422	6863	1709	-2107	386	
1464	-8384	6932	1727	-2097	358	
1354	-8346	7002	1745	-2088	332	
1244	-8305	7071	1761	-2077	306	
1135	-8263	7138	1777	-2067	279	
1027	-8220	7204	1794	-2055	252	
916	-8176	7270	1810	-2043	225	
806	-8131	7334	1826	-2033	199	
699	-8085	7397	1841	-2021	173	
589	-8036	7459	1855	-2009	146	
480	-7987	7519	1872	-1997	121	
369	-7938	7579	1886	-1984	96	
259	-7886	7639	1899	-1971	71	
150	-7833	7696	1914	-1957	47	
40	-7779	7751	1928	-1944	21	
-68	-7725	7806	1942	-1929	-5	
-179	-7668	7860	1954	-1916	-36	
-290	-7610	7914	1967	-1901	-73	
-399	-7553	7965	1981	-1885	-117	
-509	-7493	8015	1991	-1872	-155	
-618	-7432	8064	2003	-1857	-176	
-728	-7370	8112	2018	-1840	-193	
-837	-7306	8159	2028	-1825	-212	
-946	-7243	8204	2038	-1808	-240	
-1057	-7178	8249	2050	-1791	-272	
-1167	-7111	8292	2060	-1775	-300	
-1277	-7044	8333	2070	-1757	-328	
-1384	-6976	8374	2081	-1741	-354	
-1491	-6906	8413	2091	-1723	-380	
-1600	-6835	8451	2098	-1705	-409	
-1707	-6764	8488	2107	-1687	-436	
-1814	-6692	8522	2116	-1667	-462	
-1923	-6619	8557	2124	-1650	-489	
-2029	-6544	8590	2130	-1632	-516	
-2135	-6469	8622	2139	-1613	-543	
-2241	-6393	8652	2148	-1595	-569	
-2347	-6315	8681	2154	-1575	-596	
-2451	-6236	8707	2161	-1554	-622	
-2556	-6157	8734	2167	-1534	-648	
-2663	-6076	8760	2173	-1514	-674	
-2769	-5995	8783	2178	-1494	-701	
-2872	-5913	8806	2184	-1473	-726	
-2975	-5830	8827	2191	-1451	-752	
-3079	-5747	8845	2195	-1431	-778	
-3183	-5662	8864	2199	-1408	-804	
-3285	-5576	8882	2204	-1386	-828	
-3387	-5490	8897	2206	-1367	-854	
-3489	-5403	8910	2209	-1346	-881	
-3591	-5314	8925	2212	-1321	-904	
-3691	-5227	8937	2215	-1300	-930	
-3789	-5137	8947	2218	-1278	-954	
-3888	-5045	8956	2219	-1254	-979	
-3987	-4955	8963	2222	-1232	-1004	
-4086	-4864	8969	2222	-1210	-1028	
-4183	-4771	8973	2222	-1186	-1053	
-4280	-4677	8978	2225	-1162	-1076	
-4377	-4583	8981	2224	-1138	-1101	
-4471	-4488	8981	2225	-1114	-1124	
-4567	-4392	8981	2226	-1090	-1147	
-4661	-4296	8978	2224	-1066	-1171	
-4754	-4199	8975	2222	-1042	-1196	
-4846	-4102	8971	2221	-1018	-1218	
-4938	-4004	8965	2220	-993	-1240	
-5032	-3904	8958	2218	-968	-1263	
-5122	-3805	8949	2216	-943	-1286	
-5211	-3704	8939	2213	-918	-1309	
-5299	-3605	8927	2210	-893	-1331	
-5387	-3504	8915	2206	-869	-1353	
-5477	-3402	8901	2202	-844	-1375	
-5562	-3300	8885	2200	-817	-1396	
-5647	-3198	8870	2194	-792	-1418	
-5733	-3094	8852	2190	-767	-1438	
-5817	-2991	8833	2186	-740	-1458	
-5901	-2888	8812	2179	-715	-1480	
-5981	-2783	8789	2174	-688	-1500	
-6062	-2678	8766	2168	-662	-1520	
-6145	-2574	8741	2162	-635	-1540	
-6222	-2467	8716	2156	-609	-1559	
-6303	-2361	8689	2148	-584	-1580	
-6381	-2255	8660	2141	-555	-1598	
-6457	-2147	8630	2133	-530	-1617	
-6533	-2041	8599	2126	-504	-1637	
-6606	-1934	8566	2118	-476	-1655	
-6682	-1826	8533	2108	-450	-1674	
-6754	-1719	8498	2099	-423	-1691	
-6824	-1611	8462	2091	-395	-1709	
-6897	-1503	8425	2081	-368	-1727	
-6965	-1394	8385	2072	-342	-1744	
-7033	-1285	8344	2062	-316	-1762	
-7101	-1177	8304	2051	-289	-1778	
-7167	-1069	8261	2040	-261	-1794	
-7234	-958	8217	2030	-234	-1810	
-7298	-849	8172	2017	-207	-1826	
-7361	-740	8125	2007	-180	-1841	
-7423	-630	8078	1996	-154	-1856	
-7483	-519	8029	1983	-127	-1872	
-7543	-410	7979	1970	-101	-1886	
-7604	-301	7929	1955	-75	-1900	
-7661	-189	7876	1944	-49	-1916	
-7717	-80	7822	1931	-25	-1929	
-7772	30	7768	1917	0	-1943	
-7827	140	7712	1904	27	-1956	
-7879	249	7654	1887	54	-1970	
-7929	360	7597	1873	85	-1983	
-7981	469	7538	1858	120	-1996	
-8030	580	7477	1843	155	-2007	
-8080	690	7415	1830	187	-2017	
-8126	799	7353	1812	214	-2031	
-8171	909	7288	1796	238	-2042	
-8217	1018	7224	1782	261	-2052	
-8260	1128	7158	1763	285	-2063	
-8302	1236	7091	1745	314	-2074	
-8342	1345	7022	1730	343	-2084	
-8382	1454	6952	1712	370	-2094	
-8421	1561	6883	1694	398	-2103	
-8458	1670	6812	1677	425	-2112	
-8494	1779	6739	1659	450	-2121	
-8528	1886	6666	1640	478	-2130	
-8561	1993	6592	1622	505	-2138	
-8593	2100	6517	1603	532	-2144	
-8622	2207	6440	1585	559	-2153	
-8652	2314	6363	1566	586	-2161	
-8681	2420	6285	1546	612	-2166	
-8708	2525	6206	1526	638	-2173	
-8733	2631	6126	1506	664	-2179	
-8756	2736	6044	1485	691	-2185	
-8779	2841	5963	1465	717	-2190	
-8801	2945	5880	1444	743	-2196	
-8821	3048	5796	1423	769	-2200	
-8840	3152	5711	1403	795	-2204	
-8858	3255	5627	1382	820	-2209	
-8873	3357	5540	1359	845	-2212	
-8887	3459	5452	1337	872	-2217	
-8900	3559	5364	1317	896	-2220	
-8913	3660	5276	1294	921	-2223	
-8923	3761	5186	1271	946	-2225	
-8934	3859	5095	1250	972	-2226	
-8942	3960	5005	1226	996	-2228	
-8948	4058	4913	1203	1020	-2230	
-8953	4156	4820	1181	1044	-2231	
-8956	4254	4727	1158	1070	-2232	
-8960	4349	4633	1134	1093	-2233	
-8962	4445	4538	1111	1116	-2233	
-8962	4540	4443	1088	1141	-2232	
-8960	4635	4347	1063	1165	-2233	
-8956	4729	4250	1039	1188	-2231	
-8953	4822	4153	1016	1212	-2230	
-8949	4915	4055	990	1234	-2229	
-8942	5007	3957	966	1256	-2227	
-8932	5098	3857	942	1279	-2224	
-8923	5188	3757	916	1302	-2221	
-8913	5277	3657	892	1324	-2218	
-8901	5365	3556	867	1346	-2215	
-8887	5453	3455	843	1368	-2212	
-8871	5541	3352	817	1390	-2208	
-8855	5627	3250	790	1411	-2204	
-8838	5712	3147	766	1432	-2199	
-8819	5796	3044	740	1454	-2193	
-8798	5880	2939	715	1474	-2190	
-8777	5963	2835	689	1495	-2184	
-8755	6043	2731	664	1516	-2177	
-8731	6126	2626	637	1534	-2172	
-8706	6206	2521	609	1555	-2166	
-8678	6284	2415	585	1575	-2157	
-8650	6363	2308	557	1594	-2151	
-8621	6440	2201	533	1613	-2143	
-8591	6516	2093	506	1631	-2135	
-8560	6591	1986	478	1650	-2127	
-8525	6665	1878	452	1669	-2118	
-8491	6739	1770	425	1686	-2110	
-8456	6811	1661	401	1704	-2100	
-8418	6881	1553	374	1723	-2092	
-8380	6953	1445	346	1740	-2082	
-8341	7022	1336	321	1757	-2071	
-8300	7089	1226	293	1774	-2062	
-8259	7156	1118	267	1790	-2051	
-8214	7222	1008	240	1806	-2040	
-8170	7287	898	213	1823	-2029	
-8124	7350	789	187	1838	-2017	
-8077	7413	679	160	1855	-2005	
-8030	7475	570	134	1869	-1993	
-7980	7535	460	109	1883	-1980	
-7930	7594	350	83	1898	-1967	
-7877	7652	239	56	1912	-1955	
-7823	7709	128	32	1928	-1941	
-7770	7766	19	5	1940	-1928	
-7715	7820	-91	-29	1953	-1914	
-7658	7873	-201	-61	1968	-1899	
-7601	7924	-310	-94	1980	-1885	
-7543	7976	-420	-127	1992	-1870	
-7482	8026	-531	-153	2006	-1855	
-7420	8074	-641	-175	2017	-1838	
-7358	8123	-751	-199	2029	-1823	
-7294	8168	-860	-227	2040	-1808	
-7230	8213	-969	-255	2051	-1791	
-7165	8257	-1080	-283	2061	-1774	
-7098	8300	-1188	-311	2072	-1758	
-7031	8341	-1297	-336	2084	-1742	
-6964	8380	-1407	-365	2093	-1724	
-6894	8419	-1514	-392	2101	-1707	
-6822	8457	-1623	-417	2111	-1688	
-6751	8493	-1732	-445	2119	-1670	
-6678	8528	-1839	-472	2128	-1653	
-6604	8561	-1947	-498	2138	-1633	
-6530	8594	-2053	-525	2144	-1615	
-6453	8625	-2160	-551	2152	-1595	
-6377	8654	-2267	-577	2159	-1576	
-6300	8683	-2374	-603	2165	-1557	
-6221	8710	-2481	-629	2173	-1536	
-6141	8736	-2588	-655	2180	-1516	
-6062	8761	-2692	-682	2185	-1497	
-5979	8784	-2797	-707	2191	-1476	
-5896	8805	-2902	-734	2196	-1455	
-5815	8826	-3005	-761	2200	-1435	
-5730	8845	-3109	-786	2205	-1412	
-5645	8864	-3212	-811	2208	-1392	
-5559	8880	-3314	-836	2213	-1371	
-5472	8895	-3416	-862	2217	-1349	
-5387	8909	-3518	-886	2220	-1327	
-5298	8921	-3620	-911	2224	-1304	
-5209	8933	-3720	-937	2225	-1283	
-5118	8943	-3819	-961	2228	-1259	
-5028	8952	-3920	-986	2231	-1237	
-4938	8957	-4018	-1011	2232	-1215	
-4844	8964	-4117	-1033	2234	-1190	
-4752	8969	-4214	-1058	2234	-1168	
-4660	8972	-4311	-1083	2234	-1145	
-4565	8975	-4407	-1106	2235	-1121	
-4470	8975	-4502	-1129	2233	-1097	
-4372	8973	-4599	-1153	2234	-1073	
-4277	8970	-4693	-1177	2233	-1050	
-4180	8967	-4786	-1200	2232	-1025	
-4083	8961	-4880	-1222	2231	-1000	
-3985	8956	-4971	-1246	2228	-976	
-3886	8948	-5062	-1269	2226	-952	
-3788	8939	-5153	-1290	2225	-927	
-3686	8929	-5243	-1312	2222	-902	
-3585	8918	-5331	-1334	2218	-876	
-3485	8904	-5419	-1355	2215	-851	
-3382	8890	-5507	-1377	2212	-825	
-3282	8874	-5594	-1399	2207	-800	
-3180	8857	-5680	-1420	2203	-775	
-3076	8839	-5765	-1441	2198	-749	
-2972	8819	-5848	-1462	2192	-724	
-2868	8798	-5931	-1484	2187	-697	
-2764	8776	-6013	-1502	2181	-671	
-2658	8752	-6095	-1523	2175	-645	
-2553	8727	-6175	-1544	2168	-619	
-2448	8700	-6256	-1562	2163	-593	
-2342	8672	-6333	-1581	2156	-566	
-2235	8643	-6411	-1601	2147	-540	
-2129	8614	-6488	-1618	2139	-512	
-2023	8583	-6563	-1638	2131	-486	
-1916	8550	-6638	-1656	2123	-459	
-1810	8516	-6711	-1674	2115	-432	
-1703	8480	-6784	-1692	2105	-406	
-1594	8444	-6855	-1709	2096	-379	
-1486	8406	-6926	-1726	2087	-352	
-1378	8366	-6996	-1744	2077	-325	
-1269	8326	-7063	-1762	2066	-299	
-1161	8285	-7132	-1777	2056	-271	
-1050	8241	-7198	-1793	2047	-245	
-941	8197	-7263	-1810	2034	-218	
-832	8151	-7328	-1826	2022	-192	
-723	8105	-7390	-1841	2010	-164	
-613	8057	-7452	-1856	1997	-138	
-503	8009	-7513	-1871	1986	-114	
-392	7958	-7573	-1886	1973	-86	
-283	7905	-7632	-1900	1960	-61	
-174	7853	-7689	-1914	1947	-38	
-63	7800	-7746	-1927	1934	-13	
45	7745	-7800	-1942	1919	11	
156	7689	-7854	-1954	1905	38	
267	7631	-7908	-1966	1891	67	
375	7573	-7958	-1980	1876	100	
485	7514	-8008	-1990	1862	141	
593	7452	-8058	-2003	1846	180	
703	7390	-8106	-2017	1829	208	
813	7327	-8152	-2027	1814	229	
922	7264	-8198	-2039	1797	249	
1032	7199	-8243	-2050	1781	273	
1142	7133	-8285	-2060	1764	300	
1250	7065	-8328	-2070	1746	330	
1359	6996	-8367	-2079	1730	360	
1468	6927	-8406	-2089	1713	386	
1576	6857	-8444	-2099	1695	413	
1685	6786	-8481	-2107	1677	439	
1792	6713	-8517	-2116	1659	466	
1899	6638	-8550	-2123	1641	495	
2007	6564	-8584	-2131	1622	521	
2114	6489	-8615	-2140	1602	547	
2220	6413	-8645	-2147	1584	574	
2326	6335	-8675	-2154	1564	599	
2431	6256	-8701	-2161	1543	626	
2537	6178	-8728	-2166	1524	654	
2642	6097	-8753	-2172	1504	679	
2747	6016	-8776	-2180	1484	706	
2851	5934	-8799	-2185	1462	732	
2954	5850	-8821	-2191	1440	757	
3059	5766	-8840	-2194	1421	784	
3161	5682	-8859	-2197	1400	808	
3264	5596	-8876	-2203	1377	833	
3365	5510	-8891	-2205	1356	860	
3466	5423	-8906	-2209	1333	885	
3568	5335	-8919	-2213	1311	910	
3669	5246	-8931	-2216	1290	935	
3769	5156	-8942	-2217	1267	959	
3866	5065	-8950	-2218	1244	985	
3964	4975	-8958	-2221	1221	1009	
4063	4884	-8964	-2222	1199	1034	
4161	4791	-8968	-2224	1176	1058	
4260	4697	-8973	-2225	1152	1082	
4354	4603	-8974	-2224	1129	1106	
4449	4508	-8975	-2224	1105	1128	
4545	4413	-8975	-2225	1079	1153	
4639	4316	-8973	-2223	1057	1178	
4731	4219	-8970	-2223	1033	1200	
4825	4123	-8965	-2222	1006	1223	
4918	4024	-8960	-2219	984	1246	
5009	3926	-8953	-2218	958	1268	
5099	3826	-8944	-2216	933	1290	
5188	3726	-8934	-2213	908	1314	
5276	3626	-8922	-2210	883	1336	
5365	3524	-8910	-2206	858	1358	
5454	3423	-8896	-2203	832	1379	
5541	3321	-8880	-2199	808	1400	
5627	3218	-8864	-2194	783	1423	
5711	3115	-8846	-2190	756	1443	
5794	3012	-8826	-2184	730	1463	
5878	2908	-8806	-2179	704	1486	
5960	2804	-8783	-2174	678	1505	
6041	2699	-8760	-2168	652	1526	
6122	2594	-8737	-2162	626	1545	
6202	2489	-8711	-2155	600	1564	
6280	2383	-8683	-2148	573	1585	
6357	2276	-8654	-2141	547	1603	
6434	2170	-8625	-2132	520	1624	
6510	2063	-8594	-2125	494	1642	
6585	1956	-8560	-2117	468	1659	
6658	1848	-8528	-2106	441	1680	
6731	1740	-8492	-2098	414	1697	
6803	1632	-8455	-2092	386	1714	
6874	1524	-8418	-2081	359	1732	
6943	1415	-8379	-2072	333	1749	
7012	1307	-8340	-2061	306	1766	
7079	1198	-8298	-2051	279	1783	
7146	1089	-8255	-2041	254	1800	
7212	979	-8212	-2029	227	1815	
7276	869	-8166	-2018	199	1832	
7339	760	-8120	-2006	172	1847	
7401	650	-8073	-1995	147	1862	
7462	540	-8024	-1982	122	1879	
7521	430	-7974	-1969	96	1893	
7580	321	-7923	-1956	69	1908	
7638	211	-7870	-1943	43	1922	
7695	101	-7817	-1930	18	1935	
7750	-10	-7762	-1916	-10	1949	
7804	-119	-7706	-1902	-43	1962	
7856	-229	-7649	-1887	-78	1976	
7908	-339	-7590	-1873	-115	1987	
7960	-450	-7532	-1858	-147	2000	
8008	-559	-7471	-1843	-170	2013	
8056	-669	-7409	-1829	-193	2023	
8103	-779	-7347	-1812	-215	2036	
8150	-886	-7283	-1796	-243	2048	
8194	-997	-7216	-1780	-275	2057	
8237	-1107	-7151	-1763	-301	2070	
8279	-1215	-7085	-1746	-327	2081	
8319	-1324	-7017	-1729	-355	2089	
8360	-1432	-6948	-1712	-381	2099	
8398	-1540	-6877	-1695	-409	2108	
8435	-1648	-6805	-1676	-435	2119	
8470	-1757	-6732	-1657	-463	2127	
8504	-1864	-6660	-1640	-491	2134	
8537	-1971	-6586	-1622	-517	2144	
8569	-2079	-6511	-1602	-542	2151	
8599	-2185	-6435	-1583	-569	2157	
8629	-2292	-6357	-1564	-596	2164	
8658	-2399	-6279	-1545	-623	2173	
8684	-2504	-6200	-1526	-651	2179	
8710	-2609	-6119	-1505	-676	2185	
8732	-2715	-6039	-1485	-702	2191	
8755	-2819	-5956	-1465	-727	2196	
8778	-2922	-5874	-1444	-753	2201	
8798	-3026	-5790	-1423	-780	2206	
8817	-3130	-5706	-1402	-805	2210	
8833	-3233	-5620	-1381	-832	2214	
8851	-3335	-5534	-1358	-857	2219	
8864	-3437	-5447	-1337	-882	2222	
8876	-3538	-5358	-1317	-908	2224	
8890	-3639	-5270	-1292	-931	2228	
8901	-3739	-5181	-1271	-956	2230	
8911	-3839	-5090	-1250	-983	2232	
8919	-3938	-4999	-1225	-1006	2234	
8927	-4037	-4907	-1204	-1032	2236	
8930	-4134	-4815	-1182	-1057	2237	
8933	-4231	-4721	-1158	-1080	2237	
8936	-4328	-4627	-1134	-1104	2238	
8938	-4424	-4532	-1110	-1128	2239	
8939	-4519	-4437	-1087	-1153	2237	
8937	-4614	-4342	-1063	-1176	2237	
8933	-4707	-4244	-1038	-1198	2236	
8930	-4801	-4146	-1013	-1222	2234	
8924	-4893	-4049	-989	-1244	2234	
8918	-4985	-3951	-965	-1268	2233	
8910	-5076	-3851	-941	-1291	2230	
8898	-5167	-3751	-916	-1313	2227	
8889	-5255	-3650	-892	-1336	2225	
8877	-5344	-3550	-866	-1358	2222	
8863	-5432	-3448	-841	-1378	2218	
8848	-5519	-3345	-815	-1400	2214	
8831	-5605	-3243	-790	-1422	2209	
8815	-5691	-3140	-765	-1443	2204	
8796	-5775	-3037	-740	-1466	2199	
8775	-5858	-2933	-714	-1485	2194	
8754	-5942	-2830	-688	-1505	2188	
8731	-6023	-2724	-665	-1529	2180	
8706	-6104	-2618	-637	-1547	2175	
8682	-6184	-2513	-609	-1565	2172	
8656	-6263	-2406	-583	-1585	2164	
8628	-6340	-2299	-556	-1605	2156	
8598	-6418	-2193	-531	-1624	2149	
8567	-6496	-2087	-503	-1642	2142	
8535	-6570	-1979	-478	-1662	2133	
8502	-6644	-1871	-451	-1679	2125	
8467	-6716	-1764	-423	-1697	2117	
8431	-6788	-1655	-399	-1717	2107	
8394	-6860	-1547	-370	-1733	2097	
8357	-6930	-1439	-343	-1750	2088	
8318	-7000	-1330	-319	-1769	2077	
8277	-7068	-1222	-290	-1785	2066	
8235	-7135	-1112	-264	-1801	2057	
8191	-7201	-1001	-237	-1817	2046	
8146	-7265	-893	-211	-1833	2035	
8101	-7328	-783	-184	-1850	2022	
8055	-7391	-672	-157	-1865	2010	
8006	-7453	-563	-131	-1879	1999	
7956	-7514	-453	-105	-1895	1985	
7906	-7574	-343	-79	-1910	1973	
7854	-7631	-233	-53	-1924	1961	
7800	-7688	-122	-28	-1937	1946	
7747	-7744	-12	-1	-1950	1932	
7692	-7798	97	25	-1965	1918	
7635	-7852	208	50	-1980	1903	
7579	-7903	317	81	-1991	1890	
7520	-7955	427	112	-2003	1875	
7458	-8005	538	145	-2016	1860	
7397	-8054	648	177	-2028	1846	
7335	-8101	758	205	-2040	1829	
7272	-8147	867	231	-2051	1812	
7208	-8192	977	255	-2061	1796	
7143	-8235	1086	281	-2073	1780	
7076	-8279	1195	309	-2084	1765	
7008	-8320	1304	336	-2093	1746	
6940	-8359	1413	364	-2102	1729	
6870	-8398	1522	391	-2112	1713	
6800	-8435	1630	417	-2123	1693	
6727	-8472	1739	444	-2131	1675	
6655	-8506	1847	470	-2139	1657	
6580	-8541	1954	497	-2148	1639	
6505	-8573	2062	525	-2156	1620	
6430	-8604	2170	551	-2163	1600	
6354	-8634	2276	577	-2170	1581	
6277	-8662	2383	603	-2178	1563	
6197	-8689	2489	630	-2184	1543	
6116	-8716	2595	657	-2188	1522	
6037	-8740	2700	682	-2195	1502	
5956	-8762	2804	709	-2201	1482	
5873	-8786	2909	735	-2207	1461	
5790	-8806	3012	760	-2211	1440	
5706	-8824	3116	785	-2216	1419	
5622	-8843	3219	810	-2221	1398	
5537	-8859	3322	837	-2225	1377	
5450	-8875	3424	861	-2228	1355	
5361	-8888	3526	886	-2231	1332	
5272	-8901	3626	912	-2235	1310	
5183	-8912	3726	936	-2238	1289	
5094	-8922	3827	960	-2240	1265	
5005	-8931	3926	986	-2241	1243	
4913	-8938	4025	1011	-2242	1220	
4822	-8944	4123	1034	-2245	1197	
4728	-8948	4221	1059	-2245	1174	
4635	-8951	4318	1083	-2245	1151	
4540	-8953	4414	1106	-2245	1127	
4445	-8953	4510	1130	-2245	1103	
4351	-8953	4605	1153	-2245	1079	
4254	-8950	4699	1177	-2244	1056	
4157	-8946	4792	1199	-2243	1031	
4059	-8942	4885	1223	-2241	1007	
3961	-8935	4978	1246	-2240	982	
3862	-8928	5070	1267	-2239	957	
3763	-8919	5160	1290	-2234	932	
3664	-8908	5249	1312	-2232	907	
3563	-8897	5338	1333	-2230	881	
3461	-8884	5426	1356	-2226	857	
3361	-8869	5513	1377	-2222	832	
3259	-8854	5600	1399	-2218	806	
3155	-8836	5686	1419	-2213	781	
3052	-8818	5772	1441	-2209	755	
2951	-8799	5856	1462	-2204	729	
2846	-8777	5938	1482	-2198	703	
2741	-8755	6020	1503	-2192	677	
2637	-8732	6102	1522	-2187	651	
2533	-8706	6182	1544	-2179	625	
2426	-8679	6262	1563	-2172	598	
2321	-8652	6341	1581	-2164	572	
2216	-8623	6418	1602	-2157	547	
2108	-8593	6494	1619	-2151	519	
2001	-8561	6570	1637	-2143	493	
1895	-8528	6645	1656	-2135	466	
1786	-8495	6718	1674	-2126	439	
1678	-8459	6791	1691	-2116	413	
1571	-8423	6863	1708	-2106	386	
1463	-8384	6933	1728	-2097	360	
1354	-8345	7002	1744	-2088	333	
1244	-8304	7072	1761	-2077	306	
1135	-8263	7138	1779	-2065	280	
1026	-8221	7205	1795	-2054	251	
916	-8177	7270	1811	-2044	225	
806	-8131	7334	1826	-2032	201	
698	-8084	7397	1841	-2021	173	
589	-8036	7458	1857	-2009	145	
479	-7987	7520	1872	-1996	121	
369	-7937	7580	1887	-1984	97	
258	-7886	7638	1900	-1971	72	
149	-7833	7696	1914	-1958	46	
39	-7779	7751	1929	-1943	21	
-70	-7724	7807	1941	-1929	-3	
-180	-7668	7860	1955	-1915	-35	
-290	-7611	7913	1968	-1900	-74	
-399	-7552	7965	1979	-1885	-117	
-509	-7492	8015	1993	-1870	-155	
-619	-7431	8065	2005	-1855	-178	
-729	-7369	8112	2017	-1840	-192	
-839	-7307	8158	2028	-1825	-213	
-947	-7243	8205	2039	-1808	-240	
-1056	-7178	8249	2049	-1791	-271	
-1165	-7111	8292	2060	-1775	-302	
-1276	-7045	8334	2071	-1758	-328	
-1385	-6976	8373	2079	-1740	-353	
-1493	-6905	8412	2089	-1722	-381	
-1601	-6835	8451	2097	-1707	-409	
-1708	-6764	8487	2107	-1687	-437	
-1814	-6692	8523	2116	-1668	-462	
-1921	-6618	8558	2123	-1652	-491	
-2029	-6544	8590	2132	-1632	-516	
-2135	-6468	8621	2141	-1613	-541	
-2241	-6391	8652	2147	-1594	-569	
-2347	-6314	8681	2155	-1573	-596	
-2451	-6236	8708	2161	-1555	-622	
-2557	-6157	8733	2167	-1534	-648	
-2662	-6076	8759	2173	-1514	-675	
-2768	-5995	8783	2179	-1495	-701	
-2873	-5913	8805	2184	-1473	-727	
-2977	-5830	8827	2189	-1452	-753	
-3079	-5746	8846	2194	-1430	-778	
-3183	-5662	8864	2198	-1409	-804	
-3287	-5576	8882	2201	-1388	-829	
-3388	-5489	8897	2206	-1366	-855	
-3488	-5402	8911	2210	-1344	-881	
-3589	-5314	8924	2212	-1323	-905	
-3690	-5226	8936	2215	-1300	-929	
-3791	-5136	8947	2218	-1277	-954	
-3889	-5045	8955	2220	-1255	-980	
-3987	-4954	8962	2221	-1232	-1005	
-4086	-4862	8969	2224	-1209	-1029	
-4183	-4769	8975	2224	-1184	-1052	
-4280	-4675	8978	2225	-1161	-1076	
-4376	-4582	8980	2225	-1138	-1102	
-4472	-4488	8980	2225	-1114	-1124	
-4567	-4392	8980	2226	-1090	-1147	
-4661	-4296	8979	2224	-1066	-1172	
-4755	-4199	8976	2222	-1042	-1195	
-4847	-4101	8971	2221	-1018	-1218	
