-5045	-3888	8955	2218	-964	-1268	
-5136	-3789	8947	2216	-939	-1290	
-5226	-3688	8938	2213	-914	-1312	
-5315	-3587	8925	2209	-889	-1334	
-5403	-3486	8913	2205	-864	-1357	
-5491	-3384	8899	2203	-837	-1378	
-5577	-3283	8885	2199	-813	-1399	
-5663	-3180	8866	2194	-788	-1420	
-5747	-3077	8848	2190	-761	-1442	
-5830	-2973	8830	2184	-736	-1463	
-5914	-2869	8808	2178	-709	-1482	
-5997	-2765	8786	2173	-683	-1504	
-6078	-2660	8762	2167	-657	-1524	
-6157	-2555	8738	2161	-630	-1543	
-6237	-2449	8712	2154	-604	-1563	
-6314	-2343	8684	2147	-577	-1582	
-6393	-2237	8656	2139	-552	-1602	
-6471	-2130	8625	2132	-525	-1622	
-6544	-2023	8593	2124	-498	-1640	
-6619	-1915	8560	2115	-472	-1659	
-6693	-1809	8527	2107	-445	-1677	
-6765	-1701	8492	2099	-418	-1694	
-6837	-1592	8455	2089	-391	-1712	
-6907	-1484	8418	2080	-365	-1729	
-6977	-1376	8378	2070	-338	-1747	
-7046	-1267	8338	2060	-310	-1764	
-7114	-1157	8297	2050	-284	-1780	
-7180	-1048	8253	2039	-257	-1797	
-7244	-940	8209	2027	-230	-1813	
-7309	-830	8165	2016	-203	-1828	
-7372	-721	8117	2004	-175	-1846	
-7432	-611	8070	1991	-149	-1861	
-7493	-501	8022	1980	-124	-1875	
-7554	-391	7971	1967	-98	-1891	
-7614	-281	7921	1954	-72	-1904	
-7670	-171	7868	1942	-46	-1918	
-7725	-63	7813	1928	-20	-1931	
-7780	49	7758	1914	5	-1945	
-7836	159	7703	1899	30	-1959	
-7888	268	7646	1886	59	-1972	
-7939	380	7587	1871	90	-1985	
-7990	489	7528	1856	125	-1997	
-8039	598	7467	1844	161	-2008	
-8087	709	7405	1826	193	-2021	
-8133	818	7342	1811	220	-2032	
-8179	928	7278	1795	242	-2042	
-8224	1038	7213	1777	264	-2055	
-8266	1146	7146	1761	291	-2065	
-8309	1254	7079	1744	319	-2075	
-8349	1363	7010	1726	347	-2086	
-8388	1472	6941	1709	375	-2095	
-8427	1581	6871	1691	402	-2105	
-8464	1689	6799	1674	429	-2113	
-8500	1797	6728	1656	455	-2122	
-8534	1904	6654	1638	482	-2130	
-8566	2011	6578	1619	510	-2137	
-8598	2118	6503	1601	538	-2147	
-8627	2225	6427	1582	565	-2153	
-8658	2332	6350	1562	591	-2160	
-8686	2439	6271	1542	617	-2168	
-8711	2544	6191	1522	642	-2174	
-8738	2649	6111	1502	669	-2180	
-8761	2754	6030	1482	694	-2186	
-8783	2858	5948	1461	721	-2192	
-8804	2962	5865	1441	747	-2197	
-8825	3066	5781	1420	773	-2202	
-8843	3169	5697	1399	800	-2207	
-8859	3271	5611	1378	824	-2210	
-8876	3374	5524	1356	850	-2214	
-8890	3475	5437	1336	877	-2216	
-8904	3576	5349	1313	900	-2219	
-8916	3678	5261	1290	925	-2223	
-8925	3778	5172	1268	950	-2224	
-8934	3878	5082	1245	975	-2227	
-8943	3977	4989	1223	1000	-2228	
-8950	4075	4897	1200	1024	-2230	
-8954	4173	4805	1176	1049	-2232	
-8957	4270	4711	1154	1073	-2232	
-8960	4366	4617	1130	1098	-2232	
-8961	4462	4523	1106	1122	-2232	
-8961	4557	4427	1082	1144	-2233	
-8961	4652	4331	1059	1168	-2232	
-8957	4745	4233	1036	1192	-2230	
-8952	4838	4135	1009	1215	-2231	
-8947	4930	4038	988	1238	-2228	
-8939	5021	3939	963	1261	-2226	
-8931	5113	3839	936	1283	-2223	
-8923	5203	3739	913	1304	-2220	
-8911	5292	3639	888	1327	-2218	
-8898	5381	3538	863	1350	-2215	
-8883	5469	3437	838	1371	-2212	
-8868	5555	3335	812	1393	-2207	
-8853	5641	3232	787	1414	-2203	
-8835	5727	3129	761	1435	-2199	
-8817	5810	3027	737	1457	-2193	
-8797	5895	2922	711	1477	-2188	
-8775	5978	2818	684	1498	-2183	
-8751	6059	2713	658	1518	-2177	
-8727	6140	2608	632	1538	-2170	
-8700	6220	2503	605	1558	-2163	
-8674	6298	2396	579	1578	-2157	
-8647	6376	2290	554	1597	-2149	
-8616	6454	2184	528	1616	-2142	
-8585	6530	2076	500	1635	-2135	
-8552	6604	1967	474	1653	-2126	
-8519	6678	1860	448	1672	-2118	
-8486	6751	1753	422	1690	-2109	
-8450	6822	1644	396	1707	-2100	
-8412	6894	1535	369	1726	-2090	
-8372	6964	1426	341	1743	-2079	
-8333	7033	1317	315	1759	-2070	
-8293	7100	1208	289	1775	-2060	
-8250	7167	1099	261	1793	-2049	
-8207	7233	990	235	1809	-2037	
-8162	7297	880	209	1827	-2026	
-8117	7361	770	181	1842	-2015	
-8070	7424	661	157	1856	-2002	
-8021	7485	551	130	1872	-1991	
-7972	7545	441	104	1886	-1977	
-7921	7605	331	80	1901	-1963	
-7868	7662	221	53	1916	-1951	
-7815	7719	111	28	1931	-1937	
-7760	7775	1	0	1944	-1924	
-7706	7829	-110	-33	1955	-1911	
-7650	7883	-220	-67	1969	-1896	
-7590	7934	-330	-102	1981	-1883	
-7531	7986	-440	-131	1994	-1868	
-7471	8035	-549	-156	2008	-1853	
-7411	8082	-660	-180	2018	-1837	
-7348	8130	-770	-204	2031	-1821	
-7284	8176	-878	-231	2042	-1805	
-7221	8221	-988	-260	2053	-1788	
-7155	8264	-1098	-287	2064	-1773	
-7088	8307	-1207	-315	2075	-1756	
-7020	8348	-1316	-341	2085	-1738	
-6950	8387	-1425	-367	2095	-1720	
-6882	8425	-1534	-396	2103	-1704	
-6811	8464	-1641	-423	2112	-1686	
-6738	8499	-1749	-449	2121	-1667	
-6665	8534	-1857	-475	2130	-1649	
-6591	8567	-1965	-502	2138	-1631	
-6517	8600	-2072	-529	2146	-1613	
-6441	8630	-2179	-554	2153	-1593	
-6364	8660	-2287	-581	2161	-1573	
-6286	8689	-2393	-609	2166	-1554	
-6207	8715	-2499	-635	2174	-1533	
-6127	8740	-2605	-660	2181	-1513	
-6048	8765	-2709	-687	2185	-1494	
-5966	8787	-2814	-712	2191	-1473	
-5883	8809	-2919	-737	2197	-1452	
-5800	8830	-3023	-764	2201	-1431	
-5715	8849	-3126	-791	2205	-1409	
-5630	8867	-3230	-815	2209	-1389	
-5544	8883	-3332	-840	2214	-1367	
-5459	8898	-3434	-866	2217	-1345	
-5372	8911	-3535	-891	2221	-1322	
-5283	8923	-3636	-916	2224	-1301	
-5193	8935	-3737	-943	2224	-1279	
-5102	8944	-3837	-965	2229	-1257	
-5013	8953	-3936	-989	2232	-1234	
-4921	8960	-4035	-1016	2231	-1212	
-4828	8965	-4133	-1039	2233	-1187	
-4737	8969	-4231	-1062	2234	-1164	
-4643	8973	-4327	-1087	2235	-1141	
-4548	8975	-4423	-1110	2235	-1116	
-4453	8973	-4519	-1134	2234	-1093	
-4357	8973	-4614	-1157	2234	-1069	
-4260	8970	-4709	-1180	2233	-1046	
-4163	8966	-4802	-1204	2231	-1021	
-4067	8961	-4894	-1226	2230	-995	
-3968	8954	-4986	-1249	2228	-973	
-3869	8947	-5078	-1272	2228	-947	
-3770	8938	-5167	-1293	2225	-922	
-3670	8927	-5257	-1316	2221	-898	
-3569	8915	-5347	-1339	2218	-872	
-3467	8902	-5435	-1360	2215	-846	
-3365	8887	-5522	-1382	2210	-821	
-3264	8872	-5608	-1404	2206	-797	
-3162	8855	-5694	-1424	2202	-771	
-3058	8836	-5778	-1445	2197	-745	
-2953	8816	-5862	-1466	2191	-719	
-2850	8794	-5945	-1487	2186	-692	
-2745	8771	-6027	-1506	2182	-666	
-2640	8748	-6109	-1525	2176	-639	
-2534	8723	-6189	-1545	2168	-615	
-2429	8696	-6268	-1564	2161	-588	
-2323	8668	-6346	-1584	2154	-561	
-2217	8639	-6424	-1605	2146	-536	
-2111	8609	-6500	-1622	2139	-508	
-2004	8577	-6576	-1641	2130	-482	
-1899	8544	-6651	-1659	2121	-455	
-1792	8509	-6723	-1677	2114	-429	
-1684	8473	-6796	-1695	2105	-401	
-1576	8438	-6868	-1712	2096	-373	
-1467	8400	-6939	-1731	2085	-348	
-1359	8360	-7008	-1746	2075	-321	
-1250	8319	-7075	-1763	2066	-294	
-1141	8277	-7143	-1781	2055	-267	
-1032	8233	-7210	-1796	2044	-239	
-923	8189	-7275	-1812	2032	-213	
-813	8145	-7337	-1829	2019	-187	
-704	8098	-7401	-1843	2007	-160	
-593	8049	-7462	-1859	1995	-135	
-484	7999	-7524	-1874	1984	-109	
-374	7949	-7584	-1888	1971	-82	
-265	7898	-7641	-1902	1958	-58	
-154	7844	-7698	-1916	1944	-33	
-44	7791	-7754	-1930	1931	-8	
64	7735	-7809	-1944	1915	16	
175	7679	-7863	-1956	1903	42	
285	7622	-7916	-1969	1889	72	
394	7563	-7967	-1982	1872	109	
503	7503	-8017	-1994	1858	149	
612	7441	-8066	-2006	1843	185	
722	7379	-8114	-2018	1826	211	
832	7317	-8161	-2029	1810	232	
942	7253	-8206	-2041	1794	253	
1050	7187	-8250	-2051	1778	278	
1158	7121	-8292	-2062	1761	306	
1268	7054	-8334	-2072	1745	335	
1376	6985	-8375	-2081	1726	364	
1486	6915	-8413	-2092	1708	390	
1596	6845	-8450	-2099	1693	417	
1702	6773	-8487	-2109	1674	445	
1811	6700	-8523	-2120	1655	469	
1918	6626	-8557	-2125	1637	498	
2024	6552	-8589	-2133	1618	525	
2131	6475	-8621	-2141	1600	551	
2238	6399	-8651	-2149	1579	578	
2345	6322	-8679	-2156	1560	604	
2450	6243	-8707	-2161	1541	631	
2554	6164	-8733	-2168	1520	657	
2657	6083	-8758	-2173	1501	683	
2764	6001	-8781	-2179	1480	710	
2869	5920	-8803	-2186	1459	735	
2973	5836	-8824	-2190	1440	761	
3075	5753	-8843	-2194	1417	787	
3179	5667	-8862	-2200	1396	813	
3283	5582	-8879	-2204	1374	839	
3383	5495	-8894	-2206	1352	864	
3484	5407	-8908	-2209	1330	890	
3585	5320	-8921	-2213	1307	915	
3685	5231	-8931	-2215	1286	940	
3786	5141	-8942	-2219	1263	963	
3885	5051	-8951	-2220	1240	988	
3983	4959	-8958	-2222	1218	1014	
4082	4867	-8965	-2222	1195	1039	
4179	4774	-8969	-2222	1172	1063	
4275	4681	-8973	-2224	1149	1086	
4372	4586	-8975	-2224	1126	1110	
4467	4492	-8976	-2224	1101	1135	
4561	4397	-8975	-2224	1077	1157	
4656	4300	-8972	-2223	1053	1181	
4748	4202	-8969	-2224	1028	1204	
4840	4105	-8965	-2222	1003	1227	
4934	4008	-8958	-2218	979	1251	
5025	3908	-8950	-2218	954	1273	
5116	3808	-8942	-2215	929	1295	
5206	3709	-8932	-2212	904	1318	
5292	3609	-8920	-2209	880	1340	
5381	3507	-8907	-2206	855	1362	
5470	3406	-8893	-2202	829	1383	
5555	3304	-8877	-2197	804	1405	
5640	3201	-8861	-2193	778	1427	
5725	3099	-8843	-2191	751	1448	
5809	2995	-8823	-2184	726	1468	
5893	2890	-8802	-2178	700	1488	
5974	2786	-8780	-2174	673	1509	
6055	2681	-8757	-2167	648	1529	
6136	2576	-8731	-2160	621	1549	
6215	2471	-8704	-2154	593	1568	
6294	2364	-8678	-2147	568	1588	
6371	2258	-8649	-2139	542	1608	
6448	2151	-8619	-2132	515	1626	
6523	2045	-8588	-2124	489	1644	
6597	1937	-8555	-2116	462	1664	
6672	1830	-8521	-2107	434	1682	
6743	1722	-8486	-2098	407	1700	
6815	1613	-8450	-2089	382	1717	
6887	1505	-8411	-2079	356	1736	
6955	1397	-8372	-2070	328	1752	
7023	1287	-8332	-2059	302	1769	
7092	1178	-8291	-2050	275	1785	
7157	1070	-8248	-2038	248	1802	
7222	960	-8203	-2027	221	1819	
7286	850	-8158	-2016	193	1833	
7350	741	-8111	-2004	170	1850	
7412	631	-8064	-1992	145	1865	
7472	522	-8016	-1981	115	1880	
7532	412	-7965	-1967	90	1895	
7589	302	-7914	-1953	65	1909	
7647	192	-7861	-1940	39	1923	
7705	82	-7807	-1927	13	1938	
7760	-29	-7752	-1914	-16	1952	
7813	-139	-7696	-1899	-48	1964	
7865	-248	-7639	-1886	-85	1977	
7916	-358	-7581	-1872	-120	1990	
7967	-468	-7521	-1856	-152	2001	
8017	-579	-7461	-1842	-176	2013	
8065	-688	-7399	-1825	-195	2026	
8111	-797	-7336	-1809	-220	2037	
8155	-907	-7272	-1794	-249	2048	
8201	-1016	-7207	-1778	-278	2060	
8244	-1126	-7140	-1761	-306	2071	
8285	-1234	-7073	-1744	-333	2080	
8327	-1341	-7004	-1726	-360	2091	
8366	-1451	-6935	-1710	-387	2101	
8404	-1560	-6865	-1692	-414	2111	
8440	-1668	-6794	-1673	-441	2120	
8475	-1776	-6721	-1655	-467	2128	
8510	-1882	-6648	-1637	-494	2136	
8544	-1990	-6572	-1617	-521	2145	
8576	-2097	-6497	-1599	-548	2152	
8606	-2204	-6421	-1580	-574	2159	
8635	-2311	-6344	-1561	-601	2167	
8662	-2416	-6266	-1543	-628	2173	
8689	-2522	-6187	-1522	-653	2180	
8713	-2627	-6106	-1502	-680	2185	
8737	-2732	-6023	-1482	-706	2192	
8760	-2837	-5942	-1461	-733	2198	
8782	-2941	-5859	-1441	-759	2202	
8801	-3044	-5775	-1419	-784	2208	
8819	-3148	-5691	-1398	-810	2212	
8838	-3251	-5605	-1376	-835	2217	
8854	-3352	-5518	-1354	-861	2220	
8866	-3454	-5431	-1334	-886	2222	
8879	-3555	-5343	-1311	-911	2226	
8892	-3656	-5254	-1290	-936	2229	
8903	-3757	-5165	-1268	-961	2231	
8911	-3857	-5075	-1245	-987	2233	
8918	-3956	-4984	-1223	-1011	2234	
8925	-4053	-4891	-1200	-1035	2235	
8931	-4150	-4798	-1176	-1060	2237	
8936	-4247	-4705	-1153	-1084	2239	
8938	-4345	-4610	-1129	-1108	2238	
8939	-4441	-4516	-1105	-1133	2238	
8938	-4535	-4420	-1083	-1155	2238	
8936	-4630	-4325	-1059	-1178	2237	
8934	-4724	-4227	-1034	-1202	2237	
8929	-4816	-4129	-1009	-1225	2236	
8923	-4910	-4030	-985	-1249	2234	
8917	-5001	-3932	-961	-1272	2231	
8908	-5092	-3834	-937	-1294	2229	
8898	-5182	-3733	-912	-1317	2226	
8886	-5271	-3633	-888	-1339	2224	
8874	-5359	-3532	-862	-1360	2222	
8863	-5447	-3430	-836	-1383	2218	
8848	-5534	-3328	-811	-1405	2212	
8830	-5620	-3225	-786	-1426	2207	
8811	-5705	-3122	-761	-1448	2203	
8793	-5790	-3020	-735	-1467	2199	
8773	-5874	-2915	-709	-1487	2194	
8750	-5955	-2811	-684	-1509	2187	
8727	-6037	-2705	-657	-1529	2183	
8704	-6118	-2600	-631	-1550	2177	
8678	-6198	-2494	-605	-1570	2169	
8652	-6277	-2388	-578	-1589	2163	
8622	-6355	-2282	-552	-1608	2156	
8591	-6431	-2174	-525	-1627	2148	
8562	-6507	-2067	-500	-1646	2140	
8530	-6582	-1960	-474	-1663	2132	
8497	-6657	-1852	-446	-1683	2123	
8463	-6730	-1745	-421	-1702	2114	
8425	-6801	-1637	-392	-1717	2105	
8388	-6873	-1528	-366	-1736	2095	
8350	-6943	-1419	-342	-1755	2085	
8309	-7011	-1310	-313	-1771	2076	
8269	-7079	-1201	-286	-1788	2065	
8228	-7146	-1093	-259	-1804	2054	
8185	-7212	-984	-232	-1820	2043	
8138	-7277	-874	-206	-1836	2032	
8091	-7339	-764	-179	-1852	2021	
8045	-7402	-654	-152	-1868	2008	
7996	-7463	-543	-126	-1882	1996	
7947	-7523	-433	-100	-1898	1984	
7896	-7582	-324	-74	-1914	1969	
7845	-7641	-214	-48	-1926	1956	
7791	-7698	-104	-23	-1939	1945	
7737	-7754	7	2	-1955	1930	
7681	-7808	116	29	-1968	1915	
7624	-7860	227	58	-1980	1902	
7567	-7913	338	85	-1995	1887	
7509	-7965	447	117	-2006	1873	
7447	-8014	558	151	-2018	1859	
7385	-8062	667	182	-2030	1842	
7323	-8108	777	210	-2043	1826	
7259	-8155	885	234	-2056	1808	
7196	-8200	995	260	-2064	1793	
7132	-8243	1105	286	-2073	1778	
7064	-8286	1214	313	-2084	1760	
6997	-8326	1323	342	-2094	1744	
6927	-8366	1432	369	-2105	1726	
6857	-8405	1540	395	-2115	1707	
6786	-8443	1649	422	-2123	1690	
6715	-8478	1757	448	-2132	1672	
6644	-8512	1864	475	-2141	1654	
6569	-8547	1973	503	-2150	1635	
6492	-8579	2081	529	-2157	1616	
6417	-8609	2188	555	-2164	1598	
6339	-8639	2295	581	-2172	1578	
6262	-8668	2401	608	-2177	1560	
6183	-8694	2508	636	-2184	1539	
6103	-8719	2613	661	-2190	1519	
6023	-8744	2717	687	-2196	1500	
5941	-8767	2823	713	-2202	1478	
5859	-8789	2927	737	-2207	1457	
5776	-8809	3031	763	-2213	1436	
5691	-8828	3134	790	-2218	1415	
5607	-8846	3237	815	-2221	1394	
5521	-8862	3340	840	-2225	1373	
5434	-8877	3441	866	-2229	1350	
5347	-8891	3543	890	-2232	1328	
5258	-8903	3643	915	-2234	1306	
5169	-8914	3745	940	-2236	1284	
5078	-8924	3845	966	-2239	1261	
4987	-8932	3944	991	-2241	1239	
4897	-8939	4043	1015	-2243	1217	
4806	-8945	4139	1038	-2244	1193	
4713	-8948	4238	1061	-2246	1170	
4618	-8952	4335	1086	-2246	1146	
4522	-8954	4431	1111	-2245	1123	
4429	-8953	4526	1133	-2246	1098	
4334	-8953	4621	1157	-2245	1075	
4237	-8950	4716	1180	-2243	1050	
4140	-8946	4808	1203	-2243	1027	
4042	-8941	4901	1226	-2241	1002	
3943	-8934	4994	1248	-2240	976	
3844	-8926	5085	1273	-2237	954	
3746	-8917	5175	1294	-2234	927	
3646	-8907	5266	1315	-2233	901	
3546	-8894	5354	1339	-2228	879	
3445	-8881	5442	1360	-2226	852	
3342	-8867	5529	1381	-2222	827	
3239	-8851	5616	1402	-2217	802	
3137	-8834	5701	1423	-2213	775	
3035	-8815	5786	1445	-2207	750	
2931	-8795	5870	1465	-2203	725	
2827	-8774	5952	1486	-2197	699	
2724	-8751	6034	1505	-2191	673	
2619	-8727	6116	1524	-2185	646	
2513	-8701	6196	1547	-2177	621	
2407	-8675	6276	1565	-2172	593	
2301	-8647	6354	1582	-2165	566	
2196	-8618	6431	1603	-2157	541	
2090	-8589	6508	1622	-2150	514	
1983	-8556	6583	1641	-2141	489	
1874	-8523	6658	1660	-2132	462	
1767	-8489	6731	1678	-2123	434	
1660	-8453	6803	1695	-2115	409	
1551	-8416	6874	1713	-2105	381	
1443	-8378	6945	1731	-2095	355	
1335	-8339	7014	1747	-2085	329	
1225	-8298	7083	1765	-2075	301	
1115	-8255	7150	1781	-2065	274	
1006	-8212	7217	1796	-2053	248	
898	-8168	7281	1812	-2043	221	
788	-8123	7345	1828	-2032	195	
679	-8076	7408	1844	-2018	169	
569	-8028	7469	1859	-2007	143	
458	-7979	7530	1874	-1995	118	
350	-7928	7591	1888	-1981	92	
240	-7877	7649	1903	-1968	66	
131	-7823	7705	1917	-1954	43	
21	-7769	7761	1931	-1942	17	
-88	-7714	7816	1946	-1926	-9	
-198	-7657	7870	1957	-1911	-41	
-309	-7601	7923	1968	-1899	-81	
-418	-7543	7974	1984	-1882	-124	
-527	-7482	8023	1994	-1869	-159	
-638	-7421	8073	2006	-1853	-180	
-748	-7359	8120	2019	-1836	-195	
-856	-7295	8166	2030	-1822	-217	
-967	-7231	8211	2041	-1805	-246	
-1077	-7166	8257	2051	-1788	-277	
-1187	-7099	8300	2061	-1772	-306	
-1294	-7032	8341	2071	-1755	-332	
-1403	-6963	8381	2080	-1737	-359	
-1512	-6894	8420	2092	-1719	-385	
-1618	-6823	8457	2100	-1702	-413	
-1727	-6752	8493	2109	-1683	-440	
-1833	-6678	8529	2119	-1664	-466	
-1940	-6605	8563	2125	-1647	-494	
-2049	-6531	8597	2134	-1628	-520	
-2154	-6454	8627	2142	-1608	-546	
-2259	-6379	8657	2148	-1589	-574	
-2366	-6301	8686	2155	-1570	-599	
-2471	-6221	8713	2162	-1551	-625	
-2577	-6143	8739	2168	-1530	-653	
-2682	-6062	8764	2174	-1510	-679	
-2786	-5980	8787	2179	-1491	-705	
-2891	-5898	8810	2185	-1470	-731	
-2994	-5815	8830	2191	-1447	-756	
-3098	-5732	8849	2195	-1426	-783	
-3202	-5646	8868	2200	-1405	-808	
-3303	-5560	8885	2203	-1384	-834	
-3406	-5474	8899	2206	-1364	-859	
-3507	-5387	8914	2210	-1341	-883	
-3607	-5299	8927	2213	-1317	-909	
-3708	-5210	8938	2217	-1295	-935	
-3808	-5120	8948	2217	-1273	-960	
-3907	-5029	8956	2219	-1251	-984	
-4006	-4937	8965	2223	-1227	-1007	
-4105	-4845	8971	2222	-1206	-1034	
-4201	-4753	8975	2222	-1182	-1058	
-4298	-4660	8979	2226	-1156	-1080	
-4393	-4565	8981	2224	-1135	-1106	
-4488	-4471	8982	2224	-1111	-1129	
-4585	-4375	8980	2226	-1086	-1152	
-4678	-4278	8978	2223	-1062	-1176	
-4771	-4182	8974	2223	-1038	-1198	
-4863	-4084	8969	2221	-1014	-1223	
-4955	-3985	8965	2220	-989	-1245	
-5047	-3888	8956	2218	-964	-1267	
-5138	-3787	8947	2214	-939	-1289	
-5227	-3687	8938	2213	-914	-1311	
-5317	-3586	8926	2209	-890	-1335	
-5404	-3485	8914	2205	-864	-1356	
-5492	-3384	8898	2204	-837	-1378	
-5579	-3282	8883	2198	-813	-1401	
-5664	-3179	8866	2192	-787	-1422	
-5748	-3076	8848	2190	-760	-1441	
-5832	-2972	8829	2184	-735	-1463	
-5915	-2868	8807	2178	-709	-1483	
-5997	-2763	8785	2174	-683	-1503	
-6077	-2660	8761	2167	-657	-1524	
-6158	-2554	8737	2161	-631	-1544	
-6237	-2448	8711	2155	-604	-1564	
-6316	-2342	8683	2147	-579	-1583	
-6393	-2235	8655	2140	-552	-1601	
-6469	-2129	8624	2132	-524	-1621	
-6547	-2022	8594	2125	-497	-1640	
-6620	-1915	8560	2117	-470	-1658	
-6693	-1807	8526	2107	-445	-1677	
-6766	-1699	8492	2099	-419	-1696	
-6837	-1592	8454	2090	-390	-1713	
-6908	-1483	8417	2080	-364	-1730	
-6978	-1374	8378	2070	-336	-1746	
-7047	-1267	8338	2059	-310	-1764	
-7115	-1157	8297	2049	-284	-1781	
-7179	-1047	8253	2038	-256	-1797	
-7244	-937	8209	2027	-229	-1814	
-7310	-828	8164	2017	-201	-1829	
-7372	-720	8116	2004	-175	-1844	
-7434	-609	8069	1993	-149	-1860	
-7496	-500	8020	1982	-122	-1874	
-7556	-390	7971	1967	-96	-1890	
-7613	-280	7919	1954	-72	-1904	
-7670	-170	7867	1941	-45	-1918	
-7727	-60	7813	1928	-20	-1933	
-7783	49	7758	1915	5	-1946	
-7836	160	7702	1900	31	-1959	
-7888	270	7645	1885	60	-1971	
-7939	380	7586	1871	91	-1985	
-7990	491	7527	1856	126	-1997	
-8040	600	7466	1840	162	-2008	
-8087	709	7404	1826	194	-2022	
-8134	820	7341	1811	221	-2032	
-8180	928	7278	1794	242	-2042	
-8224	1038	7212	1778	265	-2055	
-8269	1147	7146	1761	291	-2066	
-8310	1256	7079	1744	319	-2075	
-8349	1366	7009	1726	348	-2086	
-8389	1474	6940	1709	376	-2096	
-8427	1582	6870	1692	403	-2104	
-8464	1690	6800	1673	429	-2114	
-8499	1798	6726	1657	456	-2122	
-8534	1906	6653	1636	482	-2131	
-8567	2014	6579	1617	509	-2140	
-8598	2120	6502	1601	538	-2147	
-8629	2226	6427	1581	564	-2155	
-8657	2333	6349	1561	589	-2161	
-8686	2439	6270	1542	617	-2166	
-8713	2545	6190	1522	643	-2174	
-8738	2651	6111	1503	669	-2180	
-8760	2755	6029	1481	695	-2186	
-8783	2860	5947	1461	721	-2191	
-8806	2964	5865	1441	748	-2195	
-8825	3068	5780	1419	774	-2201	
-8844	3171	5695	1399	799	-2206	
-8860	3273	5610	1376	824	-2210	
-8876	3376	5524	1355	850	-2214	
-8890	3476	5437	1335	877	-2216	
-8904	3577	5348	1310	900	-2221	
-8916	3678	5260	1290	925	-2223	
-8926	3780	5171	1268	951	-2224	
-8935	3880	5080	1244	976	-2227	
-8943	3978	4988	1224	1001	-2229	
-8949	4076	4896	1200	1024	-2230	
-8954	4173	4803	1177	1049	-2231	
-8958	4271	4709	1154	1073	-2231	
-8961	4367	4616	1130	1097	-2232	
-8962	4462	4522	1107	1121	-2232	
-8962	4558	4426	1083	1144	-2231	
-8961	4653	4330	1060	1169	-2232	
-8957	4747	4232	1036	1194	-2231	
-8952	4840	4135	1011	1216	-2229	
-8947	4932	4037	987	1237	-2228	
-8940	5023	3938	961	1260	-2225	
-8932	5114	3839	937	1283	-2223	
-8922	5205	3738	912	1306	-2221	
-8910	5294	3639	886	1329	-2218	
-8898	5381	3538	863	1349	-2215	
-8884	5469	3435	837	1371	-2210	
-8869	5557	3334	811	1393	-2206	
-8853	5642	3231	787	1414	-2204	
-8834	5727	3128	762	1436	-2198	
-8816	5812	3025	736	1458	-2193	
-8796	5895	2920	710	1479	-2188	
-8773	5978	2817	685	1500	-2181	
-8751	6059	2712	657	1518	-2176	
-8726	6140	2606	632	1538	-2170	
-8702	6221	2502	606	1559	-2163	
-8675	6299	2396	579	1578	-2157	
-8645	6377	2289	553	1597	-2149	
-8615	6453	2181	527	1617	-2142	
-8584	6530	2073	501	1635	-2134	
-8554	6604	1966	474	1653	-2125	
-8520	6678	1859	448	1672	-2117	
-8485	6752	1751	423	1690	-2107	
-8450	6823	1642	396	1709	-2099	
-8411	6895	1534	370	1727	-2091	
-8372	6965	1424	343	1744	-2079	
-8332	7034	1316	315	1761	-2070	
-8292	7101	1208	287	1777	-2061	
-8251	7168	1097	261	1793	-2049	
-8207	7235	989	235	1810	-2038	
-8161	7299	879	208	1826	-2026	
-8115	7362	769	182	1841	-2014	
-8068	7423	660	156	1857	-2003	
-8020	7485	549	130	1872	-1991	
-7970	7546	440	104	1886	-1978	
-7920	7605	330	78	1901	-1965	
-7867	7662	219	54	1917	-1952	
-7814	7719	109	27	1930	-1939	
-7760	7775	-1	-2	1943	-1924	
-7704	7829	-111	-32	1957	-1909	
-7647	7883	-221	-68	1969	-1898	
-7590	7935	-331	-102	1983	-1882	
-7531	7985	-441	-132	1995	-1867	
-7471	8035	-551	-158	2007	-1852	
-7409	8083	-661	-180	2019	-1836	
-7346	8131	-770	-205	2030	-1822	
-7283	8176	-881	-231	2042	-1804	
-7220	8221	-990	-262	2052	-1789	
-7154	8265	-1098	-289	2063	-1772	
-7088	8307	-1208	-313	2075	-1755	
-7018	8348	-1318	-343	2084	-1739	
-6950	8387	-1426	-368	2094	-1720	
-6880	8427	-1535	-395	2104	-1702	
-6808	8464	-1644	-424	2112	-1686	
-6736	8499	-1751	-449	2121	-1667	
-6664	8534	-1858	-476	2130	-1650	
-6592	8567	-1965	-502	2139	-1630	
-6516	8600	-2073	-528	2146	-1612	
-6439	8631	-2180	-555	2154	-1593	
-6362	8660	-2287	-581	2161	-1571	
-6285	8689	-2394	-609	2165	-1554	
-6206	8716	-2500	-635	2173	-1535	
-6126	8741	-2606	-660	2181	-1513	
-6047	8765	-2711	-688	2186	-1494	
-5965	8788	-2816	-713	2191	-1472	
-5883	8810	-2920	-738	2197	-1451	
-5799	8830	-3024	-765	2202	-1431	
-5713	8848	-3127	-791	2206	-1409	
-5630	8867	-3230	-816	2211	-1388	
-5544	8884	-3333	-842	2214	-1367	
-5458	8898	-3435	-866	2217	-1346	
-5369	8911	-3537	-891	2221	-1323	
-5281	8924	-3638	-917	2224	-1300	
-5192	8935	-3738	-940	2227	-1278	
-5101	8944	-3837	-965	2229	-1255	
-5011	8952	-3936	-989	2230	-1233	
-4918	8960	-4036	-1014	2232	-1210	
-4827	8966	-4135	-1040	2233	-1187	
-4736	8969	-4231	-1062	2233	-1164	
-4641	8972	-4328	-1087	2233	-1140	
-4546	8973	-4425	-1111	2234	-1117	
-4451	8974	-4521	-1134	2234	-1092	
-4356	8973	-4615	-1158	2234	-1069	
-4260	8970	-4709	-1180	2234	-1044	
-4163	8966	-4802	-1203	2233	-1020	
-4065	8960	-4894	-1226	2230	-996	
-3966	8954	-4988	-1248	2229	-969	
-3868	8947	-5079	-1272	2227	-946	
-3768	8938	-5169	-1293	2225	-922	
-3668	8927	-5258	-1314	2222	-896	
-3569	8915	-5347	-1339	2218	-871	
-3466	8901	-5436	-1360	2214	-846	
-3364	8887	-5523	-1381	2211	-822	
-3262	8871	-5610	-1404	2206	-795	
-3159	8854	-5695	-1424	2202	-769	
-3057	8836	-5779	-1445	2198	-745	
-2954	8815	-5864	-1466	2193	-718	
-2850	8793	-5946	-1486	2187	-692	
-2745	8771	-6027	-1506	2181	-665	
-2639	8748	-6109	-1525	2175	-640	
-2534	8723	-6190	-1546	2168	-614	
-2428	8696	-6269	-1565	2162	-586	
-2323	8667	-6347	-1583	2154	-561	
-2217	8638	-6425	-1603	2146	-534	
-2110	8608	-6501	-1623	2137	-508	
-2004	8576	-6576	-1641	2130	-482	
-1896	8543	-6651	-1659	2122	-455	
-1789	8509	-6725	-1676	2113	-429	
-1683	8473	-6797	-1695	2105	-400	
-1575	8437	-6868	-1713	2095	-375	
-1467	8399	-6939	-1729	2085	-347	
-1358	8359	-7008	-1748	2073	-320	
-1249	8319	-7077	-1765	2064	-294	
-1140	8277	-7144	-1781	2055	-267	
-1031	8233	-7209	-1798	2042	-241	
-921	8189	-7275	-1813	2032	-213	
-811	8143	-7339	-1828	2020	-187	
-702	8096	-7401	-1844	2008	-160	
-592	8049	-7464	-1858	1997	-134	
-482	7999	-7524	-1874	1984	-108	
-372	7948	-7584	-1889	1970	-82	
-262	7897	-7642	-1902	1957	-57	
-153	7843	-7699	-1916	1944	-32	
-43	7789	-7755	-1930	1930	-8	
67	7735	-7809	-1945	1916	16	
177	7679	-7864	-1958	1902	43	
285	7620	-7916	-1969	1888	72	
393	7562	-7967	-1983	1872	108	
504	7502	-8017	-1994	1857	149	
615	7441	-8066	-2006	1842	185	
725	7379	-8115	-2019	1826	213	
833	7316	-8161	-2030	1811	233	
941	7251	-8206	-2041	1794	252	
1051	7186	-8250	-2051	1778	277	
1160	7120	-8292	-2061	1761	306	
1271	7053	-8335	-2071	1743	335	
1379	6984	-8375	-2081	1726	365	
1486	6915	-8414	-2090	1710	392	
1596	6844	-8451	-2100	1692	417	
1704	6772	-8487	-2109	1674	445	
1813	6700	-8523	-2117	1655	471	
1920	6625	-8556	-2126	1637	498	
2025	6551	-8589	-2133	1618	525	
2133	6475	-8621	-2142	1599	552	
2240	6398	-8652	-2149	1581	579	
2345	6320	-8681	-2155	1560	605	
2450	6243	-8707	-2162	1539	632	
2555	6163	-8733	-2168	1520	658	
2661	6082	-8758	-2174	1499	683	
2765	6001	-8781	-2180	1478	710	
2871	5919	-8803	-2184	1459	737	
2974	5835	-8825	-2191	1438	761	
3076	5751	-8844	-2194	1417	788	
3180	5667	-8862	-2198	1396	814	
3282	5580	-8879	-2204	1373	838	
3383	5494	-8894	-2206	1352	864	
3485	5407	-8908	-2210	1330	890	
3586	5318	-8921	-2214	1308	915	
3687	5229	-8933	-2215	1286	940	
3786	5140	-8942	-2217	1263	964	
3886	5050	-8951	-2219	1239	990	
3983	4958	-8958	-2221	1217	1014	
4081	4867	-8964	-2222	1195	1038	
4180	4773	-8970	-2223	1171	1062	
4275	4679	-8973	-2224	1148	1087	
4372	4585	-8975	-2224	1125	1111	
4467	4490	-8975	-2224	1101	1135	
4561	4395	-8975	-2225	1076	1159	
4655	4297	-8972	-2223	1051	1181	
4749	4201	-8968	-2221	1027	1205	
4842	4104	-8965	-2221	1002	1228	
4934	4005	-8958	-2219	979	1251	
5026	3907	-8950	-2217	954	1274	
5116	3807	-8943	-2216	928	1295	
5204	3707	-8932	-2212	905	1318	
5294	3607	-8919	-2210	879	1339	
5384	3506	-8908	-2206	854	1361	
5469	3405	-8893	-2200	830	1384	
5554	3303	-8877	-2198	803	1405	
5641	3199	-8861	-2193	777	1426	
5726	3097	-8843	-2189	752	1447	
5810	2994	-8823	-2184	725	1468	
5892	2890	-8802	-2178	699	1489	
5975	2785	-8780	-2174	673	1509	
6058	2680	-8756	-2168	646	1529	
6137	2575	-8731	-2160	621	1549	
6216	2470	-8705	-2153	594	1569	
6294	2363	-8678	-2148	568	1589	
6372	2258	-8649	-2141	541	1607	
6450	2150	-8618	-2132	515	1626	
6524	2042	-8587	-2124	489	1645	
6598	1936	-8555	-2117	460	1663	
6672	1828	-8521	-2107	434	1682	
6744	1720	-8485	-2098	408	1701	
6817	1613	-8450	-2089	381	1718	
6886	1504	-8412	-2080	355	1735	
6955	1396	-8373	-2070	328	1753	
7025	1287	-8333	-2060	301	1768	
7093	1177	-8290	-2049	274	1786	
7159	1068	-8247	-2038	248	1803	
7223	959	-8203	-2026	222	1819	
7288	850	-8157	-2016	194	1835	
7350	740	-8110	-2004	169	1850	
7411	630	-8064	-1990	144	1866	
7473	520	-8014	-1980	116	1880	
7532	410	-7964	-1967	89	1895	
7591	301	-7913	-1953	65	1910	
7650	190	-7860	-1942	39	1924	
7705	80	-7806	-1927	13	1938	
7759	-30	-7751	-1913	-17	1952	
7813	-139	-7695	-1900	-49	1965	
7867	-249	-7638	-1885	-85	1976	
7919	-360	-7580	-1871	-122	1989	
7970	-470	-7521	-1856	-151	2002	
8018	-579	-7460	-1839	-174	2016	
8066	-690	-7398	-1825	-196	2027	
8112	-798	-7334	-1809	-220	2038	
8158	-908	-7271	-1792	-248	2051	
8203	-1018	-7207	-1778	-279	2060	
8245	-1126	-7139	-1760	-307	2071	
8288	-1236	-7072	-1743	-333	2081	
8328	-1344	-7004	-1726	-360	2090	
8366	-1453	-6934	-1709	-387	2101	
8404	-1560	-6863	-1692	-414	2110	
8441	-1668	-6792	-1673	-441	2120	
8477	-1777	-6721	-1655	-468	2128	
8510	-1883	-6648	-1637	-494	2137	
8544	-1991	-6572	-1617	-521	2145	
8577	-2098	-6497	-1599	-548	2152	
8606	-2205	-6419	-1579	-574	2160	
8634	-2312	-6343	-1560	-601	2168	
8663	-2417	-6264	-1542	-628	2173	
8689	-2523	-6184	-1522	-655	2179	
8714	-2628	-6104	-1502	-681	2186	
8739	-2733	-6023	-1482	-707	2191	
8762	-2837	-5940	-1461	-732	2197	
8781	-2941	-5857	-1440	-758	2203	
8800	-3045	-5774	-1419	-785	2208	
8819	-3149	-5690	-1398	-810	2212	
8837	-3251	-5603	-1376	-837	2215	
8853	-3353	-5517	-1355	-862	2219	
8867	-3455	-5430	-1333	-887	2223	
8879	-3556	-5342	-1311	-912	2226	
8891	-3657	-5253	-1289	-937	2229	
8902	-3758	-5164	-1267	-963	2232	
8910	-3857	-5074	-1245	-987	2232	
8919	-3956	-4982	-1222	-1012	2235	
8927	-4054	-4890	-1199	-1037	2237	
8932	-4152	-4797	-1176	-1060	2237	
8934	-4249	-4703	-1154	-1085	2238	
8936	-4345	-4609	-1130	-1109	2239	
8938	-4442	-4514	-1106	-1133	2239	
8937	-4536	-4420	-1084	-1157	2238	
8935	-4631	-4324	-1059	-1180	2238	
8934	-4724	-4226	-1033	-1202	2236	
8929	-4818	-4128	-1011	-1226	2234	
8923	-4911	-4030	-985	-1250	2233	
8916	-5002	-3931	-962	-1273	2231	
8907	-5093	-3832	-938	-1295	2228	
8898	-5183	-3732	-912	-1317	2227	
8888	-5272	-3632	-887	-1340	2224	
8875	-5361	-3531	-861	-1361	2221	
8861	-5448	-3429	-836	-1383	2217	
8845	-5535	-3327	-810	-1405	2213	
8828	-5621	-3223	-786	-1426	2209	
8812	-5706	-3121	-762	-1449	2203	
8793	-5791	-3018	-734	-1468	2199	
8772	-5873	-2914	-708	-1488	2194	
8749	-5956	-2809	-683	-1510	2187	
8727	-6039	-2704	-657	-1530	2181	
8704	-6120	-2599	-631	-1550	2177	
8677	-6199	-2492	-605	-1569	2169	
8650	-6277	-2386	-578	-1589	2163	
8622	-6356	-2280	-552	-1609	2156	
8593	-6432	-2173	-526	-1627	2148	
8562	-6508	-2065	-499	-1646	2140	
8530	-6584	-1958	-473	-1664	2132	
8496	-6657	-1851	-446	-1682	2123	
8461	-6731	-1743	-418	-1701	2114	
8424	-6802	-1636	-392	-1718	2105	
8389	-6874	-1528	-365	-1737	2095	
8350	-6945	-1419	-338	-1754	2086	
8309	-7013	-1309	-313	-1772	2076	
8269	-7080	-1200	-286	-1789	2065	
8227	-7147	-1092	-259	-1804	2054	
8182	-7213	-981	-233	-1820	2043	
8138	-7277	-871	-204	-1836	2031	
8092	-7341	-762	-179	-1852	2021	
8045	-7403	-652	-153	-1868	2009	
7997	-7464	-543	-127	-1883	1996	
7948	-7525	-433	-99	-1897	1983	
7896	-7584	-323	-73	-1911	1970	
7843	-7642	-213	-48	-1926	1956	
7791	-7699	-102	-20	-1939	1944	
7736	-7754	7	5	-1954	1931	
7680	-7807	118	30	-1968	1915	
7624	-7861	228	56	-1981	1900	
7567	-7914	337	85	-1996	1886	
7506	-7965	448	117	-2007	1871	
7446	-8014	558	150	-2019	1857	
7387	-8062	668	181	-2031	1841	
7324	-8109	778	210	-2043	1826	
7261	-8155	887	235	-2054	1810	
7196	-8200	997	260	-2064	1793	
7129	-8243	1106	287	-2074	1776	
7063	-8286	1215	314	-2085	1760	
6995	-8327	1325	342	-2096	1743	
6927	-8367	1433	370	-2104	1726	
6857	-8406	1542	395	-2114	1709	
6786	-8443	1650	422	-2123	1690	
6715	-8478	1758	449	-2133	1672	
6640	-8513	1866	475	-2142	1654	
6566	-8547	1975	503	-2149	1634	
6492	-8579	2082	529	-2157	1617	
6416	-8610	2189	555	-2164	1598	
6340	-8640	2296	582	-2171	1578	
6262	-8668	2403	607	-2179	1558	
6181	-8694	2510	634	-2185	1538	
6103	-8720	2614	661	-2190	1519	
6022	-8744	2719	687	-2197	1498	
5940	-8767	2823	713	-2203	1478	
5858	-8789	2927	739	-2207	1458	
5773	-8809	3033	763	-2213	1437	
5692	-8827	3135	790	-2217	1416	
5606	-8846	3237	816	-2221	1393	
5519	-8862	3340	841	-2225	1372	
5432	-8877	3443	866	-2228	1351	
5344	-8891	3544	892	-2231	1328	
5257	-8903	3645	917	-2235	1306	
5168	-8914	3747	940	-2238	1283	
5077	-8924	3846	966	-2238	1261	
4987	-8933	3945	991	-2241	1238	
4895	-8939	4044	1013	-2245	1216	
4803	-8945	4142	1038	-2245	1193	
4710	-8949	4239	1063	-2245	1170	
4615	-8952	4336	1087	-2246	1147	
4523	-8954	4432	1111	-2246	1122	
4429	-8953	4527	1134	-2247	1099	
4332	-8953	4622	1158	-2246	1075	
4234	-8950	4716	1181	-2244	1049	
4138	-8947	4810	1204	-2243	1026	
4040	-8941	4903	1227	-2242	1003	
3942	-8933	4994	1249	-2239	977	
3843	-8926	5086	1272	-2237	953	
3744	-8917	5177	1295	-2234	927	
3645	-8906	5267	1317	-2231	902	
3544	-8894	5355	1338	-2229	877	
3442	-8881	5442	1360	-2226	852	
3340	-8866	5530	1381	-2221	827	
3240	-8850	5617	1403	-2217	801	
3138	-8833	5702	1423	-2213	776	
3034	-8815	5787	1444	-2208	751	
2930	-8794	5871	1465	-2203	725	
2824	-8773	5954	1485	-2197	698	
2720	-8751	6035	1507	-2191	673	
2617	-8727	6116	1527	-2184	647	
2510	-8702	6197	1545	-2178	619	
2407	-8676	6276	1566	-2171	594	
2301	-8646	6355	1584	-2164	568	
2193	-8617	6433	1603	-2158	540	
2087	-8587	6508	1623	-2150	514	
1979	-8555	6584	1640	-2142	488	
1873	-8523	6659	1659	-2132	461	
1767	-8489	6731	1678	-2123	435	
1658	-8452	6805	1695	-2115	408	
1549	-8416	6876	1713	-2106	382	
1440	-8377	6946	1730	-2096	354	
1333	-8338	7015	1748	-2084	328	
1224	-8297	7083	1765	-2074	301	
1114	-8255	7150	1781	-2064	272	
1005	-8212	7217	1798	-2051	248	
896	-8168	7282	1813	-2041	221	
787	-8122	7346	1829	-2031	193	
677	-8075	7409	1844	-2018	168	
566	-8027	7470	1859	-2005	142	
458	-7978	7531	1874	-1994	117	
349	-7927	7591	1888	-1982	92	
239	-7876	7648	1903	-1968	66	
129	-7823	7706	1917	-1955	42	
19	-7769	7762	1931	-1941	17	
-90	-7714	7817	1945	-1927	-9	
-200	-7657	7871	1957	-1913	-42	
-310	-7599	7923	1971	-1898	-82	
-420	-7541	7975	1983	-1883	-125	
-529	-7481	8025	1994	-1867	-160	
-638	-7420	8073	2006	-1852	-181	
-748	-7358	8120	2018	-1837	-197	
-859	-7295	8167	2030	-1821	-217	
-969	-7231	8213	2040	-1806	-247	
-1076	-7165	8257	2051	-1789	-278	
-1186	-7099	8299	2061	-1771	-305	
-1295	-7032	8341	2072	-1754	-333	
-1404	-6963	8381	2083	-1737	-359	
-1512	-6893	8421	2090	-1721	-387	
-1619	-6822	8457	2101	-1702	-414	
-1729	-6751	8493	2110	-1683	-440	
-1836	-6678	8529	2117	-1666	-468	
-1941	-6604	8563	2126	-1647	-494	
-2048	-6530	8597	2133	-1629	-521	
-2155	-6454	8627	2142	-1610	-547	
-2261	-6378	8658	2149	-1590	-573	
-2368	-6299	8687	2155	-1571	-601	
-2473	-6221	8713	2162	-1550	-628	
-2577	-6142	8739	2168	-1531	-654	
-2682	-6060	8764	2173	-1511	-679	
-2786	-5980	8787	2179	-1490	-705	
-2891	-5898	8809	2185	-1470	-732	
-2995	-5814	8830	2190	-1448	-757	
-3101	-5730	8850	2194	-1427	-784	
-3203	-5645	8868	2198	-1406	-809	
-3304	-5560	8884	2204	-1384	-834	
-3407	-5473	8900	2207	-1363	-859	
-3508	-5385	8914	2210	-1340	-884	
-3610	-5298	8928	2213	-1318	-910	
-3710	-5208	8939	2216	-1296	-934	
-3808	-5119	8948	2217	-1273	-960	
-3908	-5028	8956	2220	-1250	-985	
-4006	-4937	8964	2222	-1228	-1008	
-4104	-4845	8971	2223	-1204	-1033	
-4202	-4752	8975	2224	-1180	-1058	
-4299	-4659	8978	2225	-1157	-1081	
-4394	-4564	8980	2225	-1133	-1105	
-4490	-4469	8981	2224	-1110	-1130	
-4586	-4374	8981	2224	-1087	-1152	
-4678	-4278	8978	2224	-1063	-1176	
-4772	-4181	8974	2222	-1038	-1199	
-4864	-4083	8969	2221	-1012	-1223	
-4957	-3985	8964	2220	-988	-1246	
