-5298	-3606	8929	2210	-894	-1330	
-5385	-3505	8916	2208	-868	-1350	
-5475	-3404	8902	2203	-843	-1374	
-5562	-3303	8886	2199	-818	-1395	
-5646	-3200	8870	2196	-792	-1416	
-5731	-3097	8852	2190	-767	-1437	
-5815	-2993	8833	2186	-741	-1458	
-5899	-2889	8813	2180	-714	-1479	
-5981	-2784	8789	2174	-689	-1500	
-6062	-2680	8767	2168	-662	-1520	
-6142	-2575	8743	2161	-637	-1539	
-6222	-2469	8716	2156	-610	-1559	
-6301	-2364	8689	2148	-582	-1579	
-6379	-2257	8660	2142	-556	-1597	
-6454	-2150	8630	2135	-528	-1617	
-6530	-2043	8599	2124	-503	-1636	
-6606	-1936	8567	2116	-477	-1655	
-6679	-1829	8533	2108	-450	-1674	
-6753	-1722	8499	2100	-424	-1691	
-6825	-1613	8462	2091	-397	-1707	
-6895	-1505	8425	2081	-369	-1727	
-6965	-1396	8387	2072	-343	-1744	
-7032	-1287	8345	2062	-317	-1761	
-7101	-1179	8305	2052	-289	-1777	
-7168	-1069	8262	2042	-261	-1792	
-7232	-960	8217	2029	-235	-1811	
-7298	-851	8173	2018	-207	-1825	
-7359	-742	8127	2007	-181	-1840	
-7422	-631	8079	1992	-157	-1857	
-7484	-521	8030	1981	-128	-1873	
-7542	-411	7980	1970	-103	-1888	
-7603	-302	7929	1956	-78	-1901	
-7660	-192	7877	1944	-51	-1915	
-7716	-82	7824	1930	-26	-1930	
-7770	28	7768	1916	0	-1944	
-7824	138	7713	1903	27	-1957	
-7879	248	7656	1889	54	-1970	
-7931	358	7599	1874	84	-1983	
-7980	467	7540	1859	118	-1996	
-8030	577	7477	1845	154	-2006	
-8078	687	7417	1829	187	-2019	
-8126	798	7354	1812	213	-2032	
-8171	907	7290	1798	236	-2042	
-8214	1016	7224	1781	260	-2053	
-8259	1126	7159	1764	286	-2063	
-8302	1235	7093	1748	314	-2074	
-8341	1343	7023	1730	342	-2085	
-8380	1453	6954	1712	371	-2093	
-8420	1561	6884	1696	399	-2103	
-8457	1669	6814	1678	423	-2112	
-8492	1777	6741	1659	450	-2121	
-8527	1884	6668	1642	479	-2128	
-8561	1991	6594	1623	505	-2137	
-8592	2098	6518	1605	532	-2144	
-8621	2206	6442	1585	559	-2152	
-8651	2312	6365	1565	585	-2160	
-8679	2418	6287	1546	612	-2165	
-8707	2525	6207	1526	638	-2173	
-8732	2629	6126	1507	664	-2178	
-8755	2735	6046	1485	690	-2185	
-8778	2840	5964	1466	718	-2191	
-8799	2943	5881	1445	744	-2195	
-8821	3047	5797	1422	767	-2201	
-8839	3151	5713	1403	796	-2205	
-8856	3253	5627	1382	821	-2210	
-8872	3355	5540	1359	845	-2214	
-8886	3457	5454	1339	871	-2216	
-8900	3559	5366	1317	894	-2219	
-8912	3659	5277	1294	921	-2221	
-8925	3759	5189	1273	947	-2224	
-8935	3859	5099	1250	971	-2228	
-8941	3959	5006	1228	996	-2228	
-8948	4057	4915	1205	1019	-2229	
-8952	4153	4822	1181	1045	-2231	
-8956	4251	4728	1157	1068	-2231	
-8960	4348	4635	1134	1092	-2233	
-8961	4444	4540	1112	1118	-2233	
-8961	4540	4444	1087	1141	-2233	
-8960	4634	4349	1063	1163	-2232	
-8956	4728	4251	1041	1188	-2230	
-8952	4822	4154	1015	1211	-2229	
-8947	4913	4057	991	1233	-2228	
-8942	5006	3957	967	1256	-2226	
-8934	5097	3859	942	1278	-2223	
-8922	5186	3759	917	1302	-2222	
-8912	5276	3659	892	1324	-2219	
-8900	5364	3557	868	1346	-2215	
-8886	5453	3456	842	1368	-2212	
-8871	5540	3354	817	1390	-2208	
-8855	5626	3251	793	1412	-2204	
-8839	5711	3149	766	1433	-2199	
-8821	5795	3046	740	1453	-2194	
-8799	5879	2941	714	1473	-2189	
-8778	5961	2838	689	1494	-2184	
-8755	6043	2732	663	1514	-2179	
-8732	6124	2627	637	1534	-2172	
-8707	6204	2523	611	1555	-2165	
-8680	6284	2416	583	1574	-2159	
-8651	6361	2309	558	1593	-2152	
-8621	6438	2203	532	1612	-2144	
-8591	6515	2096	505	1631	-2135	
-8560	6589	1988	480	1651	-2128	
-8526	6664	1879	453	1669	-2120	
-8490	6737	1772	427	1687	-2111	
-8457	6809	1664	399	1705	-2101	
-8420	6881	1555	372	1722	-2093	
-8381	6950	1446	346	1739	-2082	
-8342	7019	1337	320	1755	-2072	
-8301	7087	1229	294	1773	-2062	
-8258	7155	1119	266	1790	-2051	
-8215	7221	1009	240	1806	-2040	
-8170	7285	901	215	1823	-2029	
-8125	7349	791	186	1838	-2017	
-8076	7412	681	162	1854	-2005	
-8030	7474	571	135	1869	-1992	
-7981	7534	460	109	1884	-1981	
-7930	7592	351	85	1900	-1967	
-7878	7651	241	58	1912	-1954	
-7824	7708	131	31	1927	-1942	
-7771	7764	21	4	1940	-1928	
-7716	7819	-89	-26	1954	-1914	
-7659	7872	-199	-60	1967	-1900	
-7601	7924	-310	-96	1979	-1886	
-7542	7974	-419	-127	1993	-1869	
-7483	8025	-530	-153	2005	-1853	
-7423	8073	-639	-175	2016	-1839	
-7359	8122	-748	-198	2029	-1823	
-7295	8168	-859	-226	2040	-1808	
-7231	8212	-968	-255	2052	-1791	
-7167	8256	-1078	-281	2064	-1774	
-7101	8298	-1186	-310	2072	-1758	
-7032	8340	-1296	-337	2083	-1741	
-6964	8380	-1405	-363	2092	-1724	
-6894	8418	-1513	-390	2101	-1707	
-6823	8457	-1622	-418	2110	-1690	
-6752	8492	-1730	-445	2119	-1672	
-6679	8527	-1837	-471	2128	-1652	
-6606	8561	-1944	-498	2135	-1634	
-6532	8593	-2052	-525	2144	-1615	
-6455	8624	-2160	-549	2153	-1595	
-6377	8654	-2266	-576	2158	-1577	
-6300	8683	-2373	-602	2167	-1557	
-6222	8709	-2478	-628	2173	-1536	
-6142	8735	-2585	-656	2178	-1517	
-6063	8760	-2691	-682	2184	-1497	
-5980	8784	-2796	-707	2191	-1476	
-5898	8805	-2900	-733	2196	-1456	
-5815	8826	-3003	-760	2200	-1436	
-5731	8844	-3107	-785	2205	-1414	
-5647	8863	-3210	-811	2209	-1392	
-5561	8880	-3314	-837	2214	-1371	
-5475	8894	-3415	-861	2217	-1348	
-5387	8909	-3516	-886	2219	-1327	
-5298	8921	-3618	-911	2224	-1306	
-5210	8932	-3719	-935	2226	-1283	
-5120	8943	-3818	-960	2229	-1260	
-5029	8951	-3918	-984	2231	-1238	
-4938	8958	-4017	-1010	2231	-1215	
-4847	8965	-4114	-1034	2232	-1192	
-4754	8969	-4212	-1058	2233	-1168	
-4659	8971	-4310	-1082	2234	-1145	
-4565	8973	-4406	-1106	2234	-1121	
-4471	8974	-4502	-1129	2235	-1097	
-4376	8973	-4596	-1153	2234	-1073	
-4280	8971	-4691	-1177	2232	-1049	
-4183	8968	-4784	-1200	2232	-1026	
-4084	8963	-4877	-1222	2232	-1001	
-3987	8956	-4970	-1246	2229	-977	
-3888	8948	-5061	-1268	2226	-952	
-3788	8939	-5151	-1289	2225	-927	
-3688	8928	-5240	-1312	2221	-902	
-3587	8917	-5330	-1334	2218	-877	
-3487	8905	-5419	-1356	2215	-852	
-3384	8890	-5505	-1377	2212	-825	
-3284	8874	-5592	-1398	2207	-801	
-3181	8858	-5678	-1420	2202	-775	
-3078	8839	-5762	-1440	2198	-749	
-2974	8820	-5847	-1463	2192	-724	
-2868	8799	-5930	-1483	2187	-698	
-2765	8776	-6011	-1502	2182	-671	
-2660	8752	-6094	-1524	2173	-647	
-2554	8728	-6174	-1542	2168	-619	
-2450	8701	-6254	-1561	2162	-592	
-2344	8672	-6332	-1582	2154	-566	
-2238	8644	-6409	-1600	2148	-540	
-2130	8614	-6487	-1619	2140	-514	
-2026	8583	-6562	-1637	2132	-486	
-1919	8550	-6637	-1657	2123	-459	
-1812	8516	-6710	-1674	2113	-433	
-1705	8481	-6783	-1691	2106	-405	
-1595	8444	-6855	-1709	2096	-380	
-1488	8405	-6925	-1725	2087	-353	
-1379	8367	-6995	-1743	2077	-327	
-1270	8327	-7063	-1762	2065	-301	
-1162	8285	-7130	-1777	2055	-272	
-1054	8241	-7197	-1793	2045	-246	
-945	8197	-7262	-1809	2033	-219	
-833	8152	-7327	-1825	2022	-192	
-723	8106	-7390	-1841	2010	-165	
-614	8057	-7451	-1856	1999	-138	
-504	8009	-7512	-1871	1986	-113	
-395	7958	-7572	-1886	1973	-87	
-285	7907	-7631	-1900	1961	-61	
-176	7854	-7688	-1914	1947	-38	
-65	7800	-7744	-1928	1934	-13	
45	7745	-7799	-1942	1919	11	
153	7689	-7853	-1955	1904	37	
264	7632	-7906	-1968	1890	66	
373	7574	-7958	-1979	1876	102	
483	7515	-8009	-1992	1860	142	
594	7453	-8057	-2004	1846	179	
702	7392	-8105	-2015	1830	208	
810	7329	-8152	-2027	1813	229	
920	7265	-8197	-2038	1799	249	
1030	7200	-8242	-2049	1781	272	
1140	7133	-8285	-2059	1764	301	
1249	7066	-8327	-2069	1748	331	
1355	6997	-8367	-2080	1730	358	
1467	6928	-8406	-2089	1713	388	
1577	6857	-8444	-2098	1695	414	
1681	6786	-8480	-2107	1676	438	
1790	6714	-8516	-2115	1658	467	
1899	6640	-8551	-2124	1641	493	
2005	6566	-8583	-2132	1621	520	
2111	6489	-8615	-2140	1602	546	
2217	6413	-8645	-2148	1584	573	
2323	6336	-8673	-2154	1565	600	
2430	6258	-8702	-2161	1544	626	
2536	6178	-8728	-2166	1524	654	
2640	6098	-8753	-2172	1505	679	
2745	6017	-8777	-2179	1484	704	
2849	5935	-8799	-2182	1465	732	
2953	5852	-8820	-2188	1443	758	
3056	5768	-8840	-2194	1420	783	
3159	5683	-8858	-2198	1399	808	
3263	5598	-8876	-2202	1378	834	
3365	5511	-8891	-2205	1356	860	
3466	5424	-8906	-2209	1334	884	
3566	5336	-8919	-2212	1312	910	
3667	5247	-8930	-2214	1289	935	
3766	5158	-8941	-2218	1266	960	
3864	5067	-8950	-2219	1246	985	
3965	4976	-8958	-2221	1222	1009	
4064	4884	-8964	-2222	1200	1034	
4161	4790	-8969	-2222	1177	1061	
4257	4698	-8972	-2223	1152	1083	
4352	4604	-8975	-2225	1128	1106	
4449	4509	-8976	-2224	1104	1130	
4545	4414	-8975	-2225	1081	1153	
4639	4317	-8973	-2224	1057	1176	
4732	4221	-8970	-2222	1033	1199	
4823	4123	-8965	-2221	1009	1223	
4915	4025	-8959	-2219	983	1246	
5008	3927	-8951	-2217	959	1268	
5098	3827	-8943	-2215	934	1291	
5188	3727	-8934	-2212	909	1314	
5277	3626	-8922	-2209	885	1335	
5365	3525	-8910	-2205	858	1358	
5452	3425	-8896	-2201	833	1380	
5539	3322	-8881	-2199	807	1400	
5625	3220	-8864	-2195	781	1422	
5710	3117	-8846	-2191	756	1443	
5793	3014	-8827	-2186	731	1464	
5877	2911	-8806	-2180	705	1485	
5960	2806	-8784	-2175	679	1505	
6041	2701	-8760	-2168	653	1525	
6123	2596	-8737	-2163	626	1545	
6200	2491	-8710	-2156	599	1564	
6279	2383	-8682	-2147	574	1585	
6357	2277	-8655	-2141	548	1604	
6433	2171	-8624	-2133	521	1623	
6510	2065	-8593	-2125	494	1641	
6584	1957	-8561	-2118	467	1660	
6658	1849	-8528	-2108	441	1678	
6731	1742	-8493	-2101	414	1695	
6801	1634	-8456	-2091	386	1714	
6873	1526	-8419	-2081	361	1732	
6943	1417	-8380	-2071	333	1749	
7012	1308	-8341	-2061	306	1766	
7079	1199	-8299	-2052	280	1782	
7146	1090	-8256	-2042	253	1798	
7210	981	-8212	-2029	227	1815	
7275	871	-8166	-2018	200	1830	
7338	760	-8120	-2007	172	1847	
7400	652	-8073	-1993	147	1863	
7460	542	-8024	-1982	121	1877	
7521	431	-7975	-1970	96	1892	
7581	322	-7924	-1956	70	1908	
7637	212	-7871	-1944	44	1922	
7694	102	-7818	-1930	19	1935	
7750	-9	-7763	-1916	-10	1949	
7804	-118	-7707	-1901	-42	1963	
7857	-228	-7650	-1888	-79	1973	
7909	-339	-7591	-1874	-115	1986	
7959	-449	-7532	-1856	-144	2000	
8006	-558	-7472	-1844	-172	2011	
8056	-667	-7410	-1830	-193	2024	
8103	-777	-7349	-1812	-214	2036	
8149	-886	-7284	-1797	-243	2048	
8194	-996	-7218	-1779	-272	2059	
8236	-1106	-7153	-1763	-300	2069	
8278	-1214	-7086	-1746	-328	2079	
8320	-1323	-7018	-1729	-355	2089	
8359	-1431	-6948	-1713	-381	2099	
8398	-1539	-6877	-1694	-408	2108	
8433	-1648	-6806	-1677	-435	2116	
8469	-1755	-6735	-1659	-462	2125	
8505	-1863	-6662	-1640	-489	2133	
8536	-1971	-6587	-1622	-516	2141	
8569	-2077	-6512	-1604	-543	2150	
8601	-2184	-6435	-1585	-570	2157	
8630	-2290	-6359	-1565	-596	2165	
8657	-2397	-6280	-1546	-623	2171	
8682	-2503	-6201	-1526	-649	2178	
8709	-2608	-6121	-1505	-675	2184	
8734	-2714	-6039	-1484	-701	2190	
8756	-2818	-5957	-1465	-729	2195	
8778	-2922	-5875	-1444	-755	2200	
8796	-3026	-5791	-1423	-779	2206	
8815	-3129	-5707	-1402	-805	2210	
8834	-3232	-5621	-1379	-830	2214	
8850	-3335	-5535	-1359	-856	2219	
8865	-3437	-5448	-1338	-882	2220	
8878	-3538	-5359	-1317	-907	2225	
8891	-3639	-5271	-1294	-934	2228	
8899	-3739	-5181	-1272	-957	2230	
8909	-3837	-5090	-1249	-982	2232	
8919	-3938	-5000	-1226	-1007	2235	
8925	-4036	-4909	-1204	-1031	2236	
8931	-4133	-4816	-1181	-1057	2236	
8934	-4230	-4722	-1157	-1079	2238	
8937	-4327	-4628	-1133	-1104	2239	
8939	-4423	-4534	-1110	-1128	2238	
8938	-4518	-4438	-1087	-1151	2238	
8937	-4613	-4343	-1063	-1175	2237	
8933	-4707	-4245	-1039	-1199	2235	
8929	-4800	-4147	-1015	-1222	2236	
8923	-4893	-4049	-990	-1245	2235	
8917	-4985	-3951	-966	-1268	2232	
8909	-5075	-3852	-942	-1290	2230	
8900	-5165	-3751	-917	-1314	2227	
8890	-5254	-3651	-891	-1336	2225	
8875	-5343	-3551	-866	-1357	2222	
8863	-5432	-3449	-841	-1379	2219	
8850	-5518	-3347	-815	-1399	2214	
8832	-5604	-3245	-791	-1421	2209	
8815	-5690	-3142	-763	-1442	2207	
8796	-5775	-3037	-738	-1463	2201	
8777	-5858	-2935	-715	-1486	2194	
8755	-5940	-2830	-688	-1505	2190	
8730	-6023	-2724	-662	-1525	2184	
8708	-6103	-2619	-636	-1546	2178	
8683	-6183	-2514	-610	-1565	2171	
8657	-6263	-2408	-582	-1585	2164	
8628	-6340	-2302	-557	-1604	2156	
8597	-6418	-2194	-532	-1625	2149	
8568	-6493	-2087	-503	-1642	2142	
8535	-6569	-1980	-478	-1660	2135	
8502	-6643	-1871	-451	-1679	2125	
8468	-6716	-1765	-422	-1695	2117	
8432	-6789	-1657	-396	-1715	2109	
8395	-6859	-1548	-370	-1733	2098	
8358	-6930	-1441	-344	-1750	2088	
8317	-6999	-1331	-318	-1768	2078	
8278	-7066	-1222	-291	-1784	2068	
8236	-7134	-1113	-264	-1801	2058	
8191	-7200	-1003	-236	-1817	2047	
8146	-7264	-893	-210	-1833	2035	
8100	-7328	-783	-184	-1849	2023	
8054	-7391	-673	-157	-1865	2012	
8006	-7452	-564	-131	-1879	1999	
7956	-7513	-454	-104	-1893	1986	
7906	-7572	-343	-78	-1910	1975	
7855	-7630	-234	-53	-1923	1961	
7801	-7688	-123	-27	-1938	1947	
7746	-7743	-14	-2	-1952	1933	
7691	-7797	96	23	-1965	1918	
7635	-7851	206	51	-1979	1905	
7578	-7903	316	80	-1991	1889	
7519	-7954	427	111	-2004	1873	
7458	-8004	537	144	-2016	1860	
7396	-8052	648	176	-2027	1847	
7336	-8100	756	205	-2041	1830	
7274	-8146	866	231	-2050	1813	
7208	-8192	977	255	-2061	1797	
7142	-8235	1085	281	-2073	1780	
7076	-8278	1194	308	-2083	1764	
7008	-8320	1303	336	-2093	1746	
6939	-8359	1412	364	-2103	1729	
6870	-8399	1521	390	-2112	1712	
6800	-8436	1629	416	-2122	1694	
6728	-8472	1738	444	-2131	1676	
6654	-8507	1845	470	-2139	1657	
6581	-8542	1953	497	-2147	1639	
6506	-8573	2061	523	-2156	1620	
6431	-8605	2168	549	-2164	1601	
6355	-8635	2275	577	-2170	1582	
6277	-8662	2382	603	-2177	1562	
6198	-8690	2488	628	-2184	1542	
6118	-8715	2593	656	-2190	1523	
6037	-8739	2698	681	-2196	1503	
5957	-8763	2804	707	-2201	1481	
5875	-8785	2908	733	-2207	1460	
5792	-8805	3011	760	-2211	1440	
5707	-8824	3115	786	-2215	1419	
5622	-8842	3218	810	-2220	1398	
5537	-8859	3320	836	-2224	1377	
5450	-8875	3423	860	-2229	1354	
5362	-8888	3526	885	-2232	1332	
5274	-8901	3626	913	-2233	1312	
5185	-8912	3726	935	-2238	1287	
5095	-8922	3828	960	-2239	1265	
5005	-8931	3927	986	-2240	1243	
4914	-8938	4025	1009	-2243	1219	
4821	-8944	4123	1035	-2243	1197	
4730	-8948	4220	1059	-2245	1174	
4635	-8951	4318	1081	-2246	1150	
4540	-8953	4414	1106	-2245	1127	
4446	-8953	4510	1129	-2246	1104	
4351	-8953	4604	1153	-2245	1080	
4256	-8950	4699	1176	-2244	1055	
4159	-8946	4792	1198	-2243	1031	
4060	-8941	4885	1222	-2240	1007	
3961	-8935	4978	1243	-2240	981	
3863	-8928	5068	1267	-2239	956	
3764	-8918	5159	1290	-2235	932	
3664	-8908	5249	1312	-2232	906	
3564	-8897	5337	1334	-2230	882	
3462	-8884	5426	1355	-2226	858	
3360	-8870	5514	1378	-2222	831	
3260	-8854	5601	1398	-2218	806	
3157	-8836	5685	1418	-2213	782	
3055	-8817	5771	1441	-2209	754	
2950	-8798	5856	1461	-2204	729	
2845	-8778	5937	1482	-2198	703	
2741	-8755	6019	1502	-2192	677	
2636	-8731	6101	1522	-2186	651	
2532	-8706	6182	1542	-2180	624	
2428	-8680	6261	1561	-2173	598	
2322	-8653	6339	1581	-2166	572	
2215	-8624	6417	1600	-2159	545	
2108	-8593	6494	1620	-2150	520	
2002	-8561	6569	1638	-2142	494	
1894	-8529	6645	1655	-2134	467	
1788	-8495	6718	1674	-2126	439	
1681	-8459	6790	1692	-2116	413	
1570	-8422	6861	1710	-2106	387	
1462	-8385	6932	1728	-2097	360	
1354	-8345	7002	1745	-2087	333	
1245	-8305	7069	1760	-2077	306	
1135	-8264	7138	1776	-2068	278	
1027	-8220	7204	1793	-2055	253	
918	-8177	7268	1809	-2045	225	
807	-8131	7333	1827	-2033	199	
698	-8084	7396	1842	-2020	174	
589	-8037	7459	1856	-2009	147	
480	-7988	7519	1872	-1997	121	
370	-7937	7579	1886	-1984	97	
260	-7886	7638	1900	-1970	72	
151	-7833	7695	1915	-1957	48	
41	-7779	7752	1928	-1943	22	
-69	-7724	7806	1941	-1929	-4	
-178	-7668	7860	1955	-1915	-34	
-288	-7611	7913	1967	-1902	-74	
-398	-7552	7965	1979	-1887	-116	
-509	-7493	8015	1993	-1871	-154	
-618	-7432	8064	2004	-1856	-177	
-727	-7369	8113	2015	-1840	-194	
-836	-7307	8158	2028	-1825	-213	
-945	-7243	8204	2039	-1808	-240	
-1056	-7178	8248	2048	-1791	-272	
-1165	-7112	8292	2060	-1775	-300	
-1274	-7044	8333	2071	-1757	-327	
-1382	-6976	8373	2078	-1740	-355	
-1492	-6906	8413	2090	-1722	-379	
-1600	-6835	8450	2100	-1705	-407	
-1707	-6765	8487	2107	-1688	-435	
-1814	-6692	8523	2116	-1669	-461	
-1922	-6619	8557	2125	-1652	-488	
-2027	-6544	8589	2132	-1632	-515	
-2133	-6469	8622	2140	-1613	-541	
-2240	-6392	8651	2148	-1594	-568	
-2346	-6314	8680	2155	-1574	-594	
-2452	-6237	8709	2161	-1555	-622	
-2558	-6157	8733	2168	-1535	-647	
-2663	-6076	8759	2174	-1513	-673	
-2767	-5995	8782	2179	-1493	-701	
-2872	-5913	8804	2185	-1471	-725	
-2977	-5831	8827	2190	-1451	-751	
-3079	-5747	8846	2193	-1431	-778	
-3182	-5662	8865	2198	-1409	-804	
-3288	-5576	8883	2202	-1388	-828	
-3386	-5490	8897	2206	-1366	-854	
-3488	-5402	8911	2209	-1345	-880	
-3591	-5314	8924	2213	-1322	-904	
-3690	-5226	8936	2215	-1299	-930	
-3790	-5137	8947	2218	-1278	-955	
-3889	-5046	8955	2220	-1255	-978	
-3988	-4954	8963	2221	-1230	-1004	
-4086	-4863	8969	2223	-1208	-1029	
-4183	-4770	8974	2225	-1186	-1053	
-4281	-4677	8978	2224	-1161	-1077	
-4377	-4584	8979	2225	-1138	-1101	
-4472	-4487	8981	2225	-1114	-1123	
-4567	-4392	8981	2225	-1090	-1148	
-4661	-4296	8979	2224	-1067	-1172	
-4754	-4199	8975	2223	-1042	-1195	
-4848	-4102	8971	2222	-1018	-1218	
-4940	-4004	8965	2220	-993	-1241	
-5031	-3905	8957	2217	-969	-1264	
-5122	-3805	8950	2214	-944	-1287	
-5210	-3706	8939	2212	-918	-1309	
-5300	-3605	8928	2210	-893	-1332	
-5389	-3503	8916	2207	-868	-1354	
-5475	-3402	8901	2203	-842	-1373	
-5563	-3301	8887	2199	-818	-1396	
-5649	-3198	8870	2194	-791	-1417	
-5733	-3095	8852	2190	-766	-1438	
-5815	-2991	8832	2185	-741	-1459	
-5900	-2887	8811	2180	-714	-1480	
-5984	-2783	8791	2174	-689	-1500	
-6063	-2678	8766	2168	-662	-1519	
-6144	-2573	8741	2161	-636	-1541	
-6224	-2468	8716	2155	-610	-1561	
-6302	-2362	8689	2150	-581	-1580	
-6379	-2255	8661	2140	-556	-1599	
-6456	-2148	8630	2132	-531	-1618	
-6532	-2042	8599	2126	-503	-1637	
-6608	-1934	8567	2117	-477	-1655	
-6681	-1826	8533	2108	-451	-1673	
-6753	-1719	8498	2100	-423	-1691	
-6825	-1611	8462	2091	-395	-1710	
-6896	-1503	8424	2081	-368	-1727	
-6966	-1394	8386	2071	-342	-1744	
-7035	-1286	8345	2062	-316	-1761	
-7102	-1177	8304	2051	-290	-1778	
-7168	-1068	8261	2039	-262	-1795	
-7234	-959	8216	2031	-233	-1811	
-7298	-849	8172	2017	-208	-1828	
-7361	-739	8127	2005	-183	-1842	
-7423	-630	8078	1995	-155	-1858	
-7485	-520	8030	1982	-129	-1872	
-7544	-409	7980	1970	-102	-1887	
-7601	-300	7929	1957	-75	-1903	
-7661	-190	7876	1944	-50	-1916	
-7718	-80	7822	1930	-24	-1930	
-7772	30	7769	1916	-1	-1944	
-7826	140	7713	1903	27	-1957	
-7880	251	7655	1887	54	-1971	
-7932	361	7597	1873	84	-1983	
-7982	470	7537	1860	120	-1995	
-8032	580	7477	1844	155	-2008	
-8080	689	7416	1828	186	-2020	
-8126	800	7353	1812	213	-2031	
-8173	909	7290	1797	237	-2043	
-8216	1018	7224	1780	259	-2054	
-8258	1128	7158	1764	286	-2063	
-8302	1236	7091	1747	315	-2074	
-8342	1346	7023	1730	343	-2083	
-8382	1454	6954	1712	371	-2093	
-8421	1562	6884	1694	397	-2103	
-8457	1671	6812	1678	425	-2111	
-8493	1779	6740	1659	452	-2121	
-8528	1887	6667	1641	480	-2129	
-8559	1994	6591	1622	506	-2138	
-8592	2101	6517	1603	531	-2145	
-8624	2207	6441	1584	560	-2152	
-8651	2314	6363	1565	585	-2160	
-8680	2420	6286	1545	612	-2166	
-8706	2527	6206	1526	640	-2172	
-8732	2632	6126	1505	665	-2179	
-8758	2736	6045	1485	690	-2184	
-8780	2842	5962	1466	716	-2190	
-8801	2946	5880	1445	744	-2195	
-8820	3049	5797	1426	770	-2198	
-8838	3153	5712	1403	794	-2204	
-8857	3255	5626	1381	820	-2209	
-8872	3358	5539	1361	847	-2211	
-8888	3459	5452	1337	871	-2217	
-8902	3560	5365	1316	896	-2220	
-8914	3661	5276	1294	922	-2221	
-8922	3761	5187	1272	947	-2224	
-8932	3861	5095	1250	972	-2226	
-8943	3959	5005	1227	996	-2228	
-8949	4059	4914	1204	1020	-2229	
-8953	4156	4820	1181	1045	-2232	
-8958	4253	4727	1159	1070	-2232	
-8960	4350	4633	1135	1095	-2232	
-8961	4445	4538	1111	1118	-2233	
-8961	4541	4443	1089	1142	-2231	
-8961	4636	4347	1065	1165	-2230	
-8958	4729	4250	1039	1187	-2230	
-8953	4823	4153	1016	1212	-2229	
-8948	4915	4055	991	1235	-2228	
-8941	5007	3955	966	1258	-2226	
-8932	5097	3856	943	1280	-2223	
-8924	5189	3757	917	1302	-2221	
-8913	5278	3657	892	1325	-2218	
-8900	5365	3556	867	1346	-2216	
-8887	5454	3455	842	1368	-2212	
-8872	5541	3353	818	1390	-2207	
-8855	5627	3249	791	1412	-2204	
-8838	5713	3148	766	1434	-2199	
-8820	5797	3044	741	1454	-2194	
-8800	5881	2940	714	1473	-2189	
-8779	5963	2836	689	1494	-2183	
-8753	6045	2731	662	1514	-2178	
-8731	6125	2626	636	1535	-2172	
-8707	6205	2520	611	1555	-2165	
-8679	6285	2415	584	1574	-2158	
-8651	6363	2308	557	1594	-2150	
-8621	6440	2201	531	1613	-2143	
-8591	6516	2094	506	1630	-2136	
-8559	6592	1985	479	1651	-2128	
-8526	6666	1878	452	1669	-2120	
-8493	6739	1770	426	1686	-2111	
-8456	6811	1662	399	1705	-2101	
-8419	6881	1554	372	1722	-2092	
-8381	6952	1445	346	1740	-2082	
-8340	7021	1336	319	1757	-2072	
-8300	7089	1226	292	1773	-2063	
-8259	7156	1118	267	1790	-2051	
-8215	7222	1009	240	1806	-2040	
-8169	7287	899	213	1823	-2029	
-8124	7351	789	187	1838	-2017	
-8077	7413	679	158	1852	-2006	
-8028	7475	569	135	1870	-1993	
-7980	7535	459	110	1885	-1980	
-7930	7594	350	81	1898	-1969	
-7878	7653	239	57	1913	-1955	
-7824	7710	129	31	1926	-1942	
-7769	7765	19	2	1940	-1928	
-7714	7820	-91	-28	1954	-1913	
-7657	7873	-200	-60	1967	-1899	
-7601	7926	-311	-95	1980	-1885	
-7542	7976	-421	-128	1992	-1871	
-7482	8026	-531	-153	2004	-1855	
-7420	8074	-641	-175	2017	-1838	
-7359	8122	-751	-201	2028	-1824	
-7296	8167	-861	-225	2040	-1809	
-7230	8213	-970	-255	2052	-1792	
-7165	8258	-1079	-284	2061	-1776	
-7099	8300	-1188	-310	2072	-1759	
-7032	8341	-1298	-338	2082	-1741	
-6963	8381	-1407	-364	2091	-1723	
-6892	8420	-1515	-391	2102	-1706	
-6822	8457	-1624	-419	2110	-1689	
-6750	8492	-1731	-444	2119	-1670	
-6677	8527	-1840	-471	2128	-1651	
-6604	8562	-1947	-498	2137	-1633	
-6529	8593	-2054	-525	2144	-1615	
-6453	8625	-2161	-553	2151	-1596	
-6377	8655	-2268	-577	2160	-1576	
-6300	8683	-2374	-604	2166	-1556	
-6220	8710	-2481	-631	2171	-1537	
-6140	8737	-2586	-655	2178	-1516	
-6059	8761	-2692	-683	2185	-1495	
-5978	8784	-2798	-709	2191	-1475	
-5898	8806	-2902	-734	2196	-1455	
-5814	8827	-3005	-760	2201	-1434	
-5729	8846	-3109	-785	2205	-1413	
-5644	8863	-3213	-810	2210	-1393	
-5559	8880	-3314	-836	2213	-1371	
-5473	8896	-3417	-861	2217	-1349	
-5384	8909	-3519	-887	2220	-1328	
-5296	8921	-3620	-912	2223	-1305	
-5209	8933	-3721	-936	2226	-1283	
-5118	8943	-3820	-963	2228	-1260	
-5027	8952	-3920	-986	2230	-1237	
-4936	8959	-4019	-1010	2231	-1215	
-4844	8964	-4117	-1037	2232	-1191	
-4752	8969	-4214	-1059	2234	-1168	
-4658	8971	-4311	-1083	2234	-1146	
-4563	8973	-4407	-1107	2234	-1121	
-4468	8974	-4504	-1130	2233	-1097	
-4373	8974	-4599	-1154	2233	-1074	
-4276	8972	-4692	-1177	2234	-1049	
-4178	8968	-4787	-1199	2232	-1025	
-4082	8962	-4879	-1223	2231	-1002	
-3983	8956	-4971	-1245	2230	-976	
-3885	8948	-5063	-1267	2227	-950	
-3786	8940	-5153	-1291	2223	-926	
-3685	8930	-5243	-1313	2221	-900	
-3586	8917	-5332	-1334	2218	-876	
-3485	8904	-5420	-1356	2215	-851	
-3382	8890	-5508	-1378	2212	-825	
-3281	8874	-5594	-1400	2206	-799	
-3179	8857	-5680	-1420	2203	-774	
-3076	8838	-5765	-1441	2198	-748	
-2972	8818	-5849	-1461	2193	-721	
-2868	8797	-5932	-1482	2188	-696	
-2763	8776	-6014	-1503	2182	-672	
-2658	8753	-6096	-1521	2177	-645	
-2553	8727	-6176	-1542	2168	-618	
-2447	8700	-6255	-1562	2162	-592	
-2342	8673	-6334	-1581	2156	-565	
-2236	8643	-6411	-1600	2146	-539	
-2130	8614	-6488	-1619	2141	-513	
-2021	8583	-6563	-1638	2132	-487	
-1914	8550	-6639	-1656	2123	-459	
-1810	8516	-6713	-1674	2115	-432	
-1703	8479	-6784	-1692	2104	-406	
-1595	8443	-6856	-1708	2097	-378	
-1487	8405	-6926	-1726	2087	-352	
-1377	8366	-6995	-1744	2078	-325	
-1269	8326	-7064	-1759	2067	-297	
-1160	8284	-7132	-1778	2055	-271	
-1051	8241	-7199	-1795	2044	-245	
-941	8196	-7264	-1810	2034	-217	
-831	8151	-7328	-1826	2023	-191	
-721	8104	-7391	-1841	2010	-165	
-611	8056	-7452	-1857	1999	-138	
-502	8008	-7514	-1871	1986	-112	
-393	7957	-7574	-1885	1973	-86	
-283	7906	-7632	-1901	1961	-61	
-171	7854	-7688	-1915	1946	-37	
-62	7800	-7745	-1928	1933	-13	
46	7745	-7800	-1940	1920	13	
157	7689	-7854	-1953	1905	38	
267	7631	-7908	-1967	1890	67	
375	7573	-7958	-1981	1875	103	
485	7513	-8008	-1992	1860	142	
595	7453	-8058	-2003	1845	179	
706	7390	-8106	-2016	1829	208	
814	7327	-8153	-2027	1813	229	
922	7263	-8198	-2039	1797	249	
1033	7198	-8243	-2050	1781	272	
1140	7132	-8286	-2060	1764	301	
1251	7064	-8326	-2071	1746	330	
1362	6996	-8367	-2079	1730	360	
1467	6927	-8406	-2089	1713	387	
1576	6856	-8444	-2098	1694	413	
1685	6785	-8482	-2107	1677	440	
1792	6712	-8517	-2117	1657	467	
1899	6639	-8551	-2124	1639	493	
2007	6564	-8584	-2133	1620	520	
2114	6488	-8616	-2139	1602	547	
2219	6412	-8646	-2146	1583	574	
2326	6335	-8675	-2154	1562	601	
2431	6256	-8702	-2160	1544	627	
2536	6177	-8729	-2168	1523	653	
2641	6096	-8753	-2174	1503	679	
2747	6015	-8777	-2177	1485	705	
2853	5933	-8800	-2185	1463	730	
2955	5850	-8821	-2189	1441	757	
3058	5767	-8841	-2192	1421	783	
3161	5683	-8860	-2199	1399	809	
3263	5596	-8876	-2202	1377	834	
3366	5510	-8892	-2205	1355	859	
3468	5423	-8906	-2209	1335	884	
3568	5334	-8919	-2212	1311	909	
3668	5245	-8930	-2215	1289	935	
3767	5156	-8940	-2217	1268	960	
3867	5066	-8949	-2221	1244	984	
3967	4975	-8957	-2222	1221	1009	
4065	4883	-8964	-2221	1199	1033	
4162	4790	-8969	-2224	1175	1057	
4259	4696	-8972	-2225	1151	1083	
4355	4602	-8974	-2224	1128	1106	
4450	4507	-8975	-2225	1104	1130	
4545	4411	-8975	-2225	1081	1155	
4641	4315	-8973	-2224	1057	1177	
4733	4218	-8970	-2223	1032	1200	
4826	4121	-8965	-2222	1007	1223	
4917	4023	-8959	-2220	983	1247	
5008	3925	-8952	-2217	958	1269	
5099	3825	-8944	-2217	933	1291	
5190	3725	-8933	-2213	910	1314	
5278	3626	-8921	-2210	884	1334	
5366	3524	-8910	-2207	858	1358	
5454	3423	-8896	-2203	832	1381	
5540	3321	-8879	-2198	807	1400	
5625	3217	-8863	-2195	781	1423	
5711	3115	-8846	-2190	755	1443	
5796	3012	-8827	-2184	730	1464	
5878	2908	-8806	-2180	705	1486	
5960	2803	-8784	-2174	678	1505	
6042	2698	-8762	-2168	651	1526	
6122	2594	-8736	-2160	626	1548	
6202	2489	-8710	-2154	600	1566	
6282	2382	-8683	-2148	574	1583	
6359	2276	-8653	-2141	547	1604	
6435	2170	-8624	-2133	519	1623	
6511	2062	-8593	-2125	493	1642	
6585	1955	-8560	-2117	467	1660	
6658	1848	-8527	-2110	440	1678	
6732	1740	-8492	-2100	414	1697	
6804	1632	-8455	-2091	386	1714	
6874	1523	-8418	-2082	359	1732	
6943	1414	-8379	-2070	333	1749	
7011	1307	-8338	-2061	306	1766	
7081	1198	-8298	-2050	280	1784	
7148	1087	-8255	-2038	254	1800	
7212	978	-8211	-2030	227	1815	
7276	869	-8166	-2017	200	1832	
7339	760	-8119	-2005	173	1848	
7400	649	-8072	-1994	146	1862	
7462	539	-8024	-1981	120	1878	
7521	429	-7973	-1970	95	1892	
7581	320	-7921	-1957	70	1907	
7639	209	-7870	-1943	44	1921	
7695	99	-7816	-1929	19	1935	
7749	-10	-7761	-1916	-10	1950	
7804	-121	-7706	-1903	-43	1961	
7858	-231	-7649	-1887	-78	1976	
7908	-339	-7590	-1871	-115	1989	
7959	-450	-7531	-1858	-146	2000	
8008	-560	-7471	-1842	-169	2014	
8055	-670	-7409	-1826	-192	2026	
8101	-778	-7346	-1812	-216	2036	
8148	-889	-7282	-1796	-243	2048	
8194	-999	-7217	-1780	-273	2059	
8238	-1107	-7151	-1763	-301	2069	
8280	-1217	-7084	-1747	-328	2079	
8319	-1325	-7016	-1729	-355	2089	
8358	-1433	-6947	-1711	-382	2100	
8396	-1541	-6876	-1695	-410	2108	
8434	-1650	-6805	-1676	-436	2117	
8470	-1757	-6733	-1658	-461	2126	
8504	-1865	-6660	-1640	-490	2135	
8538	-1973	-6585	-1620	-516	2143	
8570	-2080	-6510	-1602	-543	2150	
8600	-2187	-6434	-1584	-570	2158	
8628	-2293	-6357	-1565	-597	2164	
8658	-2399	-6279	-1546	-624	2172	
8685	-2506	-6200	-1524	-648	2179	
8708	-2611	-6119	-1505	-675	2184	
8732	-2714	-6037	-1486	-702	2190	
8757	-2820	-5956	-1464	-728	2195	
8778	-2925	-5873	-1444	-755	2200	
8796	-3028	-5789	-1424	-780	2206	
8817	-3131	-5706	-1402	-806	2209	
8833	-3233	-5620	-1380	-831	2214	
8848	-3336	-5532	-1358	-857	2218	
8864	-3438	-5446	-1338	-883	2222	
8877	-3539	-5359	-1316	-908	2226	
8891	-3640	-5269	-1293	-932	2228	
8901	-3741	-5180	-1271	-958	2231	
8909	-3840	-5090	-1248	-982	2233	
8917	-3939	-4998	-1226	-1006	2235	
8924	-4038	-4906	-1205	-1032	2236	
8930	-4135	-4814	-1179	-1055	2237	
8936	-4233	-4721	-1158	-1081	2238	
8937	-4329	-4626	-1134	-1106	2237	
8937	-4425	-4532	-1109	-1127	2239	
8937	-4521	-4436	-1088	-1152	2238	
8936	-4614	-4339	-1063	-1176	2237	
8933	-4708	-4243	-1038	-1198	2238	
8930	-4802	-4145	-1015	-1222	2235	
8925	-4895	-4048	-989	-1245	2233	
8918	-4986	-3950	-965	-1268	2232	
8907	-5077	-3849	-941	-1290	2230	
8899	-5167	-3750	-916	-1312	2228	
8890	-5255	-3649	-892	-1336	2225	
8878	-5345	-3549	-866	-1356	2222	
8864	-5434	-3447	-842	-1380	2217	
8848	-5521	-3344	-817	-1403	2212	
8832	-5606	-3242	-790	-1421	2209	
8814	-5691	-3139	-766	-1443	2204	
8796	-5776	-3036	-741	-1465	2200	
8776	-5860	-2932	-712	-1485	2195	
8754	-5942	-2827	-687	-1506	2188	
8732	-6024	-2722	-662	-1526	2183	
8708	-6105	-2617	-636	-1546	2177	
8683	-6185	-2511	-608	-1566	2170	
8656	-6263	-2405	-583	-1585	2164	
8627	-6342	-2299	-558	-1605	2157	
8598	-6420	-2192	-530	-1623	2150	
8567	-6494	-2085	-505	-1643	2141	
8537	-6570	-1978	-479	-1662	2132	
8502	-6644	-1870	-450	-1678	2125	
8467	-6717	-1762	-425	-1698	2115	
8432	-6790	-1654	-398	-1716	2107	
8396	-6860	-1546	-370	-1734	2098	
8357	-6931	-1437	-343	-1751	2088	
8317	-7000	-1328	-317	-1767	2078	
8275	-7068	-1220	-290	-1785	2067	
8234	-7135	-1110	-262	-1801	2056	
8191	-7200	-1001	-236	-1818	2045	
8146	-7266	-892	-209	-1834	2034	
8101	-7329	-782	-183	-1849	2024	
8054	-7392	-672	-158	-1866	2011	
8005	-7453	-561	-130	-1879	1998	
7956	-7513	-451	-104	-1894	1986	
7905	-7573	-341	-78	-1910	1974	
7854	-7632	-232	-53	-1925	1960	
7802	-7688	-122	-27	-1938	1946	
7747	-7744	-12	-1	-1952	1933	
7689	-7799	98	24	-1965	1918	
7633	-7852	208	53	-1977	1904	
7577	-7904	318	81	-1992	1889	
7519	-7955	430	112	-2004	1875	
7459	-8005	539	145	-2016	1861	
7398	-8053	648	177	-2028	1845	
7335	-8101	758	208	-2038	1830	
7271	-8148	868	232	-2050	1813	
7209	-8193	978	256	-2061	1795	
7144	-8236	1087	282	-2072	1779	
7075	-8279	1196	308	-2083	1762	
7008	-8320	1305	337	-2093	1746	
6940	-8360	1414	364	-2103	1728	
6869	-8399	1523	390	-2113	1711	
6797	-8436	1631	417	-2121	1694	
6727	-8472	1740	444	-2131	1675	
6655	-8506	1847	470	-2139	1657	
6580	-8541	1955	497	-2147	1638	
6507	-8573	2063	525	-2154	1619	
6431	-8604	2170	552	-2161	1602	
6352	-8634	2278	578	-2170	1581	
6275	-8662	2384	605	-2177	1562	
6196	-8690	2490	631	-2183	1543	
6117	-8716	2595	655	-2190	1521	
6037	-8740	2700	682	-2196	1501	
5955	-8763	2805	708	-2201	1482	
5873	-8786	2909	734	-2207	1461	
5790	-8807	3014	760	-2212	1440	
5707	-8825	3117	785	-2216	1418	
5621	-8842	3219	811	-2219	1397	
5535	-8860	3323	836	-2224	1375	
5447	-8875	3425	862	-2228	1355	
5360	-8888	3526	887	-2230	1333	
5272	-8901	3628	911	-2233	1309	
5183	-8912	3729	938	-2235	1289	
5094	-8922	3828	962	-2238	1267	
5004	-8931	3928	984	-2242	1242	
4912	-8938	4027	1011	-2242	1220	
4819	-8943	4124	1035	-2244	1196	
4728	-8947	4222	1059	-2245	1174	
4634	-8951	4319	1082	-2245	1151	
4539	-8953	4416	1106	-2246	1127	
4445	-8953	4510	1131	-2245	1104	
4349	-8952	4606	1154	-2245	1079	
4252	-8950	4701	1178	-2245	1056	
4154	-8946	4793	1201	-2242	1032	
4059	-8941	4886	1222	-2241	1005	
3961	-8936	4979	1247	-2237	982	
3861	-8928	5070	1269	-2237	957	
3762	-8918	5161	1289	-2236	932	
3662	-8908	5250	1312	-2232	908	
3562	-8896	5339	1334	-2230	882	
3462	-8883	5427	1356	-2225	857	
3360	-8869	5515	1378	-2221	831	
3257	-8853	5602	1399	-2217	806	
3154	-8836	5687	1421	-2213	780	
3052	-8817	5772	1441	-2208	754	
2947	-8798	5856	1462	-2204	729	
2843	-8777	5940	1483	-2198	702	
2739	-8754	6021	1503	-2191	677	
2635	-8731	6102	1523	-2186	652	
2530	-8706	6183	1543	-2178	625	
2424	-8679	6263	1562	-2172	598	
2318	-8652	6341	1581	-2166	572	
2213	-8623	6419	1600	-2158	545	
2107	-8593	6496	1620	-2151	519	
1999	-8561	6570	1639	-2143	492	
1892	-8528	6646	1656	-2134	465	
1785	-8494	6719	1674	-2125	438	
1678	-8459	6791	1692	-2116	413	
1570	-8422	6864	1709	-2107	385	
1462	-8384	6933	1727	-2097	358	
1351	-8345	7003	1744	-2088	331	
1241	-8304	7071	1759	-2079	303	
1133	-8263	7138	1777	-2067	277	
1024	-8221	7206	1793	-2055	250	
915	-8176	7270	1809	-2044	225	
807	-8131	7336	1827	-2032	200	
695	-8083	7398	1841	-2021	174	
586	-8035	7459	1856	-2009	146	
477	-7987	7521	1871	-1997	120	
368	-7936	7580	1887	-1983	96	
259	-7885	7639	1900	-1971	71	
149	-7832	7696	1914	-1957	45	
39	-7779	7752	1929	-1943	21	
-72	-7723	7807	1942	-1930	-5	
-181	-7667	7862	1954	-1916	-36	
-292	-7610	7914	1967	-1900	-73	
-401	-7552	7966	1978	-1887	-117	
-510	-7492	8016	1991	-1872	-155	
-620	-7432	8064	2005	-1856	-178	
-731	-7369	8113	2016	-1840	-193	
-840	-7306	8159	2028	-1824	-213	
-949	-7242	8205	2038	-1809	-241	
-1058	-7177	8250	2049	-1791	-272	
-1167	-7110	8292	2058	-1775	-302	
-1278	-7043	8334	2069	-1758	-329	
-1386	-6974	8374	2082	-1739	-355	
-1492	-6905	8413	2088	-1723	-382	
-1601	-6835	8451	2098	-1706	-409	
-1710	-6764	8488	2108	-1687	-435	
-1816	-6691	8523	2115	-1667	-462	
-1923	-6617	8557	2125	-1649	-489	
-2029	-6542	8591	2132	-1632	-516	
-2136	-6467	8622	2140	-1612	-543	
-2242	-6390	8651	2148	-1592	-569	
-2347	-6313	8680	2154	-1574	-596	
-2454	-6235	8707	2161	-1554	-622	
-2559	-6155	8734	2166	-1534	-649	
-2664	-6074	8760	2173	-1514	-675	
-2771	-5994	8783	2180	-1491	-700	
-2875	-5912	8806	2183	-1474	-728	
-2978	-5829	8826	2188	-1453	-753	
-3081	-5744	8846	2195	-1430	-778	
-3184	-5660	8865	2198	-1410	-803	
-3288	-5575	8882	2202	-1389	-830	
-3389	-5488	8898	2207	-1366	-855	
-3490	-5400	8912	2209	-1344	-880	
-3590	-5312	8925	2212	-1322	-905	
-3691	-5224	8936	2214	-1298	-929	
-3791	-5135	8946	2218	-1276	-954	
-3890	-5045	8955	2219	-1255	-980	
-3989	-4953	8963	2221	-1230	-1005	
-4087	-4862	8970	2223	-1208	-1029	
-4186	-4769	8975	2223	-1185	-1054	
-4282	-4675	8977	2224	-1162	-1078	
-4377	-4581	8979	2224	-1138	-1101	
-4473	-4487	8980	2224	-1114	-1125	
-4569	-4391	8980	2225	-1091	-1148	
-4664	-4294	8979	2224	-1066	-1171	
-4756	-4197	8975	2223	-1042	-1195	
-4848	-4099	8970	2221	-1017	-1218	
-4941	-4002	8964	2220	-992	-1241	
-5032	-3902	8958	2217	-969	-1264	
-5123	-3804	8949	2216	-942	-1286	
-5213	-3703	8938	2213	-918	-1309	
