-5608	-3245	8878	2196	-804	-1406	
-5693	-3143	8860	2193	-778	-1427	
-5776	-3040	8841	2189	-752	-1449	
-5860	-2936	8822	2182	-727	-1470	
-5941	-2833	8800	2179	-700	-1489	
-6024	-2728	8778	2171	-673	-1510	
-6105	-2622	8753	2166	-647	-1530	
-6184	-2517	8728	2161	-621	-1550	
-6265	-2412	8702	2152	-596	-1571	
-6342	-2305	8674	2144	-569	-1589	
-6419	-2199	8644	2136	-543	-1608	
-6498	-2093	8614	2128	-516	-1627	
-6573	-1985	8582	2122	-489	-1646	
-6646	-1877	8549	2113	-463	-1665	
-6718	-1770	8515	2105	-435	-1682	
-6790	-1663	8480	2095	-410	-1701	
-6862	-1555	8442	2085	-383	-1718	
-6931	-1447	8404	2078	-354	-1735	
-7002	-1337	8364	2067	-328	-1752	
-7070	-1228	8324	2057	-301	-1769	
-7137	-1119	8281	2046	-273	-1785	
-7203	-1009	8238	2034	-248	-1803	
-7267	-901	8194	2024	-221	-1819	
-7332	-790	8148	2012	-194	-1833	
-7395	-682	8101	1999	-168	-1850	
-7456	-573	8053	1988	-141	-1866	
-7515	-461	8004	1976	-114	-1880	
-7575	-353	7953	1963	-87	-1894	
-7634	-243	7902	1949	-61	-1909	
-7690	-131	7849	1937	-36	-1923	
-7745	-22	7794	1925	-11	-1936	
-7800	87	7739	1909	14	-1952	
-7854	198	7682	1896	41	-1964	
-7908	309	7625	1881	70	-1976	
-7958	417	7566	1865	101	-1989	
-8008	528	7507	1850	137	-2001	
-8057	638	7446	1835	171	-2013	
-8103	747	7382	1820	202	-2025	
-8149	857	7318	1804	226	-2036	
-8195	966	7255	1788	248	-2047	
-8239	1076	7190	1771	273	-2058	
-8283	1185	7123	1755	299	-2069	
-8324	1294	7055	1739	330	-2079	
-8364	1402	6986	1722	358	-2088	
-8402	1510	6916	1703	385	-2098	
-8439	1619	6845	1687	413	-2107	
-8476	1727	6774	1668	438	-2116	
-8512	1835	6702	1648	465	-2125	
-8546	1943	6628	1632	492	-2132	
-8578	2050	6553	1613	519	-2140	
-8609	2157	6477	1593	546	-2148	
-8639	2263	6400	1574	572	-2155	
-8668	2370	6323	1556	599	-2163	
-8694	2476	6244	1536	626	-2170	
-8720	2581	6164	1515	651	-2177	
-8746	2686	6083	1496	678	-2182	
-8769	2791	6002	1476	705	-2187	
-8790	2896	5919	1454	731	-2193	
-8810	3000	5835	1435	758	-2197	
-8830	3103	5752	1413	782	-2202	
-8849	3206	5666	1390	806	-2209	
-8865	3308	5581	1369	832	-2212	
-8881	3410	5495	1348	858	-2214	
-8896	3512	5407	1326	884	-2217	
-8908	3613	5319	1304	910	-2221	
-8919	3714	5229	1283	935	-2224	
-8928	3813	5139	1259	959	-2225	
-8936	3912	5048	1238	984	-2228	
-8946	4012	4957	1215	1009	-2229	
-8952	4110	4864	1191	1033	-2231	
-8956	4208	4772	1170	1059	-2232	
-8960	4304	4678	1147	1083	-2231	
-8961	4400	4584	1122	1106	-2232	
-8960	4496	4488	1098	1130	-2233	
-8960	4590	4392	1074	1153	-2232	
-8958	4685	4296	1051	1178	-2231	
-8956	4779	4199	1027	1201	-2231	
-8951	4871	4102	1003	1222	-2229	
-8944	4962	4003	978	1245	-2227	
-8936	5054	3904	953	1268	-2225	
-8927	5145	3804	929	1291	-2222	
-8917	5235	3704	903	1314	-2220	
-8906	5324	3604	879	1336	-2218	
-8893	5412	3503	854	1357	-2214	
-8880	5500	3400	829	1379	-2210	
-8864	5586	3298	804	1400	-2204	
-8847	5672	3196	778	1420	-2201	
-8830	5756	3093	752	1442	-2197	
-8810	5840	2989	725	1463	-2192	
-8788	5924	2886	701	1484	-2187	
-8766	6006	2781	675	1505	-2179	
-8742	6087	2676	648	1525	-2174	
-8718	6168	2571	624	1546	-2168	
-8692	6248	2465	597	1564	-2161	
-8664	6325	2358	570	1584	-2154	
-8635	6403	2252	545	1605	-2147	
-8606	6480	2145	519	1623	-2139	
-8575	6556	2037	492	1642	-2131	
-8542	6630	1929	465	1659	-2124	
-8509	6704	1821	438	1677	-2114	
-8473	6776	1714	412	1696	-2105	
-8436	6848	1605	386	1713	-2096	
-8399	6919	1497	358	1731	-2087	
-8360	6989	1388	332	1749	-2076	
-8320	7058	1278	306	1766	-2066	
-8278	7124	1170	279	1782	-2055	
-8235	7191	1061	252	1798	-2045	
-8191	7256	951	225	1815	-2035	
-8146	7320	840	199	1832	-2023	
-8100	7384	732	174	1847	-2011	
-8052	7445	622	147	1862	-1998	
-8003	7507	512	121	1878	-1986	
-7954	7567	402	95	1891	-1974	
-7902	7625	292	70	1906	-1960	
-7849	7683	182	44	1920	-1947	
-7797	7738	71	17	1935	-1933	
-7742	7794	-38	-13	1949	-1920	
-7685	7848	-148	-45	1960	-1907	
-7627	7900	-259	-79	1974	-1893	
-7571	7952	-368	-114	1986	-1878	
-7512	8002	-478	-142	1998	-1862	
-7450	8052	-588	-164	2011	-1848	
-7389	8100	-699	-189	2022	-1831	
-7325	8147	-808	-213	2033	-1814	
-7260	8193	-917	-239	2046	-1799	
-7197	8237	-1027	-270	2057	-1783	
-7131	8279	-1136	-298	2067	-1765	
-7064	8322	-1245	-324	2077	-1749	
-6996	8362	-1355	-351	2087	-1733	
-6925	8400	-1463	-378	2097	-1716	
-6856	8439	-1572	-404	2106	-1697	
-6785	8476	-1680	-431	2116	-1678	
-6713	8511	-1788	-460	2123	-1662	
-6641	8546	-1896	-486	2133	-1643	
-6564	8579	-2003	-511	2141	-1623	
-6489	8610	-2110	-541	2147	-1606	
-6413	8640	-2216	-565	2155	-1585	
-6336	8670	-2324	-591	2162	-1566	
-6258	8698	-2430	-618	2169	-1547	
-6180	8724	-2536	-644	2176	-1526	
-6099	8749	-2642	-671	2181	-1506	
-6017	8773	-2747	-695	2187	-1486	
-5936	8795	-2853	-722	2193	-1465	
-5854	8817	-2957	-748	2198	-1444	
-5771	8837	-3059	-773	2203	-1423	
-5685	8856	-3163	-800	2206	-1402	
-5600	8872	-3266	-824	2212	-1381	
-5515	8889	-3368	-850	2216	-1360	
-5427	8903	-3469	-876	2216	-1339	
-5340	8915	-3571	-900	2221	-1315	
-5250	8928	-3672	-924	2224	-1292	
-5161	8938	-3771	-949	2228	-1271	
-5072	8948	-3873	-974	2229	-1248	
-4979	8956	-3972	-999	2230	-1226	
-4888	8961	-4070	-1022	2232	-1202	
-4797	8966	-4168	-1047	2233	-1179	
-4703	8971	-4265	-1072	2234	-1156	
-4609	8973	-4361	-1094	2234	-1132	
-4515	8974	-4457	-1120	2234	-1110	
-4418	8974	-4553	-1142	2234	-1085	
-4323	8972	-4648	-1167	2233	-1061	
-4227	8968	-4741	-1190	2231	-1038	
-4129	8965	-4834	-1211	2231	-1011	
-4032	8959	-4927	-1235	2230	-988	
-3932	8952	-5018	-1258	2227	-963	
-3832	8944	-5110	-1281	2225	-938	
-3734	8934	-5200	-1302	2222	-914	
-3634	8923	-5289	-1324	2220	-888	
-3533	8911	-5378	-1346	2216	-863	
-3431	8897	-5466	-1368	2211	-837	
-3329	8882	-5553	-1390	2209	-812	
-3227	8866	-5638	-1410	2205	-787	
-3125	8848	-5724	-1430	2201	-761	
-3023	8829	-5809	-1453	2195	-736	
-2917	8808	-5891	-1473	2189	-710	
-2813	8786	-5974	-1492	2184	-683	
-2708	8764	-6056	-1513	2177	-658	
-2603	8740	-6137	-1534	2172	-632	
-2500	8713	-6217	-1553	2165	-604	
-2393	8686	-6296	-1573	2157	-578	
-2285	8657	-6374	-1592	2151	-552	
-2179	8627	-6450	-1611	2142	-525	
-2073	8597	-6527	-1629	2135	-499	
-1966	8566	-6603	-1648	2127	-473	
-1861	8532	-6676	-1666	2120	-445	
-1754	8497	-6749	-1684	2111	-419	
-1647	8461	-6821	-1703	2100	-392	
-1539	8423	-6892	-1719	2091	-366	
-1430	8385	-6962	-1736	2081	-339	
-1321	8346	-7031	-1752	2071	-311	
-1212	8304	-7100	-1769	2060	-285	
-1103	8262	-7166	-1786	2050	-258	
-993	8218	-7233	-1802	2039	-231	
-884	8173	-7297	-1818	2027	-204	
-775	8128	-7359	-1833	2017	-177	
-665	8080	-7423	-1849	2004	-151	
-555	8031	-7484	-1864	1992	-124	
-445	7982	-7544	-1877	1980	-99	
-334	7931	-7604	-1893	1967	-75	
-224	7879	-7661	-1907	1953	-48	
-117	7825	-7718	-1922	1938	-24	
-7	7770	-7774	-1935	1926	0	
103	7716	-7828	-1948	1912	25	
214	7660	-7882	-1961	1896	53	
325	7601	-7934	-1974	1883	85	
432	7542	-7985	-1987	1868	122	
542	7482	-8035	-1998	1853	162	
652	7421	-8083	-2010	1837	195	
759	7358	-8129	-2021	1821	219	
871	7294	-8176	-2033	1806	240	
981	7230	-8221	-2044	1789	260	
1089	7164	-8265	-2055	1773	286	
1199	7097	-8307	-2066	1756	316	
1306	7030	-8348	-2075	1737	345	
1415	6961	-8388	-2084	1720	375	
1524	6890	-8426	-2094	1704	401	
1632	6820	-8464	-2103	1686	427	
1742	6748	-8500	-2111	1668	453	
1849	6674	-8535	-2120	1648	480	
1955	6600	-8568	-2129	1630	507	
2065	6525	-8601	-2137	1610	533	
2171	6449	-8632	-2144	1591	562	
2275	6373	-8660	-2150	1574	588	
2381	6294	-8689	-2158	1554	613	
2486	6215	-8716	-2163	1534	640	
2593	6136	-8741	-2169	1513	666	
2697	6055	-8766	-2177	1492	692	
2800	5973	-8788	-2181	1473	719	
2906	5891	-8810	-2187	1451	744	
3009	5806	-8832	-2192	1431	770	
3111	5722	-8851	-2196	1410	797	
3216	5638	-8868	-2201	1387	821	
3318	5551	-8884	-2205	1367	847	
3420	5465	-8899	-2208	1344	873	
3522	5377	-8912	-2210	1322	898	
3622	5287	-8924	-2213	1302	924	
3722	5200	-8936	-2216	1279	947	
3820	5109	-8946	-2217	1257	973	
3920	5018	-8954	-2220	1233	998	
4019	4927	-8961	-2222	1208	1022	
4115	4834	-8966	-2223	1185	1047	
4213	4741	-8970	-2224	1163	1070	
4308	4647	-8974	-2225	1140	1094	
4404	4553	-8975	-2225	1116	1119	
4501	4457	-8976	-2224	1092	1142	
4595	4361	-8975	-2224	1068	1166	
4689	4264	-8972	-2224	1043	1189	
4782	4168	-8968	-2221	1019	1213	
4873	4070	-8962	-2220	995	1234	
4965	3972	-8956	-2220	970	1257	
5056	3873	-8948	-2215	947	1281	
5146	3773	-8939	-2215	921	1302	
5236	3674	-8929	-2213	894	1324	
5323	3572	-8917	-2208	870	1347	
5411	3471	-8903	-2205	845	1368	
5500	3370	-8888	-2201	820	1390	
5585	3267	-8871	-2198	793	1411	
5670	3164	-8855	-2192	769	1433	
5754	3062	-8837	-2188	743	1454	
5837	2959	-8816	-2184	716	1475	
5921	2853	-8796	-2177	691	1496	
6003	2749	-8773	-2172	665	1515	
6083	2644	-8747	-2164	638	1535	
6164	2538	-8723	-2157	614	1557	
6243	2434	-8696	-2151	585	1574	
6320	2326	-8667	-2145	559	1593	
6398	2220	-8639	-2137	533	1614	
6475	2114	-8608	-2129	506	1633	
6550	2005	-8576	-2120	480	1652	
6623	1899	-8543	-2112	453	1669	
6696	1792	-8509	-2104	426	1688	
6770	1683	-8473	-2095	400	1706	
6841	1575	-8436	-2086	372	1724	
6910	1467	-8398	-2075	346	1742	
6980	1358	-8358	-2066	320	1758	
7048	1249	-8318	-2055	293	1775	
7115	1140	-8275	-2044	266	1792	
7180	1031	-8232	-2035	239	1808	
7245	922	-8188	-2023	211	1824	
7311	812	-8142	-2012	185	1840	
7371	702	-8096	-2000	160	1855	
7432	593	-8047	-1987	134	1869	
7494	483	-7997	-1975	107	1885	
7553	373	-7947	-1963	81	1900	
7612	263	-7895	-1950	56	1915	
7668	153	-7842	-1936	30	1928	
7722	43	-7788	-1922	4	1943	
7778	-67	-7733	-1909	-27	1956	
7831	-177	-7676	-1893	-60	1969	
7885	-287	-7618	-1879	-96	1983	
7937	-397	-7561	-1865	-133	1994	
7986	-507	-7500	-1851	-161	2007	
8033	-617	-7439	-1835	-182	2020	
8080	-726	-7376	-1819	-203	2030	
8128	-836	-7312	-1804	-229	2043	
8173	-945	-7249	-1787	-260	2053	
8217	-1055	-7184	-1771	-286	2063	
8260	-1165	-7117	-1755	-315	2075	
8301	-1273	-7049	-1738	-344	2083	
8341	-1381	-6980	-1720	-369	2093	
8380	-1490	-6910	-1703	-396	2103	
8417	-1598	-6839	-1684	-423	2113	
8453	-1707	-6767	-1667	-449	2122	
8489	-1813	-6695	-1650	-478	2129	
8523	-1921	-6622	-1632	-505	2139	
8554	-2028	-6546	-1612	-532	2147	
8585	-2134	-6470	-1593	-558	2154	
8616	-2242	-6394	-1574	-585	2162	
8644	-2348	-6316	-1554	-612	2169	
8672	-2454	-6237	-1536	-638	2176	
8697	-2559	-6157	-1516	-664	2181	
8722	-2664	-6077	-1495	-690	2188	
8745	-2769	-5996	-1474	-715	2194	
8767	-2874	-5913	-1453	-742	2198	
8788	-2977	-5830	-1433	-767	2204	
8807	-3081	-5746	-1412	-793	2209	
8825	-3184	-5661	-1391	-820	2213	
8842	-3287	-5575	-1370	-844	2218	
8859	-3389	-5488	-1348	-870	2220	
8872	-3491	-5400	-1327	-895	2223	
8884	-3592	-5312	-1304	-920	2226	
8895	-3692	-5223	-1283	-946	2229	
8906	-3791	-5134	-1260	-970	2231	
8915	-3891	-5042	-1238	-996	2233	
8921	-3991	-4949	-1214	-1020	2235	
8928	-4088	-4859	-1191	-1044	2236	
8932	-4186	-4765	-1167	-1068	2237	
8936	-4282	-4672	-1144	-1092	2238	
8939	-4378	-4578	-1121	-1117	2238	
8938	-4474	-4482	-1098	-1141	2238	
8938	-4568	-4387	-1074	-1164	2238	
8936	-4663	-4290	-1050	-1188	2237	
8930	-4756	-4192	-1027	-1211	2236	
8926	-4849	-4094	-1003	-1234	2234	
8922	-4941	-3996	-977	-1257	2233	
8914	-5033	-3899	-953	-1280	2231	
8906	-5124	-3798	-929	-1303	2228	
8894	-5213	-3699	-903	-1324	2226	
8881	-5303	-3597	-877	-1346	2222	
8870	-5391	-3495	-853	-1368	2219	
8855	-5478	-3393	-828	-1390	2215	
8842	-5565	-3292	-802	-1411	2212	
8825	-5651	-3189	-777	-1433	2207	
8805	-5735	-3086	-751	-1455	2202	
8785	-5818	-2982	-725	-1475	2198	
8764	-5902	-2878	-700	-1497	2192	
8742	-5984	-2773	-674	-1517	2186	
8719	-6066	-2668	-649	-1535	2179	
8696	-6146	-2563	-622	-1556	2175	
8669	-6225	-2456	-595	-1577	2167	
8640	-6303	-2350	-570	-1597	2158	
8613	-6381	-2244	-542	-1614	2152	
8582	-6460	-2137	-516	-1632	2144	
8550	-6535	-2030	-490	-1652	2138	
8519	-6609	-1921	-462	-1670	2130	
8485	-6683	-1814	-436	-1690	2120	
8448	-6756	-1706	-410	-1707	2111	
8413	-6827	-1599	-384	-1724	2101	
8376	-6898	-1490	-357	-1742	2093	
8336	-6967	-1381	-329	-1760	2083	
8296	-7036	-1273	-304	-1777	2071	
8254	-7104	-1163	-277	-1794	2062	
8210	-7169	-1054	-251	-1810	2050	
8167	-7235	-945	-224	-1827	2039	
8122	-7300	-834	-195	-1840	2028	
8077	-7362	-725	-171	-1857	2014	
8028	-7425	-616	-143	-1873	2003	
7979	-7485	-505	-117	-1887	1992	
7929	-7546	-394	-92	-1903	1979	
7878	-7603	-284	-65	-1917	1966	
7826	-7661	-174	-40	-1932	1952	
7772	-7717	-64	-14	-1945	1939	
7717	-7772	44	11	-1958	1925	
7661	-7827	156	38	-1972	1910	
7605	-7879	266	68	-1985	1896	
7546	-7931	376	95	-2000	1881	
7487	-7981	486	129	-2011	1868	
7427	-8030	595	163	-2021	1853	
7365	-8079	705	193	-2035	1836	
7302	-8126	815	221	-2046	1822	
7238	-8170	924	244	-2056	1804	
7174	-8215	1034	268	-2067	1787	
7108	-8259	1143	295	-2079	1771	
7041	-8300	1253	322	-2089	1754	
6972	-8341	1362	351	-2099	1738	
6904	-8380	1470	378	-2108	1720	
6833	-8418	1578	404	-2117	1702	
6762	-8455	1686	432	-2126	1685	
6689	-8490	1795	457	-2136	1666	
6614	-8525	1903	485	-2143	1649	
6542	-8558	2011	512	-2151	1629	
6467	-8590	2119	536	-2160	1609	
6390	-8620	2226	566	-2167	1591	
6313	-8649	2332	592	-2174	1573	
6235	-8677	2439	617	-2182	1552	
6155	-8704	2546	643	-2187	1533	
6076	-8729	2650	670	-2193	1512	
5994	-8753	2755	696	-2199	1491	
5911	-8775	2860	721	-2204	1471	
5830	-8797	2963	747	-2209	1451	
5745	-8816	3067	773	-2214	1430	
5662	-8834	3170	798	-2219	1407	
5577	-8852	3273	824	-2222	1386	
5490	-8868	3375	850	-2225	1366	
5403	-8882	3477	873	-2230	1342	
5315	-8895	3579	900	-2232	1320	
5226	-8907	3679	926	-2236	1299	
5136	-8917	3780	948	-2238	1276	
5048	-8927	3880	973	-2240	1253	
4957	-8935	3979	999	-2242	1232	
4865	-8941	4078	1024	-2244	1208	
4772	-8947	4176	1046	-2245	1185	
4677	-8950	4273	1071	-2245	1163	
4585	-8953	4369	1095	-2245	1138	
4490	-8954	4465	1118	-2246	1115	
4395	-8953	4560	1144	-2244	1091	
4300	-8952	4654	1165	-2244	1066	
4202	-8949	4749	1187	-2245	1041	
4104	-8944	4842	1212	-2243	1018	
4007	-8939	4934	1234	-2241	994	
3910	-8932	5026	1257	-2237	969	
3811	-8923	5116	1280	-2236	945	
3710	-8913	5207	1301	-2234	920	
3610	-8903	5296	1324	-2230	895	
3510	-8889	5384	1345	-2228	868	
3409	-8875	5473	1368	-2223	844	
3308	-8862	5560	1388	-2220	819	
3205	-8844	5646	1409	-2215	793	
3101	-8827	5731	1432	-2210	767	
2997	-8807	5815	1451	-2206	740	
2893	-8787	5898	1470	-2201	714	
2789	-8765	5981	1493	-2195	690	
2686	-8742	6063	1513	-2189	664	
2581	-8719	6144	1532	-2183	639	
2475	-8692	6225	1553	-2175	612	
2371	-8665	6303	1572	-2169	585	
2266	-8638	6381	1591	-2163	559	
2160	-8607	6458	1611	-2154	532	
2052	-8577	6534	1630	-2146	506	
1945	-8545	6610	1647	-2139	479	
1839	-8510	6683	1665	-2129	452	
1730	-8476	6756	1684	-2119	425	
1620	-8439	6829	1701	-2111	398	
1513	-8402	6900	1718	-2102	373	
1405	-8364	6969	1735	-2093	346	
1295	-8325	7038	1752	-2083	318	
1185	-8284	7106	1770	-2072	292	
1077	-8239	7174	1787	-2061	265	
969	-8197	7240	1802	-2050	238	
858	-8153	7304	1818	-2038	213	
749	-8106	7368	1834	-2025	185	
639	-8059	7430	1849	-2013	159	
529	-8011	7491	1864	-2002	133	
421	-7961	7551	1878	-1989	107	
310	-7910	7611	1893	-1975	83	
200	-7858	7669	1907	-1963	57	
91	-7805	7726	1921	-1951	34	
-18	-7751	7781	1935	-1936	9	
-129	-7695	7835	1948	-1922	-20	
-237	-7638	7889	1961	-1908	-53	
-346	-7580	7941	1974	-1894	-96	
-458	-7521	7992	1987	-1878	-139	
-568	-7461	8042	1999	-1863	-167	
-678	-7399	8090	2010	-1848	-186	
-787	-7337	8137	2022	-1831	-202	
-896	-7273	8183	2034	-1814	-225	
-1004	-7209	8229	2046	-1798	-257	
-1113	-7142	8272	2055	-1782	-288	
-1223	-7075	8313	2064	-1765	-316	
-1333	-7008	8355	2075	-1749	-342	
-1442	-6939	8394	2084	-1732	-369	
-1548	-6870	8433	2094	-1714	-396	
-1656	-6798	8470	2103	-1695	-422	
-1766	-6725	8506	2112	-1676	-449	
-1873	-6654	8542	2120	-1659	-476	
-1977	-6579	8574	2129	-1641	-502	
-2083	-6503	8606	2137	-1621	-529	
-2189	-6427	8637	2143	-1603	-556	
-2297	-6351	8668	2151	-1582	-581	
-2404	-6274	8695	2159	-1562	-609	
-2508	-6194	8721	2165	-1543	-635	
-2612	-6114	8747	2170	-1523	-662	
-2718	-6034	8772	2175	-1504	-689	
-2824	-5952	8796	2181	-1483	-713	
-2928	-5870	8817	2186	-1462	-740	
-3032	-5786	8837	2192	-1441	-766	
-3135	-5702	8856	2196	-1420	-792	
-3236	-5616	8874	2200	-1398	-817	
-3339	-5530	8890	2204	-1376	-843	
-3442	-5443	8904	2207	-1356	-869	
-3541	-5356	8918	2212	-1333	-891	
-3643	-5268	8931	2214	-1310	-918	
-3743	-5177	8942	2216	-1287	-944	
-3841	-5088	8952	2219	-1264	-967	
-3942	-4997	8960	2220	-1242	-992	
-4040	-4906	8966	2222	-1220	-1018	
-4137	-4814	8972	2224	-1197	-1042	
-4236	-4720	8976	2224	-1174	-1064	
-4331	-4628	8980	2225	-1150	-1089	
-4427	-4532	8981	2225	-1125	-1113	
-4523	-4436	8981	2225	-1101	-1136	
-4618	-4341	8980	2225	-1077	-1160	
-4713	-4244	8978	2223	-1054	-1183	
-4802	-4148	8973	2224	-1029	-1206	
-4896	-4050	8968	2222	-1004	-1229	
-4988	-3951	8962	2219	-979	-1253	
-5078	-3852	8953	2218	-954	-1274	
-5170	-3752	8944	2213	-931	-1297	
-5258	-3652	8933	2211	-906	-1320	
-5347	-3551	8921	2209	-880	-1341	
-5435	-3449	8909	2204	-855	-1364	
-5521	-3348	8893	2202	-829	-1384	
-5608	-3246	8878	2196	-804	-1406	
-5694	-3143	8860	2193	-779	-1427	
-5777	-3039	8841	2189	-753	-1448	
-5862	-2936	8822	2182	-727	-1470	
-5944	-2831	8800	2178	-700	-1488	
-6025	-2726	8778	2172	-673	-1510	
-6107	-2621	8753	2166	-647	-1531	
-6186	-2517	8729	2160	-620	-1549	
-6265	-2411	8703	2152	-596	-1570	
-6344	-2305	8673	2146	-569	-1588	
-6420	-2198	8645	2138	-542	-1608	
-6497	-2091	8614	2130	-516	-1627	
-6573	-1985	8581	2121	-489	-1646	
-6647	-1878	8548	2112	-463	-1666	
-6720	-1770	8515	2105	-436	-1682	
-6791	-1661	8479	2096	-408	-1700	
-6862	-1554	8442	2085	-382	-1718	
-6933	-1445	8404	2077	-354	-1735	
-7002	-1336	8363	2066	-328	-1753	
-7070	-1228	8323	2057	-300	-1770	
-7137	-1118	8282	2048	-272	-1786	
-7203	-1009	8239	2033	-247	-1803	
-7268	-900	8193	2023	-220	-1818	
-7331	-790	8147	2013	-194	-1834	
-7394	-681	8101	1999	-167	-1850	
-7456	-571	8053	1988	-140	-1865	
-7516	-461	8003	1974	-114	-1880	
-7575	-350	7952	1963	-88	-1894	
-7634	-241	7901	1950	-63	-1908	
-7691	-131	7848	1937	-37	-1923	
-7747	-21	7793	1924	-10	-1936	
-7802	89	7738	1908	14	-1950	
-7855	198	7682	1896	41	-1963	
-7907	309	7624	1882	70	-1975	
-7957	419	7566	1865	102	-1990	
-8007	529	7506	1851	138	-2002	
-8057	638	7445	1836	172	-2013	
-8104	748	7382	1820	203	-2025	
-8150	857	7319	1804	226	-2036	
-8195	967	7254	1788	248	-2048	
-8239	1076	7188	1772	274	-2058	
-8283	1185	7122	1754	301	-2068	
-8324	1295	7055	1737	331	-2079	
-8364	1403	6986	1721	359	-2087	
-8402	1511	6916	1704	386	-2099	
-8440	1620	6846	1686	414	-2106	
-8477	1729	6774	1668	440	-2115	
-8512	1836	6700	1650	466	-2126	
-8546	1944	6626	1631	493	-2133	
-8578	2051	6551	1612	519	-2141	
-8608	2158	6476	1594	546	-2148	
-8638	2264	6399	1574	574	-2156	
-8668	2371	6321	1554	599	-2163	
-8696	2476	6243	1535	627	-2169	
-8722	2582	6164	1514	652	-2176	
-8745	2688	6083	1495	679	-2182	
-8769	2792	6001	1476	706	-2187	
-8791	2896	5919	1454	731	-2193	
-8811	3000	5836	1434	759	-2198	
-8831	3104	5751	1413	783	-2202	
-8849	3207	5667	1391	808	-2207	
-8866	3309	5580	1369	834	-2211	
-8882	3412	5493	1348	859	-2214	
-8894	3513	5404	1327	884	-2218	
-8907	3614	5316	1305	910	-2221	
-8920	3715	5229	1283	936	-2223	
-8930	3814	5138	1260	960	-2227	
-8938	3914	5048	1236	985	-2230	
-8945	4012	4956	1212	1006	-2232	
-8950	4110	4863	1191	1033	-2232	
-8956	4209	4770	1169	1059	-2232	
-8959	4306	4677	1146	1082	-2232	
-8960	4401	4582	1122	1107	-2231	
-8961	4496	4488	1098	1130	-2233	
-8961	4591	4393	1074	1154	-2233	
-8958	4685	4295	1050	1178	-2231	
-8956	4779	4198	1027	1200	-2231	
-8952	4873	4101	1002	1223	-2228	
-8944	4964	4003	977	1245	-2227	
-8936	5056	3903	953	1269	-2225	
-8927	5146	3803	928	1291	-2222	
-8918	5236	3704	903	1312	-2220	
-8906	5325	3602	880	1337	-2217	
-8894	5413	3501	854	1359	-2215	
-8880	5501	3400	828	1379	-2211	
-8864	5587	3298	803	1400	-2206	
-8847	5673	3194	777	1422	-2202	
-8828	5757	3092	752	1443	-2197	
-8809	5841	2989	727	1464	-2191	
-8788	5925	2884	700	1485	-2185	
-8766	6007	2780	675	1505	-2180	
-8742	6088	2676	649	1524	-2174	
-8718	6168	2570	623	1545	-2167	
-8692	6248	2464	596	1565	-2161	
-8664	6327	2358	569	1583	-2155	
-8635	6404	2250	545	1605	-2147	
-8606	6480	2143	518	1624	-2140	
-8575	6556	2037	491	1640	-2132	
-8541	6631	1929	466	1660	-2122	
-8507	6704	1820	437	1678	-2114	
-8473	6777	1713	411	1697	-2106	
-8436	6849	1605	386	1715	-2096	
-8398	6919	1495	358	1731	-2087	
-8359	6989	1387	332	1749	-2077	
-8319	7058	1278	306	1766	-2065	
-8277	7125	1168	279	1783	-2055	
-8236	7192	1059	252	1798	-2045	
-8192	7257	950	225	1814	-2033	
-8145	7320	839	201	1833	-2022	
-8099	7384	731	173	1846	-2011	
-8052	7446	621	146	1862	-1999	
-8003	7507	511	122	1878	-1986	
-7954	7567	403	96	1891	-1974	
-7902	7625	291	70	1906	-1961	
-7848	7683	180	43	1920	-1947	
-7795	7739	71	18	1935	-1933	
-7741	7794	-40	-12	1948	-1919	
-7685	7848	-150	-45	1961	-1906	
-7628	7901	-259	-78	1974	-1891	
-7570	7953	-369	-115	1985	-1877	
-7511	8003	-480	-143	2000	-1862	
-7449	8052	-589	-164	2013	-1846	
-7387	8100	-699	-189	2022	-1831	
-7324	8147	-809	-215	2034	-1815	
-7262	8192	-919	-241	2046	-1798	
-7197	8237	-1029	-271	2056	-1782	
-7129	8280	-1137	-298	2067	-1765	
-7063	8322	-1246	-324	2078	-1748	
-6995	8362	-1356	-352	2088	-1732	
-6926	8401	-1465	-378	2098	-1715	
-6855	8440	-1573	-405	2107	-1696	
-6783	8476	-1681	-432	2116	-1678	
-6711	8512	-1789	-460	2123	-1661	
-6638	8546	-1896	-485	2133	-1642	
-6565	8579	-2004	-512	2141	-1623	
-6489	8611	-2112	-540	2146	-1605	
-6413	8641	-2218	-565	2156	-1585	
-6336	8670	-2325	-591	2162	-1567	
-6257	8698	-2432	-619	2169	-1547	
-6178	8724	-2538	-644	2177	-1526	
-6099	8749	-2644	-671	2182	-1507	
-6017	8774	-2748	-696	2188	-1485	
-5936	8796	-2853	-721	2193	-1466	
-5852	8817	-2958	-748	2198	-1445	
-5768	8836	-3060	-774	2204	-1423	
-5685	8855	-3165	-799	2206	-1402	
-5600	8873	-3267	-824	2212	-1381	
-5514	8889	-3369	-850	2216	-1360	
-5427	8903	-3471	-876	2218	-1338	
-5338	8916	-3572	-900	2222	-1316	
-5248	8927	-3674	-926	2225	-1294	
-5159	8938	-3774	-951	2227	-1270	
-5071	8948	-3873	-973	2229	-1247	
-4979	8955	-3972	-999	2229	-1226	
-4887	8961	-4071	-1024	2233	-1202	
-4796	8966	-4169	-1047	2233	-1180	
-4703	8970	-4266	-1071	2233	-1156	
-4609	8973	-4363	-1095	2235	-1132	
-4514	8974	-4457	-1119	2233	-1109	
-4419	8974	-4553	-1142	2235	-1084	
-4323	8972	-4648	-1165	2235	-1061	
-4226	8969	-4742	-1191	2231	-1037	
-4129	8965	-4835	-1213	2231	-1012	
-4031	8960	-4927	-1234	2230	-987	
-3932	8952	-5020	-1257	2227	-963	
-3832	8944	-5110	-1280	2225	-939	
-3732	8934	-5201	-1302	2222	-913	
-3632	8923	-5290	-1323	2219	-887	
-3532	8911	-5379	-1345	2217	-863	
-3432	8896	-5466	-1368	2214	-837	
-3331	8882	-5552	-1389	2209	-812	
-3228	8865	-5639	-1410	2205	-785	
-3123	8847	-5724	-1431	2202	-761	
-3019	8828	-5809	-1453	2195	-736	
-2916	8807	-5893	-1473	2190	-710	
-2814	8786	-5975	-1493	2184	-684	
-2707	8763	-6057	-1514	2178	-657	
-2601	8739	-6137	-1534	2171	-632	
-2497	8713	-6218	-1553	2164	-604	
-2391	8685	-6296	-1572	2159	-578	
-2285	8657	-6374	-1592	2151	-553	
-2178	8629	-6452	-1611	2143	-525	
-2072	8597	-6528	-1630	2136	-498	
-1967	8565	-6603	-1647	2127	-471	
-1859	8532	-6677	-1664	2119	-445	
-1753	8496	-6751	-1684	2110	-419	
-1644	8461	-6822	-1702	2101	-392	
-1536	8423	-6893	-1719	2091	-366	
-1429	8384	-6965	-1737	2081	-338	
-1319	8345	-7033	-1753	2071	-312	
-1211	8304	-7100	-1770	2060	-284	
-1103	8261	-7168	-1786	2050	-257	
-993	8217	-7233	-1802	2039	-231	
-881	8173	-7298	-1818	2026	-204	
-772	8127	-7361	-1834	2015	-178	
-663	8080	-7424	-1849	2003	-151	
-551	8032	-7485	-1863	1992	-124	
-443	7981	-7545	-1878	1980	-98	
-333	7931	-7605	-1893	1966	-73	
-223	7879	-7663	-1906	1953	-48	
-114	7825	-7719	-1921	1938	-25	
-4	7771	-7774	-1935	1925	0	
106	7715	-7829	-1948	1912	26	
215	7659	-7882	-1961	1898	52	
324	7601	-7934	-1974	1882	85	
434	7541	-7985	-1988	1867	123	
544	7481	-8035	-1998	1853	162	
653	7418	-8084	-2010	1836	195	
762	7357	-8131	-2022	1820	219	
872	7294	-8177	-2032	1805	240	
979	7229	-8221	-2043	1789	261	
1090	7163	-8266	-2053	1773	288	
1200	7097	-8309	-2064	1756	318	
1307	7029	-8349	-2076	1737	346	
1417	6959	-8388	-2084	1720	374	
1524	6889	-8427	-2094	1704	400	
1633	6819	-8464	-2104	1685	426	
1744	6747	-8499	-2112	1667	454	
1851	6674	-8535	-2121	1648	481	
1957	6599	-8569	-2128	1630	507	
2063	6524	-8601	-2136	1612	533	
2169	6449	-8631	-2144	1591	562	
2277	6371	-8662	-2149	1573	588	
2383	6293	-8690	-2158	1553	612	
2487	6214	-8716	-2163	1534	642	
2592	6135	-8742	-2169	1514	669	
2698	6054	-8766	-2177	1492	693	
2801	5972	-8789	-2182	1472	719	
2905	5890	-8810	-2188	1451	744	
3010	5806	-8831	-2191	1431	770	
3114	5722	-8850	-2195	1409	796	
3214	5637	-8868	-2201	1387	822	
3318	5551	-8884	-2204	1366	849	
3421	5464	-8899	-2208	1345	873	
3522	5375	-8913	-2210	1323	898	
3621	5288	-8925	-2212	1302	924	
3721	5198	-8936	-2216	1278	947	
3821	5108	-8945	-2217	1258	974	
3921	5018	-8954	-2219	1234	999	
4019	4926	-8960	-2223	1208	1022	
4116	4834	-8965	-2223	1187	1047	
4215	4740	-8971	-2224	1163	1070	
4310	4646	-8974	-2225	1140	1095	
4405	4552	-8976	-2225	1115	1119	
4501	4457	-8976	-2225	1091	1142	
4596	4360	-8974	-2224	1068	1165	
4691	4265	-8973	-2224	1042	1189	
4781	4168	-8967	-2221	1020	1213	
4874	4070	-8962	-2221	995	1235	
4966	3971	-8956	-2220	971	1257	
5056	3872	-8947	-2214	947	1281	
5148	3772	-8938	-2214	920	1303	
5238	3672	-8928	-2212	894	1325	
5326	3572	-8916	-2208	870	1347	
5412	3471	-8902	-2205	844	1369	
5499	3369	-8888	-2201	819	1390	
5587	3266	-8872	-2196	793	1411	
5672	3163	-8854	-2192	767	1433	
5756	3060	-8837	-2187	742	1454	
5839	2957	-8816	-2183	716	1475	
5921	2852	-8795	-2176	691	1495	
6003	2748	-8772	-2170	664	1515	
6085	2643	-8747	-2164	638	1535	
6165	2537	-8722	-2156	613	1556	
6243	2432	-8696	-2151	585	1575	
6322	2326	-8668	-2146	559	1594	
6398	2218	-8638	-2137	533	1614	
6475	2112	-8607	-2129	506	1633	
6552	2005	-8575	-2121	480	1651	
6625	1899	-8543	-2114	452	1669	
6696	1791	-8508	-2104	426	1688	
6769	1682	-8473	-2095	400	1707	
6840	1574	-8436	-2086	372	1724	
6911	1465	-8398	-2074	345	1742	
6980	1357	-8358	-2066	319	1758	
7048	1249	-8317	-2055	292	1774	
7116	1139	-8275	-2044	265	1792	
7180	1030	-8232	-2035	238	1809	
7245	920	-8188	-2023	211	1824	
7310	811	-8142	-2012	185	1840	
7373	702	-8095	-2000	159	1856	
7434	592	-8046	-1987	132	1870	
7493	481	-7997	-1975	106	1886	
7552	372	-7946	-1963	80	1901	
7611	262	-7894	-1949	55	1915	
7668	151	-7842	-1937	29	1929	
7724	41	-7788	-1923	2	1943	
7779	-69	-7732	-1909	-26	1955	
7832	-178	-7675	-1894	-60	1969	
7885	-288	-7618	-1879	-98	1983	
7936	-398	-7559	-1865	-133	1995	
7986	-508	-7499	-1850	-160	2006	
8035	-619	-7438	-1835	-181	2020	
8082	-728	-7376	-1820	-204	2032	
8127	-836	-7312	-1803	-229	2042	
8173	-946	-7248	-1787	-259	2052	
8218	-1055	-7182	-1771	-290	2063	
8261	-1164	-7117	-1754	-316	2075	
8302	-1273	-7049	-1738	-343	2084	
8341	-1382	-6979	-1721	-370	2094	
8380	-1491	-6910	-1702	-396	2103	
8417	-1598	-6839	-1685	-423	2113	
8454	-1707	-6767	-1666	-450	2122	
8490	-1815	-6694	-1649	-478	2130	
8523	-1921	-6621	-1631	-505	2139	
8555	-2029	-6546	-1611	-531	2146	
8586	-2137	-6469	-1593	-557	2153	
8616	-2242	-6393	-1573	-585	2161	
8645	-2348	-6315	-1554	-611	2168	
8673	-2455	-6237	-1536	-637	2175	
8698	-2561	-6158	-1515	-664	2181	
8722	-2666	-6076	-1496	-691	2187	
8747	-2771	-5995	-1474	-716	2192	
8768	-2876	-5913	-1452	-742	2197	
8787	-2979	-5829	-1434	-768	2204	
8807	-3082	-5745	-1411	-794	2208	
8826	-3186	-5661	-1390	-820	2212	
8842	-3289	-5575	-1370	-846	2216	
8857	-3390	-5487	-1348	-872	2220	
8872	-3491	-5399	-1327	-897	2223	
8886	-3592	-5312	-1304	-921	2227	
8896	-3693	-5223	-1282	-947	2230	
8906	-3792	-5132	-1260	-971	2231	
8914	-3892	-5042	-1236	-995	2233	
8920	-3991	-4950	-1214	-1020	2234	
8927	-4089	-4857	-1191	-1044	2236	
8932	-4187	-4765	-1168	-1068	2237	
8935	-4284	-4671	-1146	-1094	2237	
8938	-4380	-4576	-1122	-1117	2238	
8937	-4475	-4482	-1098	-1141	2238	
8937	-4570	-4387	-1073	-1165	2237	
8937	-4665	-4290	-1050	-1187	2237	
8931	-4758	-4191	-1026	-1212	2236	
8927	-4851	-4094	-1001	-1234	2235	
8921	-4943	-3996	-977	-1256	2232	
8913	-5033	-3897	-952	-1280	2231	
8904	-5125	-3797	-928	-1303	2228	
8893	-5215	-3697	-904	-1326	2225	
8883	-5303	-3597	-877	-1345	2224	
8869	-5391	-3494	-854	-1368	2218	
8855	-5478	-3393	-829	-1390	2214	
8840	-5565	-3291	-801	-1411	2213	
8823	-5651	-3187	-776	-1435	2207	
8806	-5736	-3085	-751	-1455	2201	
8787	-5819	-2981	-725	-1475	2197	
8764	-5904	-2877	-700	-1496	2191	
8741	-5986	-2773	-673	-1516	2186	
8719	-6067	-2667	-648	-1537	2180	
8694	-6148	-2562	-621	-1556	2174	
8669	-6227	-2456	-596	-1577	2166	
8640	-6305	-2350	-571	-1598	2158	
8611	-6383	-2242	-542	-1615	2152	
8583	-6460	-2135	-517	-1634	2143	
8550	-6535	-2029	-492	-1653	2136	
8518	-6609	-1921	-463	-1671	2130	
8485	-6683	-1813	-437	-1690	2120	
8450	-6757	-1706	-411	-1708	2111	
8412	-6828	-1597	-384	-1724	2101	
8375	-6898	-1489	-357	-1743	2092	
8336	-6968	-1380	-330	-1760	2082	
8296	-7036	-1271	-304	-1776	2072	
8254	-7103	-1162	-276	-1793	2062	
8211	-7170	-1052	-250	-1811	2050	
8168	-7236	-943	-223	-1826	2039	
8122	-7300	-834	-195	-1840	2029	
8076	-7362	-724	-171	-1858	2016	
8027	-7425	-615	-145	-1873	2004	
7979	-7485	-504	-116	-1888	1993	
7930	-7546	-394	-91	-1904	1978	
7877	-7605	-284	-65	-1917	1965	
7825	-7661	-173	-39	-1932	1953	
7773	-7719	-63	-14	-1945	1939	
7717	-7773	46	12	-1959	1926	
7660	-7826	156	38	-1973	1912	
7603	-7880	268	67	-1985	1897	
7547	-7932	377	98	-1998	1882	
7487	-7982	486	130	-2009	1868	
7425	-8031	595	163	-2021	1853	
7363	-8079	706	192	-2035	1837	
7300	-8125	816	219	-2045	1822	
7237	-8172	926	244	-2057	1805	
7172	-8216	1034	269	-2068	1788	
7107	-8259	1144	296	-2078	1771	
7040	-8301	1254	323	-2089	1754	
6970	-8341	1362	351	-2099	1737	
6901	-8381	1471	378	-2108	1720	
6832	-8419	1580	405	-2117	1702	
6761	-8455	1688	431	-2125	1685	
6689	-8490	1795	456	-2137	1665	
6616	-8524	1904	485	-2143	1648	
6539	-8558	2012	512	-2150	1629	
6464	-8590	2119	537	-2160	1609	
6390	-8621	2227	564	-2167	1592	
6312	-8649	2333	592	-2174	1572	
6234	-8677	2439	617	-2181	1551	
6155	-8704	2546	643	-2187	1533	
6074	-8729	2651	670	-2193	1512	
5994	-8752	2756	696	-2200	1491	
5913	-8775	2860	721	-2204	1471	
5829	-8796	2964	747	-2209	1450	
5747	-8816	3067	773	-2215	1430	
5662	-8835	3171	797	-2218	1407	
5575	-8851	3274	824	-2222	1386	
5490	-8868	3376	851	-2226	1365	
5401	-8882	3479	874	-2231	1342	
5314	-8895	3579	899	-2232	1321	
5226	-8908	3680	924	-2236	1299	
5136	-8918	3781	949	-2239	1276	
5045	-8927	3882	974	-2239	1254	
4956	-8934	3981	999	-2242	1231	
4865	-8941	4078	1023	-2242	1209	
4771	-8947	4176	1048	-2244	1185	
4678	-8950	4273	1072	-2244	1162	
4583	-8952	4371	1095	-2245	1138	
4490	-8953	4466	1119	-2246	1114	
4395	-8953	4560	1142	-2243	1090	
4297	-8952	4655	1165	-2244	1066	
4201	-8948	4749	1188	-2244	1042	
4104	-8944	4843	1212	-2242	1018	
4006	-8938	4935	1235	-2241	994	
3908	-8930	5028	1257	-2238	969	
3810	-8923	5117	1279	-2237	944	
3709	-8914	5207	1302	-2234	920	
3608	-8902	5298	1323	-2230	894	
3509	-8890	5386	1346	-2228	869	
3408	-8877	5474	1368	-2224	844	
3305	-8861	5561	1388	-2219	819	
3203	-8844	5646	1410	-2216	791	
3100	-8826	5731	1432	-2210	767	
2998	-8807	5816	1452	-2205	740	
2893	-8787	5900	1472	-2202	715	
2788	-8765	5982	1493	-2194	690	
2684	-8742	6065	1512	-2189	663	
2580	-8718	6145	1532	-2183	637	
2476	-8692	6224	1552	-2176	611	
2368	-8665	6304	1572	-2169	585	
2262	-8636	6382	1592	-2162	558	
2158	-8607	6458	1610	-2154	532	
2050	-8576	6535	1628	-2146	505	
1943	-8544	6610	1648	-2137	479	
1837	-8510	6684	1665	-2129	451	
1728	-8476	6757	1684	-2120	425	
1622	-8440	6829	1703	-2110	399	
1513	-8403	6901	1718	-2101	370	
1403	-8364	6971	1737	-2093	345	
1295	-8323	7039	1754	-2082	318	
1184	-8283	7107	1770	-2072	291	
1076	-8241	7174	1786	-2061	265	
967	-8197	7239	1803	-2049	238	
857	-8152	7305	1818	-2038	211	
749	-8106	7368	1833	-2027	186	
638	-8059	7430	1850	-2015	161	
529	-8010	7491	1864	-2001	134	
419	-7960	7551	1880	-1988	108	
311	-7909	7611	1894	-1974	82	
202	-7857	7669	1909	-1961	57	
90	-7805	7726	1922	-1949	33	
-18	-7750	7781	1934	-1936	9	
-128	-7694	7836	1949	-1921	-19	
-239	-7638	7890	1962	-1907	-54	
-348	-7580	7942	1974	-1892	-96	
-458	-7521	7992	1986	-1878	-139	
-568	-7459	8041	1999	-1862	-168	
-679	-7398	8091	2011	-1847	-186	
-788	-7337	8138	2023	-1832	-203	
-895	-7273	8183	2035	-1814	-226	
-1008	-7208	8229	2045	-1798	-256	
-1117	-7143	8272	2057	-1781	-286	
-1224	-7076	8314	2066	-1765	-315	
-1334	-7008	8355	2074	-1749	-342	
-1443	-6938	8394	2085	-1731	-368	
-1551	-6868	8434	2093	-1715	-395	
-1658	-6797	8471	2103	-1696	-423	
-1764	-6726	8505	2113	-1676	-449	
-1874	-6654	8541	2120	-1658	-476	
-1980	-6578	8576	2129	-1639	-503	
-2087	-6502	8607	2137	-1622	-529	
-2193	-6427	8637	2145	-1602	-556	
-2297	-6350	8667	2153	-1582	-582	
-2402	-6272	8696	2157	-1563	-610	
-2509	-6193	8722	2166	-1541	-635	
-2615	-6113	8747	2172	-1522	-662	
-2720	-6032	8772	2175	-1504	-689	
-2825	-5951	8795	2182	-1483	-714	
-2929	-5868	8817	2187	-1461	-739	
-3033	-5785	8837	2192	-1441	-765	
-3136	-5700	8856	2196	-1420	-792	
-3238	-5614	8874	2200	-1397	-817	
-3339	-5529	8891	2205	-1376	-842	
-3441	-5442	8905	2207	-1354	-869	
-3543	-5354	8919	2212	-1332	-893	
-3645	-5266	8931	2214	-1309	-917	
-3746	-5176	8941	2216	-1288	-944	
-3844	-5087	8952	2221	-1265	-967	
-3941	-4996	8960	2221	-1241	-991	
-4040	-4904	8966	2222	-1219	-1018	
-4138	-4812	8972	2223	-1195	-1041	
-4235	-4720	8976	2224	-1172	-1065	
-4334	-4626	8979	2224	-1149	-1089	
-4427	-4531	8980	2224	-1125	-1114	
-4521	-4436	8982	2224	-1102	-1138	
-4617	-4341	8981	2224	-1078	-1160	
-4712	-4244	8977	2223	-1054	-1184	
-4805	-4146	8972	2224	-1029	-1206	
-4896	-4049	8968	2222	-1003	-1229	
-4988	-3950	8961	2218	-979	-1253	
-5080	-3850	8953	2219	-954	-1274	
-5170	-3750	8944	2214	-930	-1297	
-5259	-3650	8934	2211	-905	-1319	
-5348	-3550	8922	2209	-880	-1341	
-5436	-3448	8909	2205	-854	-1364	
-5523	-3346	8894	2201	-828	-1385	
