-5341	-3559	8923	2210	-879	-1339	
-5428	-3457	8909	2203	-856	-1364	
-5514	-3355	8895	2201	-832	-1384	
-5602	-3254	8879	2198	-805	-1405	
-5687	-3151	8862	2192	-780	-1427	
-5771	-3047	8843	2188	-754	-1447	
-5854	-2944	8822	2182	-729	-1468	
-5937	-2839	8801	2178	-702	-1489	
-6019	-2735	8778	2171	-676	-1510	
-6101	-2631	8755	2164	-651	-1529	
-6180	-2524	8730	2160	-623	-1548	
-6260	-2418	8704	2152	-597	-1570	
-6338	-2312	8676	2146	-571	-1589	
-6415	-2206	8646	2139	-543	-1607	
-6491	-2099	8616	2129	-518	-1627	
-6567	-1993	8584	2121	-492	-1645	
-6642	-1886	8551	2114	-465	-1663	
-6714	-1778	8517	2105	-437	-1682	
-6786	-1670	8481	2096	-410	-1700	
-6858	-1561	8445	2085	-384	-1718	
-6928	-1454	8407	2076	-357	-1734	
-6997	-1345	8367	2067	-330	-1751	
-7066	-1236	8327	2057	-303	-1768	
-7132	-1126	8284	2047	-276	-1785	
-7198	-1018	8241	2034	-248	-1801	
-7263	-909	8197	2024	-222	-1816	
-7326	-799	8151	2014	-195	-1833	
-7390	-689	8104	2001	-168	-1849	
-7451	-579	8056	1988	-143	-1865	
-7512	-469	8007	1977	-116	-1879	
-7571	-359	7957	1964	-90	-1894	
-7629	-250	7905	1951	-64	-1908	
-7687	-140	7852	1937	-38	-1923	
-7743	-29	7798	1923	-14	-1936	
-7798	80	7743	1909	12	-1950	
-7851	191	7686	1895	39	-1964	
-7904	301	7628	1881	67	-1975	
-7955	410	7570	1867	100	-1988	
-8004	521	7510	1852	135	-2001	
-8055	630	7449	1837	170	-2012	
-8101	740	7386	1821	201	-2024	
-8147	849	7323	1805	225	-2035	
-8193	958	7259	1789	247	-2046	
-8236	1069	7194	1773	272	-2058	
-8279	1178	7127	1757	299	-2068	
-8321	1286	7059	1739	327	-2079	
-8361	1396	6991	1722	356	-2088	
-8401	1504	6922	1705	383	-2097	
-8438	1612	6852	1686	409	-2108	
-8474	1721	6780	1669	436	-2116	
-8509	1828	6706	1652	465	-2124	
-8542	1935	6633	1631	491	-2133	
-8576	2044	6558	1614	518	-2141	
-8606	2150	6482	1595	545	-2147	
-8637	2257	6405	1576	570	-2155	
-8667	2363	6328	1556	598	-2164	
-8692	2469	6250	1536	624	-2169	
-8717	2574	6169	1516	650	-2175	
-8743	2679	6088	1496	677	-2182	
-8767	2786	6007	1477	703	-2187	
-8790	2889	5925	1456	729	-2192	
-8810	2992	5843	1434	754	-2198	
-8829	3095	5757	1414	782	-2203	
-8847	3198	5672	1393	807	-2207	
-8863	3302	5587	1370	831	-2211	
-8879	3404	5500	1350	858	-2214	
-8893	3505	5413	1327	883	-2217	
-8907	3606	5324	1305	908	-2220	
-8919	3707	5235	1284	933	-2223	
-8927	3807	5145	1261	957	-2225	
-8937	3906	5054	1240	984	-2227	
-8945	4004	4963	1217	1007	-2229	
-8951	4103	4870	1195	1032	-2229	
-8956	4201	4778	1172	1057	-2231	
-8958	4298	4684	1147	1080	-2233	
-8959	4394	4589	1124	1106	-2232	
-8962	4489	4495	1101	1129	-2232	
-8962	4584	4398	1076	1151	-2232	
-8958	4679	4302	1052	1175	-2230	
-8956	4772	4206	1029	1198	-2229	
-8952	4865	4108	1005	1222	-2228	
-8945	4957	4011	980	1244	-2226	
-8936	5048	3912	956	1267	-2226	
-8928	5139	3810	931	1291	-2224	
-8921	5229	3712	906	1312	-2220	
-8909	5317	3611	881	1334	-2217	
-8895	5406	3509	856	1356	-2213	
-8881	5494	3408	832	1379	-2210	
-8865	5580	3305	805	1401	-2207	
-8847	5666	3203	780	1421	-2202	
-8829	5751	3100	754	1442	-2198	
-8812	5836	2997	729	1462	-2192	
-8791	5918	2893	703	1482	-2187	
-8768	6001	2788	677	1504	-2181	
-8744	6082	2683	651	1525	-2175	
-8719	6163	2578	625	1544	-2167	
-8695	6242	2474	599	1564	-2161	
-8666	6320	2367	572	1585	-2155	
-8636	6398	2260	546	1602	-2148	
-8608	6475	2152	521	1622	-2139	
-8577	6551	2045	495	1642	-2131	
-8544	6625	1937	467	1660	-2124	
-8508	6699	1829	441	1679	-2114	
-8474	6772	1721	413	1696	-2106	
-8439	6843	1614	386	1712	-2096	
-8402	6914	1504	361	1731	-2086	
-8362	6984	1395	334	1748	-2078	
-8320	7053	1287	307	1765	-2067	
-8280	7120	1176	280	1782	-2057	
-8239	7186	1068	254	1798	-2045	
-8194	7252	959	227	1815	-2035	
-8150	7316	849	201	1830	-2023	
-8103	7379	739	177	1847	-2010	
-8055	7442	629	149	1862	-2000	
-8008	7502	520	123	1876	-1988	
-7957	7562	409	98	1892	-1973	
-7906	7620	299	71	1905	-1961	
-7854	7678	190	45	1920	-1949	
-7800	7735	79	18	1933	-1935	
-7745	7790	-31	-11	1946	-1922	
-7688	7844	-141	-42	1961	-1907	
-7633	7896	-253	-77	1972	-1893	
-7576	7948	-362	-112	1986	-1879	
-7516	7998	-471	-140	1999	-1863	
-7455	8048	-582	-164	2010	-1849	
-7393	8096	-691	-185	2023	-1832	
-7330	8143	-801	-211	2034	-1817	
-7265	8189	-911	-239	2046	-1802	
-7201	8233	-1020	-267	2057	-1783	
-7136	8276	-1130	-296	2067	-1768	
-7069	8317	-1238	-323	2077	-1752	
-7000	8358	-1347	-350	2087	-1734	
-6931	8398	-1457	-377	2096	-1717	
-6861	8437	-1565	-403	2105	-1699	
-6790	8473	-1672	-430	2114	-1681	
-6719	8508	-1782	-457	2123	-1662	
-6645	8543	-1888	-484	2131	-1644	
-6569	8577	-1995	-510	2138	-1625	
-6493	8609	-2103	-537	2147	-1605	
-6417	8639	-2210	-563	2157	-1587	
-6341	8668	-2317	-589	2162	-1567	
-6264	8695	-2424	-615	2169	-1548	
-6185	8723	-2529	-642	2176	-1528	
-6106	8748	-2635	-669	2181	-1508	
-6023	8772	-2741	-695	2187	-1488	
-5940	8794	-2844	-720	2193	-1467	
-5861	8816	-2949	-746	2198	-1446	
-5776	8836	-3053	-772	2203	-1425	
-5690	8854	-3156	-798	2206	-1404	
-5604	8871	-3259	-823	2210	-1382	
-5518	8888	-3362	-848	2215	-1360	
-5433	8902	-3463	-874	2218	-1339	
-5346	8915	-3564	-898	2222	-1317	
-5257	8927	-3665	-924	2225	-1295	
-5167	8937	-3766	-948	2226	-1271	
-5076	8947	-3866	-972	2229	-1250	
-4987	8955	-3964	-999	2230	-1227	
-4894	8960	-4064	-1022	2233	-1203	
-4802	8966	-4162	-1046	2233	-1181	
-4710	8970	-4258	-1070	2234	-1157	
-4615	8972	-4355	-1093	2235	-1134	
-4520	8974	-4450	-1118	2234	-1111	
-4425	8974	-4547	-1140	2235	-1086	
-4330	8972	-4641	-1165	2233	-1063	
-4234	8970	-4735	-1188	2233	-1038	
-4136	8965	-4828	-1209	2233	-1013	
-4038	8959	-4921	-1234	2230	-990	
-3939	8953	-5013	-1256	2227	-965	
-3839	8944	-5103	-1277	2225	-940	
-3741	8934	-5194	-1300	2223	-915	
-3640	8924	-5284	-1322	2220	-889	
-3539	8911	-5372	-1344	2217	-865	
-3440	8897	-5460	-1365	2213	-839	
-3337	8882	-5547	-1387	2209	-814	
-3234	8867	-5633	-1409	2205	-788	
-3131	8849	-5718	-1429	2200	-762	
-3028	8830	-5802	-1451	2194	-737	
-2924	8809	-5886	-1471	2191	-711	
-2820	8787	-5969	-1491	2186	-685	
-2716	8765	-6051	-1513	2177	-661	
-2610	8742	-6132	-1531	2172	-633	
-2504	8715	-6212	-1551	2166	-606	
-2398	8688	-6291	-1570	2158	-581	
-2293	8659	-6369	-1589	2151	-554	
-2188	8629	-6446	-1609	2144	-527	
-2082	8599	-6522	-1628	2136	-501	
-1974	8567	-6598	-1647	2127	-474	
-1867	8534	-6672	-1664	2119	-447	
-1759	8500	-6745	-1682	2110	-421	
-1654	8463	-6816	-1701	2101	-393	
-1546	8426	-6889	-1718	2092	-367	
-1437	8388	-6959	-1736	2082	-340	
-1330	8348	-7027	-1753	2072	-313	
-1220	8307	-7095	-1768	2060	-286	
-1110	8265	-7162	-1784	2050	-258	
-1001	8220	-7228	-1801	2040	-232	
-892	8175	-7293	-1818	2028	-206	
-782	8131	-7356	-1833	2016	-180	
-671	8084	-7418	-1848	2004	-154	
-562	8034	-7480	-1863	1993	-127	
-452	7985	-7540	-1877	1980	-100	
-342	7934	-7599	-1892	1967	-74	
-233	7882	-7658	-1905	1955	-49	
-123	7829	-7715	-1919	1942	-27	
-12	7775	-7771	-1934	1927	-2	
97	7719	-7826	-1947	1913	23	
206	7662	-7879	-1960	1897	51	
317	7605	-7930	-1973	1883	83	
427	7545	-7982	-1987	1870	119	
534	7485	-8032	-1998	1854	161	
643	7424	-8080	-2009	1839	194	
754	7362	-8127	-2022	1822	218	
864	7298	-8173	-2032	1806	238	
973	7233	-8218	-2044	1789	258	
1082	7168	-8262	-2053	1773	286	
1191	7102	-8305	-2062	1758	315	
1299	7033	-8346	-2074	1740	343	
1409	6965	-8385	-2082	1722	373	
1517	6895	-8424	-2092	1706	399	
1626	6824	-8461	-2104	1686	423	
1734	6752	-8498	-2111	1669	452	
1842	6679	-8533	-2120	1650	479	
1948	6605	-8567	-2128	1631	505	
2054	6530	-8599	-2135	1612	533	
2162	6454	-8629	-2144	1593	559	
2268	6378	-8659	-2150	1574	586	
2375	6299	-8688	-2158	1554	611	
2479	6220	-8714	-2163	1535	639	
2585	6141	-8740	-2169	1515	665	
2690	6060	-8764	-2177	1494	690	
2795	5978	-8788	-2180	1475	718	
2899	5896	-8809	-2186	1454	743	
3002	5813	-8829	-2192	1432	768	
3107	5728	-8849	-2195	1411	795	
3209	5643	-8866	-2199	1389	821	
3310	5557	-8882	-2204	1367	847	
3412	5470	-8899	-2207	1346	872	
3514	5383	-8912	-2211	1323	897	
3614	5294	-8925	-2214	1302	922	
3714	5205	-8935	-2217	1279	946	
3814	5114	-8945	-2218	1257	972	
3912	5024	-8954	-2220	1235	995	
4011	4933	-8961	-2222	1212	1019	
4109	4840	-8966	-2222	1188	1046	
4207	4747	-8971	-2223	1164	1070	
4304	4654	-8974	-2224	1141	1093	
4400	4560	-8975	-2225	1117	1116	
4494	4465	-8975	-2225	1093	1141	
4588	4368	-8974	-2224	1069	1164	
4683	4272	-8972	-2223	1045	1188	
4776	4174	-8968	-2222	1021	1211	
4868	4077	-8962	-2220	997	1233	
4960	3979	-8956	-2219	973	1257	
5050	3879	-8948	-2216	946	1279	
5140	3780	-8940	-2213	922	1301	
5230	3680	-8929	-2212	898	1323	
5318	3580	-8916	-2208	872	1345	
5406	3478	-8904	-2205	846	1369	
5494	3377	-8889	-2202	822	1390	
5580	3274	-8873	-2197	796	1410	
5665	3171	-8856	-2192	770	1432	
5750	3068	-8837	-2188	744	1453	
5833	2965	-8818	-2183	717	1473	
5917	2861	-8796	-2176	691	1493	
5998	2756	-8773	-2170	666	1514	
6078	2651	-8749	-2166	640	1535	
6158	2546	-8724	-2160	614	1553	
6237	2440	-8697	-2152	589	1574	
6318	2334	-8669	-2144	562	1593	
6394	2228	-8641	-2138	532	1611	
6469	2121	-8610	-2130	508	1633	
6545	2014	-8578	-2121	481	1650	
6619	1906	-8546	-2114	454	1669	
6691	1799	-8511	-2105	429	1687	
6764	1691	-8475	-2095	401	1704	
6836	1582	-8439	-2086	374	1724	
6906	1474	-8401	-2078	346	1739	
6976	1365	-8362	-2066	320	1756	
7043	1256	-8320	-2056	294	1773	
7111	1148	-8278	-2047	267	1790	
7176	1039	-8235	-2035	242	1808	
7240	930	-8191	-2024	214	1823	
7305	820	-8146	-2013	186	1837	
7368	710	-8099	-2000	161	1854	
7429	600	-8051	-1989	135	1869	
7490	491	-8001	-1976	108	1885	
7549	380	-7950	-1963	83	1900	
7607	270	-7899	-1951	57	1914	
7664	161	-7846	-1936	32	1927	
7720	50	-7792	-1924	5	1941	
7776	-61	-7737	-1910	-24	1956	
7829	-169	-7680	-1895	-58	1967	
7881	-280	-7622	-1881	-95	1980	
7931	-391	-7564	-1865	-130	1994	
7981	-500	-7503	-1851	-158	2006	
8031	-610	-7443	-1837	-181	2019	
8079	-719	-7381	-1821	-202	2031	
8125	-829	-7317	-1805	-228	2042	
8169	-938	-7253	-1789	-257	2053	
8213	-1047	-7187	-1772	-287	2063	
8257	-1157	-7121	-1754	-314	2074	
8298	-1266	-7054	-1738	-340	2085	
8337	-1374	-6985	-1721	-367	2093	
8377	-1483	-6916	-1705	-395	2103	
8415	-1591	-6844	-1685	-421	2114	
8450	-1698	-6772	-1668	-448	2122	
8486	-1806	-6701	-1650	-475	2130	
8521	-1914	-6627	-1630	-501	2138	
8553	-2021	-6551	-1613	-529	2147	
8585	-2128	-6476	-1595	-556	2154	
8613	-2235	-6399	-1575	-582	2162	
8641	-2341	-6321	-1556	-609	2169	
8669	-2446	-6243	-1536	-635	2176	
8696	-2552	-6163	-1517	-662	2181	
8722	-2658	-6083	-1496	-688	2187	
8744	-2763	-6001	-1476	-714	2193	
8766	-2867	-5919	-1455	-741	2198	
8788	-2971	-5835	-1434	-765	2204	
8806	-3074	-5751	-1413	-791	2208	
8823	-3178	-5667	-1393	-816	2213	
8840	-3280	-5581	-1370	-842	2217	
8855	-3382	-5494	-1350	-869	2219	
8870	-3483	-5407	-1328	-893	2223	
8882	-3585	-5318	-1305	-919	2226	
8894	-3685	-5228	-1283	-943	2229	
8906	-3785	-5139	-1261	-968	2231	
8914	-3885	-5049	-1238	-994	2232	
8922	-3984	-4957	-1215	-1018	2235	
8927	-4082	-4865	-1193	-1043	2237	
8930	-4179	-4772	-1169	-1066	2238	
8935	-4276	-4678	-1144	-1091	2239	
8938	-4371	-4584	-1123	-1116	2238	
8938	-4467	-4489	-1099	-1138	2239	
8936	-4563	-4392	-1073	-1162	2238	
8935	-4658	-4297	-1052	-1187	2235	
8932	-4751	-4200	-1028	-1210	2235	
8926	-4843	-4102	-1003	-1232	2235	
8921	-4935	-4003	-978	-1255	2233	
8915	-5026	-3904	-955	-1278	2231	
8904	-5118	-3804	-929	-1301	2229	
8895	-5208	-3704	-903	-1323	2226	
8883	-5296	-3605	-880	-1345	2222	
8870	-5384	-3504	-854	-1367	2220	
8857	-5472	-3401	-828	-1389	2216	
8842	-5558	-3299	-804	-1409	2211	
8826	-5645	-3197	-779	-1431	2208	
8807	-5730	-3093	-753	-1454	2203	
8786	-5814	-2989	-727	-1474	2198	
8766	-5897	-2885	-702	-1495	2193	
8743	-5979	-2781	-675	-1515	2188	
8720	-6060	-2676	-649	-1536	2181	
8696	-6141	-2570	-623	-1555	2174	
8670	-6221	-2464	-598	-1574	2168	
8642	-6299	-2357	-571	-1595	2162	
8614	-6377	-2252	-544	-1614	2153	
8584	-6454	-2144	-519	-1632	2145	
8552	-6529	-2036	-491	-1651	2137	
8520	-6604	-1929	-465	-1668	2129	
8485	-6678	-1821	-438	-1687	2121	
8451	-6751	-1714	-410	-1705	2113	
8414	-6822	-1607	-384	-1723	2103	
8377	-6893	-1497	-358	-1742	2093	
8338	-6963	-1388	-331	-1759	2083	
8298	-7031	-1279	-304	-1776	2073	
8258	-7099	-1171	-278	-1792	2062	
8214	-7166	-1061	-252	-1809	2052	
8170	-7231	-951	-224	-1825	2041	
8125	-7294	-842	-198	-1840	2029	
8078	-7358	-732	-173	-1857	2016	
8031	-7419	-621	-145	-1871	2005	
7983	-7480	-512	-118	-1885	1993	
7932	-7542	-403	-93	-1901	1980	
7882	-7600	-292	-65	-1916	1967	
7829	-7657	-182	-40	-1930	1954	
7775	-7713	-72	-16	-1944	1940	
7723	-7768	38	10	-1958	1927	
7666	-7823	148	36	-1971	1912	
7609	-7876	258	65	-1984	1898	
7550	-7927	368	95	-1998	1884	
7490	-7977	478	127	-2008	1868	
7431	-8027	588	161	-2021	1853	
7369	-8075	698	190	-2035	1837	
7307	-8122	806	218	-2044	1822	
7243	-8167	917	243	-2056	1806	
7178	-8211	1027	266	-2068	1788	
7111	-8255	1136	295	-2078	1773	
7044	-8297	1246	322	-2088	1756	
6977	-8338	1354	348	-2099	1740	
6908	-8378	1463	376	-2107	1722	
6836	-8416	1572	404	-2117	1703	
6765	-8451	1680	431	-2126	1686	
6695	-8488	1788	456	-2134	1668	
6621	-8523	1896	483	-2142	1649	
6548	-8555	2003	510	-2151	1631	
6472	-8588	2111	535	-2159	1611	
6395	-8618	2218	564	-2164	1592	
6318	-8647	2325	590	-2172	1572	
6240	-8675	2432	615	-2182	1552	
6161	-8701	2538	641	-2186	1534	
6081	-8726	2644	667	-2193	1513	
6000	-8750	2747	693	-2199	1494	
5919	-8774	2852	720	-2204	1473	
5835	-8795	2956	746	-2209	1452	
5751	-8815	3060	772	-2214	1431	
5668	-8832	3164	796	-2219	1409	
5583	-8851	3265	822	-2223	1388	
5496	-8867	3369	849	-2226	1366	
5408	-8881	3471	872	-2229	1344	
5322	-8894	3571	898	-2231	1322	
5232	-8907	3673	922	-2235	1300	
5143	-8918	3774	946	-2238	1278	
5053	-8927	3874	973	-2240	1255	
4962	-8934	3973	997	-2242	1233	
4871	-8941	4071	1021	-2244	1210	
4777	-8946	4168	1046	-2244	1187	
4685	-8950	4266	1069	-2245	1162	
4591	-8952	4363	1093	-2246	1138	
4497	-8954	4459	1117	-2246	1116	
4403	-8953	4554	1141	-2246	1091	
4307	-8952	4648	1164	-2245	1068	
4209	-8948	4742	1187	-2242	1044	
4111	-8944	4836	1211	-2242	1020	
4015	-8938	4928	1234	-2240	996	
3917	-8932	5020	1255	-2239	971	
3816	-8924	5111	1278	-2236	946	
3718	-8914	5201	1301	-2234	921	
3618	-8903	5291	1322	-2233	896	
3516	-8891	5379	1344	-2226	871	
3415	-8877	5467	1366	-2223	846	
3314	-8861	5554	1387	-2220	820	
3213	-8846	5639	1409	-2215	795	
3110	-8828	5726	1429	-2212	770	
3006	-8809	5810	1451	-2205	744	
2903	-8789	5893	1472	-2200	717	
2797	-8767	5976	1492	-2196	691	
2693	-8744	6057	1513	-2188	667	
2589	-8720	6139	1531	-2184	639	
2483	-8694	6220	1550	-2178	613	
2379	-8667	6298	1570	-2170	587	
2271	-8640	6375	1589	-2163	559	
2164	-8610	6453	1610	-2155	534	
2059	-8579	6530	1629	-2147	508	
1953	-8547	6605	1646	-2138	481	
1845	-8513	6679	1663	-2129	454	
1737	-8478	6751	1683	-2121	426	
1628	-8442	6824	1702	-2112	401	
1522	-8406	6895	1718	-2101	374	
1412	-8367	6966	1735	-2091	347	
1302	-8326	7035	1753	-2081	321	
1195	-8286	7102	1769	-2072	293	
1085	-8244	7169	1784	-2062	266	
976	-8200	7235	1801	-2050	240	
866	-8156	7299	1817	-2039	214	
755	-8110	7363	1833	-2028	187	
647	-8062	7426	1847	-2017	159	
539	-8015	7487	1862	-2004	133	
429	-7965	7547	1877	-1991	108	
320	-7914	7607	1892	-1978	84	
208	-7861	7665	1908	-1965	60	
99	-7808	7722	1921	-1950	35	
-10	-7753	7777	1935	-1937	11	
-120	-7698	7831	1949	-1921	-16	
-228	-7642	7885	1960	-1908	-51	
-339	-7584	7938	1973	-1895	-92	
-450	-7525	7988	1986	-1879	-136	
-561	-7464	8038	1998	-1863	-167	
-671	-7403	8087	2009	-1848	-184	
-778	-7341	8133	2021	-1833	-201	
-888	-7277	8179	2033	-1815	-225	
-999	-7212	8225	2044	-1800	-255	
-1107	-7148	8269	2054	-1784	-286	
-1217	-7081	8312	2064	-1767	-315	
-1326	-7012	8353	2074	-1749	-340	
-1435	-6943	8392	2085	-1731	-366	
-1541	-6874	8430	2094	-1714	-394	
-1649	-6803	8467	2103	-1696	-420	
-1757	-6731	8504	2112	-1679	-447	
-1865	-6658	8539	2120	-1660	-474	
-1971	-6584	8573	2128	-1641	-501	
-2076	-6509	8605	2137	-1623	-529	
-2184	-6433	8635	2143	-1604	-554	
-2290	-6356	8665	2150	-1584	-581	
-2397	-6279	8694	2157	-1565	-607	
-2502	-6200	8721	2163	-1545	-633	
-2606	-6120	8746	2170	-1525	-660	
-2711	-6038	8771	2176	-1503	-686	
-2817	-5957	8794	2181	-1484	-713	
-2922	-5875	8815	2187	-1463	-738	
-3024	-5792	8835	2192	-1442	-763	
-3127	-5707	8855	2195	-1422	-790	
-3232	-5622	8873	2200	-1400	-815	
-3332	-5536	8889	2204	-1378	-841	
-3433	-5449	8904	2207	-1356	-866	
-3536	-5362	8918	2211	-1334	-892	
-3637	-5273	8930	2215	-1312	-917	
-3738	-5184	8942	2217	-1290	-940	
-3837	-5094	8951	2217	-1268	-967	
-3935	-5003	8958	2220	-1243	-991	
-4034	-4912	8966	2222	-1220	-1015	
-4130	-4819	8972	2222	-1199	-1041	
-4228	-4727	8976	2223	-1175	-1064	
-4325	-4633	8979	2225	-1152	-1088	
-4421	-4539	8981	2225	-1127	-1112	
-4517	-4444	8981	2225	-1103	-1136	
-4611	-4347	8980	2224	-1080	-1160	
-4704	-4252	8977	2223	-1054	-1183	
-4797	-4155	8974	2221	-1031	-1206	
-4891	-4056	8969	2220	-1008	-1229	
-4982	-3958	8962	2219	-982	-1251	
-5073	-3859	8954	2215	-957	-1275	
-5163	-3759	8944	2215	-931	-1297	
-5252	-3658	8934	2211	-907	-1319	
-5342	-3557	8923	2207	-883	-1342	
-5429	-3456	8909	2206	-857	-1362	
-5515	-3355	8894	2202	-832	-1384	
-5603	-3254	8878	2197	-805	-1406	
-5688	-3150	8861	2192	-780	-1427	
-5772	-3046	8843	2188	-755	-1447	
-5854	-2943	8822	2183	-728	-1469	
-5938	-2839	8801	2178	-703	-1490	
-6020	-2734	8779	2172	-677	-1509	
-6101	-2630	8755	2165	-650	-1530	
-6182	-2524	8729	2159	-623	-1550	
-6261	-2418	8703	2153	-597	-1569	
-6339	-2311	8675	2146	-570	-1588	
-6417	-2205	8646	2137	-544	-1607	
-6492	-2099	8616	2129	-518	-1627	
-6568	-1991	8584	2122	-490	-1644	
-6642	-1884	8551	2113	-464	-1664	
-6714	-1776	8517	2104	-438	-1683	
-6787	-1669	8481	2096	-411	-1699	
-6858	-1561	8444	2087	-383	-1717	
-6929	-1452	8406	2077	-356	-1735	
-6999	-1345	8366	2068	-330	-1752	
-7066	-1234	8326	2058	-302	-1768	
-7132	-1126	8283	2047	-275	-1785	
-7199	-1017	8241	2036	-248	-1802	
-7263	-907	8197	2025	-221	-1818	
-7327	-798	8151	2012	-195	-1833	
-7391	-688	8104	2001	-169	-1849	
-7453	-579	8056	1989	-142	-1864	
-7513	-468	8007	1976	-115	-1879	
-7571	-358	7956	1964	-89	-1894	
-7630	-248	7904	1950	-64	-1909	
-7688	-138	7852	1937	-38	-1922	
-7743	-29	7797	1924	-13	-1936	
-7799	82	7741	1910	11	-1949	
-7851	192	7686	1897	40	-1962	
-7903	300	7628	1882	69	-1976	
-7956	411	7569	1867	100	-1989	
-8005	521	7509	1853	137	-1999	
-8054	631	7448	1836	171	-2011	
-8102	741	7387	1819	199	-2024	
-8147	850	7323	1805	225	-2036	
-8193	960	7259	1789	248	-2048	
-8236	1069	7194	1773	273	-2058	
-8280	1178	7127	1756	299	-2069	
-8322	1286	7059	1739	327	-2078	
-8361	1396	6990	1722	356	-2088	
-8400	1505	6921	1704	383	-2099	
-8438	1613	6850	1688	411	-2106	
-8474	1721	6778	1670	438	-2115	
-8509	1829	6706	1650	463	-2125	
-8543	1937	6631	1633	492	-2132	
-8576	2044	6557	1615	518	-2141	
-8607	2151	6482	1594	544	-2149	
-8637	2257	6404	1575	571	-2155	
-8665	2365	6327	1555	597	-2164	
-8692	2470	6248	1536	624	-2169	
-8719	2575	6168	1516	651	-2175	
-8745	2681	6088	1497	678	-2181	
-8768	2785	6007	1477	703	-2187	
-8791	2890	5925	1456	729	-2192	
-8812	2994	5842	1436	756	-2197	
-8831	3097	5757	1415	781	-2202	
-8848	3200	5672	1393	808	-2206	
-8864	3302	5586	1373	833	-2210	
-8880	3405	5500	1351	858	-2215	
-8894	3506	5412	1328	883	-2218	
-8906	3607	5324	1306	908	-2221	
-8918	3707	5235	1284	933	-2224	
-8928	3807	5144	1261	957	-2225	
-8937	3907	5053	1239	983	-2227	
-8946	4006	4963	1217	1008	-2228	
-8951	4104	4871	1194	1032	-2230	
-8956	4202	4777	1170	1056	-2231	
-8958	4299	4683	1146	1080	-2232	
-8960	4394	4589	1124	1105	-2233	
-8962	4490	4494	1100	1129	-2232	
-8960	4585	4398	1076	1152	-2232	
-8960	4680	4302	1053	1176	-2230	
-8957	4773	4205	1028	1200	-2229	
-8950	4866	4107	1004	1222	-2229	
-8944	4958	4009	979	1244	-2227	
-8939	5048	3910	956	1267	-2225	
-8930	5140	3811	931	1290	-2223	
-8919	5229	3711	905	1312	-2221	
-8907	5319	3610	882	1335	-2217	
-8895	5407	3508	855	1355	-2215	
-8880	5494	3406	830	1377	-2211	
-8865	5581	3305	805	1400	-2206	
-8848	5667	3202	779	1420	-2202	
-8829	5752	3100	754	1442	-2197	
-8811	5837	2996	728	1463	-2191	
-8790	5920	2892	703	1483	-2187	
-8766	6001	2787	677	1504	-2181	
-8743	6082	2682	649	1523	-2175	
-8721	6163	2577	625	1544	-2169	
-8695	6242	2472	600	1564	-2161	
-8665	6321	2365	572	1584	-2154	
-8637	6399	2259	547	1603	-2147	
-8607	6476	2152	519	1620	-2140	
-8577	6552	2044	492	1641	-2132	
-8544	6626	1935	467	1661	-2123	
-8508	6700	1828	438	1676	-2116	
-8475	6772	1720	413	1695	-2106	
-8439	6845	1612	388	1713	-2095	
-8401	6915	1504	360	1730	-2087	
-8361	6985	1394	334	1749	-2077	
-8321	7054	1285	307	1766	-2066	
-8281	7120	1176	280	1782	-2056	
-8238	7187	1067	254	1798	-2045	
-8194	7253	957	228	1815	-2035	
-8148	7316	847	201	1830	-2023	
-8103	7380	739	174	1845	-2011	
-8056	7442	629	148	1862	-1999	
-8007	7502	518	124	1878	-1986	
-7957	7561	408	96	1891	-1975	
-7905	7622	299	70	1905	-1961	
-7853	7679	187	45	1919	-1948	
-7799	7735	77	18	1933	-1935	
-7744	7791	-32	-10	1946	-1921	
-7688	7844	-142	-43	1961	-1907	
-7633	7898	-252	-78	1973	-1893	
-7575	7950	-363	-110	1985	-1879	
-7514	7999	-473	-140	1998	-1864	
-7454	8048	-582	-164	2010	-1847	
-7392	8097	-692	-187	2023	-1832	
-7330	8143	-802	-213	2034	-1816	
-7265	8188	-911	-240	2045	-1800	
-7200	8234	-1021	-268	2056	-1784	
-7136	8277	-1130	-297	2065	-1769	
-7068	8318	-1240	-323	2076	-1751	
-7000	8359	-1349	-349	2087	-1733	
-6930	8399	-1457	-377	2097	-1716	
-6860	8436	-1565	-403	2107	-1697	
-6790	8474	-1674	-430	2115	-1680	
-6718	8510	-1782	-457	2123	-1662	
-6645	8543	-1889	-485	2131	-1645	
-6570	8577	-1996	-510	2140	-1625	
-6492	8609	-2105	-535	2149	-1605	
-6417	8640	-2212	-564	2154	-1588	
-6341	8668	-2317	-590	2162	-1567	
-6262	8696	-2425	-616	2169	-1548	
-6184	8722	-2531	-643	2175	-1528	
-6105	8748	-2635	-669	2181	-1507	
-6023	8771	-2741	-694	2186	-1487	
-5941	8794	-2846	-721	2192	-1466	
-5859	8816	-2950	-746	2198	-1446	
-5775	8835	-3053	-772	2203	-1424	
-5690	8854	-3156	-797	2207	-1404	
-5604	8872	-3259	-823	2210	-1383	
-5519	8887	-3362	-848	2215	-1360	
-5433	8903	-3464	-872	2219	-1338	
-5344	8915	-3565	-899	2221	-1317	
-5256	8926	-3666	-922	2225	-1293	
-5166	8938	-3766	-947	2228	-1271	
-5076	8947	-3866	-974	2228	-1251	
-4985	8955	-3965	-998	2230	-1227	
-4893	8961	-4065	-1021	2232	-1204	
-4803	8966	-4161	-1045	2234	-1181	
-4708	8969	-4259	-1070	2234	-1157	
-4614	8973	-4356	-1094	2234	-1134	
-4520	8975	-4452	-1118	2234	-1110	
-4424	8973	-4548	-1142	2233	-1087	
-4329	8973	-4642	-1164	2234	-1062	
-4234	8970	-4736	-1187	2234	-1038	
-4136	8964	-4829	-1210	2232	-1014	
-4038	8959	-4921	-1231	2231	-988	
-3938	8953	-5013	-1256	2229	-964	
-3838	8945	-5104	-1279	2225	-940	
-3739	8936	-5194	-1300	2222	-915	
-3640	8924	-5284	-1322	2220	-889	
-3540	8911	-5373	-1344	2217	-865	
-3438	8898	-5461	-1366	2213	-839	
-3335	8883	-5548	-1388	2209	-813	
-3233	8866	-5634	-1409	2205	-789	
-3130	8848	-5720	-1430	2201	-762	
-3026	8829	-5803	-1450	2195	-736	
-2923	8809	-5887	-1471	2190	-711	
-2819	8788	-5969	-1491	2185	-685	
-2715	8765	-6051	-1511	2179	-659	
-2609	8741	-6133	-1532	2172	-632	
-2503	8714	-6212	-1552	2166	-606	
-2398	8688	-6291	-1571	2158	-580	
-2293	8659	-6370	-1590	2152	-552	
-2187	8630	-6447	-1610	2144	-527	
-2080	8600	-6523	-1627	2135	-501	
-1973	8566	-6598	-1646	2128	-474	
-1867	8534	-6672	-1664	2120	-448	
-1760	8500	-6745	-1682	2111	-421	
-1652	8463	-6818	-1701	2099	-394	
-1544	8425	-6888	-1718	2092	-367	
-1437	8388	-6959	-1734	2084	-340	
-1328	8348	-7028	-1752	2072	-313	
-1219	8307	-7096	-1768	2061	-285	
-1109	8264	-7163	-1785	2050	-260	
-1000	8220	-7230	-1801	2039	-233	
-891	8176	-7294	-1817	2028	-206	
-781	8130	-7357	-1833	2016	-179	
-671	8083	-7419	-1847	2005	-153	
-561	8034	-7480	-1862	1993	-127	
-451	7984	-7541	-1878	1979	-100	
-341	7934	-7600	-1892	1967	-76	
-233	7882	-7658	-1907	1953	-51	
-123	7829	-7715	-1920	1941	-26	
-11	7774	-7771	-1934	1926	-2	
98	7719	-7824	-1949	1911	23	
207	7662	-7878	-1960	1898	51	
317	7604	-7931	-1973	1883	82	
426	7545	-7982	-1986	1869	120	
536	7485	-8032	-1997	1853	160	
645	7423	-8080	-2009	1838	194	
755	7362	-8128	-2021	1823	218	
865	7298	-8174	-2033	1806	238	
974	7233	-8218	-2043	1790	259	
1083	7169	-8263	-2054	1773	285	
1191	7102	-8305	-2064	1756	315	
1300	7033	-8346	-2074	1739	345	
1410	6965	-8386	-2084	1721	372	
1517	6893	-8424	-2095	1704	398	
1627	6823	-8462	-2104	1687	425	
1736	6752	-8499	-2111	1667	452	
1842	6678	-8533	-2120	1649	478	
1948	6605	-8566	-2129	1631	506	
2056	6530	-8598	-2135	1611	533	
2163	6454	-8629	-2144	1593	560	
2270	6376	-8659	-2150	1574	586	
2376	6298	-8688	-2157	1554	612	
2481	6220	-8714	-2163	1535	639	
2585	6140	-8739	-2170	1515	665	
2689	6059	-8764	-2175	1494	691	
2796	5978	-8787	-2181	1474	718	
2900	5895	-8809	-2187	1453	743	
3003	5812	-8829	-2191	1431	770	
3107	5728	-8849	-2195	1411	796	
3208	5642	-8867	-2199	1389	820	
3310	5556	-8884	-2204	1368	846	
3414	5470	-8898	-2207	1346	871	
3515	5382	-8911	-2210	1324	897	
3615	5293	-8924	-2213	1301	922	
3716	5205	-8935	-2216	1278	946	
3816	5115	-8946	-2217	1257	971	
3915	5024	-8954	-2220	1233	995	
4012	4932	-8961	-2222	1211	1020	
4110	4840	-8967	-2222	1188	1045	
4207	4747	-8971	-2224	1163	1068	
4304	4653	-8974	-2225	1141	1094	
4400	4558	-8975	-2225	1117	1118	
4494	4463	-8976	-2224	1093	1140	
4589	4367	-8974	-2224	1070	1164	
4684	4271	-8972	-2224	1046	1188	
4777	4175	-8969	-2221	1021	1212	
4868	4076	-8963	-2220	997	1235	
4960	3977	-8957	-2219	971	1257	
5052	3879	-8949	-2216	948	1281	
5141	3779	-8939	-2215	923	1302	
5231	3679	-8929	-2211	897	1323	
5319	3579	-8916	-2206	873	1347	
5407	3478	-8904	-2205	847	1369	
5495	3376	-8889	-2202	821	1389	
5580	3273	-8872	-2198	795	1411	
5665	3171	-8855	-2193	770	1432	
5750	3068	-8836	-2188	744	1453	
5835	2964	-8817	-2182	717	1474	
5917	2859	-8796	-2176	693	1495	
5997	2755	-8773	-2172	667	1515	
6079	2649	-8749	-2165	640	1536	
6159	2545	-8724	-2157	615	1556	
6238	2440	-8699	-2151	588	1575	
6317	2333	-8670	-2143	561	1595	
6393	2226	-8641	-2135	535	1614	
6470	2121	-8611	-2129	508	1632	
6546	2013	-8578	-2122	480	1651	
6619	1905	-8545	-2112	454	1669	
6693	1798	-8511	-2105	427	1687	
6765	1690	-8476	-2096	400	1705	
6837	1582	-8439	-2086	374	1723	
6908	1473	-8401	-2077	348	1740	
6976	1364	-8361	-2067	321	1757	
7044	1256	-8321	-2057	294	1775	
7110	1146	-8278	-2046	267	1791	
7177	1037	-8235	-2035	242	1807	
7241	928	-8191	-2023	215	1823	
7304	818	-8145	-2011	188	1840	
7369	709	-8099	-2000	161	1855	
7430	599	-8049	-1989	135	1869	
7489	489	-8000	-1977	109	1885	
7549	379	-7950	-1963	83	1899	
7608	270	-7899	-1951	58	1913	
7665	159	-7846	-1937	32	1927	
7721	49	-7791	-1923	5	1941	
7775	-60	-7736	-1909	-24	1957	
7828	-171	-7679	-1897	-59	1969	
7882	-280	-7621	-1882	-96	1980	
7932	-391	-7563	-1865	-130	1994	
7982	-500	-7503	-1851	-159	2005	
8031	-610	-7443	-1837	-180	2018	
8079	-720	-7381	-1820	-201	2031	
8126	-829	-7317	-1805	-228	2041	
8168	-939	-7253	-1788	-257	2053	
8213	-1048	-7187	-1773	-286	2063	
8258	-1157	-7120	-1756	-314	2073	
8299	-1267	-7053	-1737	-340	2084	
8340	-1375	-6984	-1721	-367	2093	
8377	-1483	-6914	-1703	-395	2104	
8415	-1592	-6844	-1688	-423	2112	
8453	-1699	-6772	-1668	-449	2121	
8486	-1807	-6699	-1648	-474	2131	
8520	-1914	-6626	-1633	-504	2137	
8553	-2022	-6551	-1614	-530	2146	
8584	-2128	-6475	-1594	-555	2154	
8614	-2235	-6398	-1576	-582	2160	
8643	-2342	-6321	-1556	-609	2168	
8669	-2447	-6242	-1536	-636	2175	
8696	-2553	-6162	-1516	-662	2181	
8721	-2658	-6082	-1497	-690	2186	
8744	-2763	-6000	-1475	-714	2192	
8767	-2867	-5918	-1454	-739	2199	
8786	-2971	-5835	-1435	-766	2202	
8807	-3075	-5751	-1413	-792	2207	
8825	-3178	-5666	-1392	-818	2212	
8840	-3281	-5580	-1371	-844	2214	
8857	-3383	-5493	-1349	-870	2219	
8870	-3485	-5406	-1327	-894	2224	
8883	-3585	-5317	-1305	-919	2226	
8895	-3687	-5228	-1283	-945	2228	
8905	-3786	-5139	-1260	-969	2232	
8913	-3885	-5048	-1239	-995	2233	
8920	-3984	-4956	-1216	-1019	2234	
8928	-4083	-4864	-1193	-1043	2236	
8931	-4179	-4771	-1169	-1066	2237	
8934	-4277	-4678	-1146	-1092	2238	
8936	-4374	-4583	-1123	-1115	2237	
8937	-4469	-4488	-1099	-1138	2236	
8937	-4564	-4391	-1076	-1164	2237	
8935	-4658	-4295	-1052	-1186	2238	
8932	-4752	-4199	-1027	-1210	2237	
8927	-4844	-4101	-1003	-1233	2234	
8922	-4936	-4002	-978	-1255	2234	
8914	-5028	-3904	-954	-1278	2231	
8904	-5119	-3804	-930	-1301	2229	
8894	-5208	-3703	-905	-1324	2227	
8881	-5297	-3603	-880	-1346	2223	
8869	-5386	-3501	-855	-1368	2220	
8858	-5474	-3400	-829	-1388	2216	
8840	-5560	-3299	-803	-1410	2211	
8824	-5646	-3195	-777	-1431	2207	
8808	-5731	-3093	-753	-1453	2203	
8786	-5815	-2988	-726	-1474	2198	
8765	-5898	-2884	-701	-1494	2192	
8744	-5979	-2781	-676	-1517	2186	
8722	-6061	-2674	-649	-1536	2181	
8696	-6142	-2569	-623	-1555	2174	
8668	-6222	-2464	-597	-1575	2167	
8642	-6300	-2357	-572	-1594	2160	
8612	-6377	-2250	-545	-1614	2153	
8584	-6454	-2143	-517	-1633	2146	
8554	-6530	-2036	-490	-1652	2137	
8519	-6605	-1929	-466	-1670	2129	
8487	-6679	-1822	-439	-1687	2121	
8452	-6751	-1714	-412	-1707	2113	
8414	-6823	-1605	-385	-1725	2102	
8378	-6894	-1496	-358	-1742	2092	
8338	-6963	-1388	-332	-1759	2083	
8299	-7031	-1280	-305	-1776	2072	
8257	-7099	-1169	-279	-1793	2062	
8213	-7165	-1060	-251	-1809	2052	
8170	-7230	-951	-224	-1825	2040	
8125	-7295	-841	-200	-1842	2028	
8078	-7359	-731	-170	-1856	2018	
8031	-7421	-621	-144	-1871	2005	
7983	-7482	-511	-119	-1886	1992	
7933	-7542	-401	-91	-1899	1981	
7881	-7600	-292	-67	-1916	1967	
7829	-7657	-181	-41	-1933	1953	
7776	-7714	-71	-15	-1945	1941	
7721	-7769	39	10	-1958	1926	
7665	-7823	149	37	-1971	1911	
7607	-7876	260	65	-1985	1898	
7550	-7928	370	95	-1997	1883	
7492	-7978	479	128	-2010	1868	
7430	-8027	590	161	-2022	1854	
7367	-8076	699	192	-2033	1840	
7306	-8122	808	219	-2044	1822	
7242	-8168	918	244	-2056	1805	
7177	-8212	1027	269	-2066	1791	
7112	-8255	1138	294	-2078	1773	
7044	-8298	1247	321	-2089	1756	
6976	-8338	1355	349	-2099	1739	
6908	-8378	1464	376	-2107	1722	
6837	-8417	1573	403	-2116	1704	
6766	-8452	1681	430	-2126	1685	
6694	-8488	1789	457	-2135	1668	
6621	-8522	1897	484	-2143	1649	
6547	-8555	2005	510	-2152	1630	
6471	-8588	2112	537	-2159	1613	
6395	-8618	2220	563	-2165	1592	
6317	-8648	2327	590	-2172	1573	
6239	-8675	2433	617	-2180	1554	
6162	-8702	2540	642	-2187	1534	
6081	-8727	2644	668	-2193	1513	
6000	-8751	2749	694	-2199	1493	
5917	-8774	2854	720	-2204	1472	
5833	-8795	2958	747	-2209	1452	
5752	-8815	3061	772	-2214	1431	
5667	-8833	3164	796	-2219	1409	
5582	-8850	3268	823	-2222	1388	
5496	-8866	3370	847	-2227	1367	
5408	-8882	3471	872	-2230	1344	
5321	-8895	3573	900	-2231	1322	
5231	-8906	3673	923	-2236	1299	
5141	-8916	3774	948	-2239	1277	
5053	-8925	3874	974	-2239	1256	
4962	-8934	3974	996	-2242	1233	
4871	-8941	4071	1021	-2243	1211	
4778	-8946	4169	1047	-2244	1187	
4684	-8950	4266	1070	-2246	1163	
4591	-8952	4363	1094	-2246	1139	
4496	-8953	4459	1117	-2245	1115	
4402	-8953	4553	1141	-2244	1092	
4305	-8952	4648	1162	-2246	1067	
4207	-8949	4743	1185	-2247	1041	
4111	-8945	4837	1211	-2242	1019	
4014	-8939	4929	1233	-2241	995	
3915	-8932	5020	1256	-2240	971	
3817	-8924	5112	1279	-2236	946	
3718	-8913	5202	1300	-2234	920	
3616	-8904	5291	1322	-2231	895	
3515	-8892	5379	1344	-2228	870	
3415	-8876	5467	1366	-2224	844	
3313	-8862	5554	1388	-2221	819	
3212	-8846	5641	1408	-2216	794	
3109	-8828	5726	1429	-2210	769	
3005	-8808	5810	1448	-2207	742	
2902	-8789	5894	1471	-2201	717	
2795	-8767	5977	1493	-2194	691	
2691	-8743	6059	1510	-2189	665	
2588	-8721	6140	1531	-2184	638	
2483	-8694	6219	1552	-2177	612	
2378	-8666	6298	1571	-2170	586	
2270	-8639	6376	1591	-2162	561	
2163	-8609	6454	1609	-2154	534	
2058	-8578	6530	1628	-2147	506	
1951	-8546	6605	1646	-2139	481	
1845	-8513	6679	1664	-2129	453	
1736	-8479	6752	1683	-2121	427	
1629	-8442	6824	1700	-2112	400	
1520	-8405	6896	1718	-2102	373	
1411	-8366	6966	1735	-2092	347	
1302	-8327	7035	1752	-2082	319	
1192	-8287	7102	1768	-2072	293	
1085	-8244	7169	1786	-2062	266	
975	-8199	7235	1801	-2050	239	
864	-8155	7300	1817	-2038	213	
755	-8109	7364	1833	-2027	187	
648	-8062	7426	1848	-2016	161	
538	-8013	7488	1864	-2002	134	
427	-7964	7549	1877	-1990	108	
319	-7914	7608	1892	-1979	85	
209	-7861	7665	1907	-1964	59	
98	-7808	7723	1921	-1950	34	
-10	-7753	7777	1935	-1936	10	
-121	-7698	7831	1948	-1922	-18	
-231	-7641	7886	1960	-1909	-53	
-340	-7583	7937	1973	-1893	-94	
-450	-7525	7988	1985	-1880	-135	
-560	-7464	8039	1997	-1864	-167	
-670	-7403	8088	2010	-1848	-186	
-779	-7341	8134	2021	-1833	-202	
-889	-7277	8180	2033	-1816	-224	
-1000	-7213	8226	2043	-1800	-256	
-1108	-7147	8269	2054	-1784	-285	
-1216	-7080	8311	2066	-1766	-312	
-1327	-7012	8352	2075	-1749	-342	
-1435	-6942	8392	2085	-1731	-366	
-1543	-6873	8431	2094	-1714	-393	
-1650	-6803	8468	2102	-1698	-421	
-1758	-6730	8504	2112	-1679	-447	
-1865	-6658	8539	2120	-1661	-475	
-1971	-6583	8572	2128	-1641	-502	
-2078	-6508	8604	2135	-1622	-528	
-2184	-6433	8635	2143	-1604	-554	
-2291	-6356	8665	2150	-1584	-581	
-2398	-6278	8694	2157	-1566	-609	
-2502	-6200	8721	2165	-1544	-633	
-2607	-6119	8746	2170	-1524	-660	
-2713	-6038	8771	2176	-1504	-687	
-2818	-5957	8794	2182	-1482	-710	
-2922	-5874	8815	2188	-1463	-738	
-3026	-5790	8835	2192	-1442	-765	
-3129	-5707	8855	2195	-1421	-790	
-3232	-5621	8873	2200	-1400	-815	
-3334	-5536	8889	2205	-1378	-841	
-3435	-5448	8904	2208	-1357	-867	
-3536	-5360	8917	2211	-1335	-891	
-3637	-5272	8930	2214	-1313	-916	
-3738	-5183	8941	2216	-1289	-942	
-3837	-5094	8951	2219	-1266	-966	
-3935	-5002	8960	2220	-1243	-991	
-4034	-4911	8967	2222	-1220	-1016	
-4132	-4819	8972	2224	-1197	-1038	
-4229	-4727	8976	2224	-1174	-1064	
-4326	-4633	8978	2224	-1152	-1089	
-4422	-4538	8980	2225	-1127	-1112	
-4518	-4442	8980	2226	-1103	-1135	
-4610	-4347	8980	2224	-1080	-1159	
-4705	-4250	8978	2223	-1055	-1183	
-4799	-4154	8974	2222	-1030	-1205	
-4891	-4057	8968	2221	-1007	-1228	
-4983	-3958	8962	2219	-982	-1252	
-5074	-3858	8953	2215	-958	-1275	
-5163	-3758	8944	2215	-931	-1296	
-5253	-3658	8934	2212	-906	-1319	
