-5713	-3119	8856	2192	-772	-1432	
-5797	-3016	8838	2186	-747	-1453	
-5881	-2913	8817	2181	-720	-1474	
-5963	-2808	8795	2177	-693	-1494	
-6045	-2704	8771	2170	-668	-1515	
-6125	-2598	8746	2163	-643	-1535	
-6205	-2492	8722	2157	-615	-1554	
-6284	-2386	8696	2150	-588	-1574	
-6360	-2281	8667	2142	-562	-1594	
-6437	-2175	8638	2135	-536	-1612	
-6514	-2067	8607	2128	-509	-1631	
-6590	-1960	8575	2119	-482	-1650	
-6662	-1854	8541	2111	-457	-1669	
-6734	-1746	8506	2104	-429	-1686	
-6807	-1637	8471	2094	-402	-1705	
-6878	-1529	8433	2085	-375	-1722	
-6948	-1421	8394	2075	-347	-1739	
-7018	-1311	8355	2064	-321	-1757	
-7086	-1202	8314	2054	-295	-1773	
-7153	-1094	8271	2042	-268	-1789	
-7217	-984	8227	2032	-241	-1805	
-7283	-875	8184	2022	-214	-1821	
-7348	-766	8138	2010	-187	-1838	
-7407	-657	8089	1997	-161	-1854	
-7469	-546	8041	1985	-134	-1869	
-7531	-437	7992	1973	-107	-1883	
-7590	-327	7941	1960	-82	-1898	
-7648	-216	7889	1946	-56	-1912	
-7703	-106	7836	1934	-30	-1926	
-7759	3	7781	1920	-6	-1941	
-7813	113	7724	1907	19	-1954	
-7867	223	7669	1892	46	-1967	
-7919	334	7611	1877	76	-1979	
-7970	443	7552	1863	111	-1990	
-8020	553	7492	1847	145	-2003	
-8067	664	7431	1832	179	-2015	
-8115	773	7368	1817	208	-2027	
-8162	881	7304	1801	232	-2038	
-8206	992	7240	1783	254	-2050	
-8250	1101	7174	1768	278	-2061	
-8292	1209	7108	1752	307	-2070	
-8332	1318	7040	1734	337	-2082	
-8372	1427	6970	1717	365	-2091	
-8410	1536	6900	1699	392	-2101	
-8448	1644	6830	1681	417	-2110	
-8485	1753	6758	1664	445	-2118	
-8519	1861	6685	1645	472	-2126	
-8553	1968	6611	1626	498	-2135	
-8585	2075	6535	1609	526	-2143	
-8616	2182	6458	1589	553	-2151	
-8645	2289	6381	1570	579	-2156	
-8672	2395	6305	1550	607	-2164	
-8699	2501	6226	1530	632	-2171	
-8726	2607	6145	1512	658	-2176	
-8751	2711	6065	1492	686	-2182	
-8773	2816	5983	1471	713	-2188	
-8795	2921	5900	1450	738	-2194	
-8815	3024	5816	1428	763	-2199	
-8833	3127	5731	1408	789	-2203	
-8852	3230	5646	1387	814	-2207	
-8870	3333	5561	1366	840	-2212	
-8885	3435	5475	1343	866	-2216	
-8897	3536	5387	1322	890	-2218	
-8909	3636	5298	1300	916	-2220	
-8921	3736	5208	1278	941	-2223	
-8931	3837	5118	1256	965	-2226	
-8938	3937	5028	1234	990	-2228	
-8946	4034	4936	1210	1016	-2229	
-8951	4134	4843	1187	1040	-2229	
-8955	4229	4749	1163	1064	-2230	
-8961	4326	4656	1139	1087	-2232	
-8963	4422	4561	1116	1111	-2232	
-8963	4517	4465	1093	1135	-2232	
-8960	4614	4370	1068	1158	-2231	
-8957	4707	4273	1045	1183	-2231	
-8955	4800	4176	1022	1206	-2230	
-8949	4893	4078	996	1228	-2228	
-8943	4985	3980	971	1252	-2227	
-8935	5076	3881	948	1274	-2224	
-8925	5166	3781	924	1297	-2222	
-8916	5256	3681	899	1320	-2220	
-8903	5344	3580	874	1341	-2216	
-8889	5432	3479	848	1363	-2212	
-8877	5520	3377	823	1384	-2209	
-8860	5606	3275	798	1406	-2204	
-8843	5691	3172	772	1427	-2200	
-8824	5777	3069	747	1448	-2195	
-8804	5860	2965	721	1469	-2190	
-8783	5942	2860	695	1489	-2185	
-8760	6025	2757	670	1510	-2179	
-8735	6106	2651	643	1530	-2174	
-8710	6187	2546	617	1550	-2165	
-8685	6266	2441	591	1570	-2159	
-8658	6344	2334	564	1590	-2153	
-8628	6422	2227	539	1608	-2145	
-8598	6497	2119	510	1625	-2139	
-8566	6573	2012	483	1645	-2129	
-8533	6648	1904	459	1665	-2120	
-8500	6722	1796	432	1682	-2113	
-8464	6794	1689	405	1700	-2102	
-8427	6865	1580	379	1717	-2093	
-8388	6936	1471	353	1736	-2084	
-8351	7005	1362	326	1754	-2073	
-8310	7072	1253	299	1770	-2064	
-8266	7140	1144	274	1787	-2053	
-8225	7206	1035	248	1803	-2041	
-8181	7271	926	220	1819	-2032	
-8135	7335	815	194	1836	-2019	
-8089	7397	706	167	1850	-2007	
-8041	7460	596	141	1865	-1996	
-7993	7520	486	115	1881	-1982	
-7942	7580	377	89	1895	-1970	
-7889	7638	267	63	1909	-1957	
-7837	7695	156	37	1923	-1944	
-7783	7753	45	11	1937	-1930	
-7728	7807	-64	-19	1950	-1916	
-7673	7860	-174	-52	1964	-1903	
-7614	7913	-285	-85	1978	-1887	
-7555	7964	-394	-120	1990	-1874	
-7496	8014	-504	-147	2002	-1859	
-7435	8064	-614	-168	2015	-1841	
-7374	8110	-723	-194	2025	-1827	
-7312	8156	-834	-220	2037	-1812	
-7247	8203	-943	-249	2048	-1795	
-7181	8246	-1053	-278	2059	-1778	
-7115	8289	-1163	-303	2070	-1762	
-7049	8332	-1271	-330	2080	-1745	
-6979	8371	-1380	-357	2090	-1727	
-6910	8411	-1489	-384	2099	-1710	
-6840	8448	-1597	-411	2108	-1692	
-6767	8484	-1706	-437	2118	-1674	
-6696	8520	-1812	-464	2127	-1657	
-6622	8554	-1920	-490	2135	-1638	
-6546	8586	-2028	-517	2143	-1619	
-6472	8618	-2136	-545	2149	-1601	
-6395	8648	-2242	-571	2156	-1581	
-6317	8676	-2348	-597	2163	-1561	
-6240	8705	-2455	-624	2170	-1542	
-6161	8730	-2562	-651	2177	-1521	
-6080	8755	-2667	-677	2182	-1502	
-5998	8778	-2772	-702	2189	-1482	
-5916	8800	-2877	-728	2194	-1460	
-5834	8822	-2980	-753	2199	-1439	
-5750	8841	-3083	-778	2205	-1418	
-5665	8859	-3187	-805	2208	-1398	
-5580	8876	-3290	-829	2214	-1375	
-5493	8892	-3392	-854	2217	-1353	
-5406	8906	-3494	-881	2217	-1332	
-5318	8918	-3595	-905	2222	-1310	
-5230	8930	-3695	-931	2225	-1288	
-5141	8941	-3796	-956	2227	-1265	
-5049	8950	-3895	-980	2229	-1243	
-4958	8957	-3994	-1005	2231	-1220	
-4867	8963	-4093	-1028	2232	-1197	
-4774	8968	-4190	-1054	2234	-1175	
-4682	8970	-4288	-1076	2234	-1149	
-4588	8973	-4383	-1099	2233	-1126	
-4492	8975	-4480	-1125	2235	-1103	
-4396	8973	-4575	-1146	2235	-1078	
-4301	8972	-4669	-1169	2235	-1055	
-4206	8969	-4763	-1195	2232	-1031	
-4107	8964	-4855	-1218	2230	-1006	
-4008	8958	-4948	-1241	2229	-982	
-3909	8951	-5040	-1262	2227	-957	
-3810	8942	-5131	-1284	2225	-933	
-3712	8932	-5221	-1308	2223	-908	
-3611	8921	-5309	-1330	2219	-882	
-3509	8908	-5397	-1351	2214	-857	
-3409	8894	-5486	-1372	2212	-831	
-3305	8878	-5573	-1393	2208	-806	
-3202	8862	-5659	-1414	2204	-780	
-3101	8844	-5744	-1434	2200	-754	
-2997	8824	-5829	-1456	2193	-729	
-2894	8802	-5911	-1478	2187	-703	
-2789	8781	-5994	-1498	2182	-676	
-2682	8758	-6076	-1518	2177	-651	
-2579	8733	-6155	-1538	2171	-625	
-2474	8708	-6236	-1557	2164	-598	
-2367	8679	-6315	-1577	2157	-572	
-2261	8650	-6391	-1596	2149	-545	
-2155	8622	-6469	-1614	2142	-520	
-2050	8590	-6545	-1632	2134	-493	
-1943	8557	-6620	-1651	2126	-466	
-1835	8523	-6693	-1669	2117	-439	
-1728	8488	-6765	-1685	2109	-412	
-1619	8452	-6838	-1706	2099	-385	
-1512	8414	-6910	-1723	2088	-358	
-1405	8375	-6978	-1739	2079	-332	
-1295	8336	-7048	-1757	2069	-305	
-1186	8295	-7115	-1774	2058	-278	
-1076	8251	-7182	-1790	2047	-251	
-968	8207	-7248	-1806	2036	-224	
-859	8163	-7312	-1822	2025	-198	
-749	8116	-7376	-1838	2013	-172	
-639	8069	-7437	-1852	2001	-144	
-527	8019	-7499	-1867	1989	-119	
-418	7969	-7559	-1881	1977	-94	
-309	7919	-7618	-1896	1963	-67	
-200	7866	-7676	-1911	1949	-42	
-91	7813	-7732	-1925	1935	-18	
20	7758	-7788	-1939	1921	5	
130	7703	-7841	-1951	1907	30	
240	7645	-7895	-1964	1894	59	
349	7587	-7947	-1977	1879	92	
458	7528	-7997	-1989	1864	132	
569	7467	-8047	-2001	1848	170	
678	7405	-8094	-2012	1832	202	
786	7343	-8141	-2024	1818	224	
896	7280	-8187	-2037	1802	243	
1006	7214	-8231	-2047	1786	267	
1116	7149	-8275	-2056	1770	294	
1224	7082	-8317	-2067	1751	324	
1333	7013	-8358	-2078	1734	354	
1443	6944	-8397	-2086	1716	380	
1550	6874	-8435	-2096	1700	406	
1657	6802	-8472	-2106	1682	433	
1767	6730	-8509	-2114	1662	459	
1874	6657	-8543	-2122	1643	487	
1981	6582	-8576	-2131	1625	514	
2087	6507	-8608	-2139	1606	540	
2194	6431	-8638	-2146	1587	567	
2301	6353	-8667	-2152	1568	593	
2406	6276	-8695	-2158	1549	621	
2512	6197	-8722	-2166	1529	647	
2617	6117	-8748	-2172	1508	672	
2722	6035	-8771	-2177	1487	699	
2825	5953	-8794	-2183	1467	725	
2930	5871	-8815	-2189	1446	751	
3034	5787	-8835	-2193	1425	777	
3137	5702	-8855	-2197	1404	801	
3239	5617	-8871	-2201	1384	828	
3340	5531	-8887	-2206	1361	853	
3443	5444	-8903	-2209	1338	877	
3543	5356	-8915	-2212	1318	903	
3644	5267	-8927	-2214	1295	929	
3745	5178	-8938	-2216	1273	954	
3844	5088	-8947	-2219	1249	979	
3942	4996	-8956	-2221	1226	1003	
4039	4905	-8963	-2223	1204	1028	
4138	4813	-8967	-2224	1180	1052	
4236	4719	-8972	-2224	1157	1075	
4332	4625	-8974	-2224	1135	1100	
4427	4531	-8975	-2225	1110	1124	
4522	4436	-8976	-2225	1085	1147	
4617	4340	-8974	-2224	1063	1171	
4710	4244	-8971	-2224	1039	1194	
4805	4145	-8967	-2222	1014	1218	
4896	4047	-8960	-2220	990	1241	
4986	3949	-8954	-2218	964	1264	
5078	3849	-8946	-2215	939	1287	
5168	3750	-8936	-2214	914	1309	
5257	3650	-8925	-2211	890	1331	
5345	3549	-8913	-2208	865	1353	
5432	3448	-8899	-2204	838	1374	
5519	3346	-8884	-2199	814	1396	
5606	3244	-8867	-2196	788	1417	
5691	3142	-8850	-2192	762	1437	
5776	3038	-8832	-2186	737	1460	
5858	2933	-8811	-2181	711	1480	
5940	2829	-8790	-2175	686	1500	
6023	2724	-8766	-2169	659	1520	
6101	2620	-8741	-2162	633	1541	
6184	2514	-8717	-2156	607	1561	
6263	2408	-8690	-2150	579	1579	
6339	2302	-8661	-2143	552	1599	
6416	2195	-8631	-2135	526	1619	
6490	2088	-8600	-2127	500	1638	
6567	1982	-8569	-2120	474	1656	
6642	1874	-8535	-2111	447	1674	
6714	1766	-8501	-2102	420	1693	
6786	1659	-8465	-2094	393	1710	
6856	1550	-8427	-2084	366	1728	
6928	1441	-8389	-2073	341	1745	
6995	1333	-8349	-2064	313	1761	
7063	1224	-8308	-2053	285	1779	
7131	1115	-8265	-2041	259	1796	
7197	1006	-8222	-2032	231	1812	
7261	896	-8177	-2021	205	1828	
7324	787	-8130	-2009	179	1845	
7387	677	-8085	-1998	153	1859	
7448	567	-8036	-1984	127	1873	
7506	456	-7986	-1972	101	1888	
7566	345	-7935	-1960	76	1903	
7623	237	-7883	-1947	49	1918	
7681	127	-7830	-1934	23	1931	
7737	17	-7776	-1917	-1	1946	
7790	-93	-7719	-1906	-34	1959	
7844	-203	-7662	-1892	-69	1972	
7897	-313	-7605	-1876	-106	1986	
7946	-423	-7545	-1863	-140	1997	
7998	-533	-7485	-1845	-165	2010	
8045	-643	-7423	-1831	-186	2023	
8092	-752	-7361	-1816	-209	2033	
8139	-862	-7298	-1798	-236	2045	
8184	-971	-7233	-1784	-265	2056	
8228	-1080	-7167	-1767	-294	2067	
8269	-1189	-7100	-1751	-322	2076	
8310	-1298	-7033	-1733	-347	2086	
8350	-1406	-6964	-1716	-374	2097	
8388	-1516	-6893	-1699	-403	2106	
8426	-1623	-6823	-1679	-429	2115	
8463	-1731	-6752	-1662	-456	2124	
8497	-1839	-6679	-1646	-484	2133	
8528	-1947	-6604	-1627	-511	2141	
8562	-2054	-6529	-1608	-537	2148	
8593	-2160	-6453	-1589	-563	2156	
8622	-2267	-6375	-1570	-591	2163	
8651	-2373	-6298	-1550	-617	2170	
8677	-2479	-6219	-1530	-644	2176	
8702	-2584	-6139	-1512	-671	2182	
8728	-2690	-6058	-1491	-695	2188	
8750	-2795	-5977	-1469	-721	2193	
8771	-2898	-5894	-1451	-749	2199	
8792	-3003	-5810	-1429	-774	2204	
8812	-3106	-5726	-1407	-799	2208	
8829	-3209	-5641	-1387	-825	2213	
8847	-3312	-5556	-1365	-852	2217	
8861	-3413	-5468	-1343	-876	2219	
8874	-3515	-5380	-1322	-901	2223	
8886	-3616	-5292	-1300	-928	2227	
8897	-3716	-5202	-1278	-952	2229	
8908	-3815	-5112	-1255	-977	2231	
8915	-3915	-5021	-1233	-1003	2232	
8923	-4014	-4930	-1209	-1024	2235	
8929	-4112	-4838	-1186	-1050	2235	
8933	-4209	-4743	-1164	-1075	2236	
8936	-4304	-4650	-1140	-1098	2239	
8937	-4401	-4554	-1117	-1124	2238	
8938	-4497	-4459	-1094	-1146	2237	
8937	-4592	-4365	-1068	-1171	2237	
8933	-4686	-4268	-1044	-1194	2236	
8931	-4780	-4170	-1020	-1217	2235	
8926	-4872	-4072	-996	-1240	2233	
8921	-4964	-3974	-971	-1262	2233	
8912	-5055	-3874	-948	-1286	2231	
8902	-5145	-3773	-924	-1308	2226	
8891	-5234	-3673	-896	-1328	2225	
8879	-5323	-3573	-873	-1352	2221	
8867	-5411	-3472	-848	-1375	2218	
8852	-5499	-3370	-821	-1396	2215	
8837	-5585	-3268	-797	-1418	2210	
8820	-5670	-3164	-770	-1438	2206	
8800	-5756	-3061	-745	-1459	2202	
8780	-5839	-2958	-720	-1480	2196	
8760	-5921	-2855	-693	-1501	2191	
8737	-6004	-2750	-667	-1521	2185	
8713	-6085	-2643	-641	-1540	2179	
8689	-6166	-2538	-616	-1562	2171	
8661	-6245	-2432	-590	-1581	2165	
8634	-6323	-2325	-563	-1598	2159	
8606	-6401	-2218	-538	-1619	2149	
8574	-6477	-2111	-511	-1640	2143	
8542	-6553	-2004	-483	-1657	2136	
8509	-6626	-1896	-458	-1675	2127	
8476	-6700	-1790	-431	-1694	2119	
8441	-6772	-1682	-404	-1711	2109	
8404	-6844	-1573	-378	-1729	2100	
8365	-6915	-1464	-351	-1747	2090	
8326	-6983	-1356	-324	-1764	2080	
8286	-7051	-1246	-297	-1781	2071	
8243	-7118	-1137	-272	-1800	2058	
8203	-7184	-1029	-244	-1813	2047	
8158	-7250	-918	-217	-1829	2037	
8111	-7315	-808	-192	-1847	2025	
8066	-7377	-698	-163	-1861	2014	
8016	-7438	-588	-138	-1877	2002	
7968	-7498	-478	-112	-1892	1989	
7919	-7559	-369	-85	-1906	1975	
7866	-7618	-259	-60	-1921	1963	
7812	-7675	-148	-34	-1934	1950	
7759	-7731	-39	-8	-1948	1936	
7705	-7785	71	18	-1963	1923	
7649	-7839	181	45	-1975	1908	
7591	-7891	291	72	-1989	1892	
7532	-7943	402	104	-2000	1879	
7474	-7994	512	138	-2012	1863	
7412	-8042	621	168	-2026	1847	
7350	-8089	732	199	-2036	1834	
7288	-8136	840	226	-2049	1817	
7223	-8181	950	249	-2061	1801	
7157	-8226	1060	275	-2070	1784	
7092	-8269	1168	301	-2081	1767	
7025	-8310	1277	330	-2091	1751	
6956	-8351	1386	357	-2101	1733	
6886	-8390	1495	384	-2110	1716	
6816	-8427	1604	410	-2120	1698	
6746	-8464	1713	435	-2129	1679	
6673	-8499	1821	465	-2137	1663	
6598	-8532	1928	491	-2145	1644	
6524	-8566	2037	517	-2155	1624	
6448	-8597	2145	545	-2161	1607	
6371	-8627	2251	571	-2168	1586	
6294	-8655	2357	598	-2175	1567	
6217	-8682	2464	623	-2181	1548	
6136	-8709	2570	649	-2189	1528	
6056	-8734	2675	677	-2194	1508	
5975	-8757	2780	701	-2201	1486	
5893	-8780	2884	727	-2206	1467	
5811	-8801	2988	754	-2210	1445	
5726	-8820	3091	778	-2216	1423	
5641	-8838	3194	806	-2218	1404	
5557	-8856	3298	830	-2224	1381	
5470	-8871	3400	854	-2228	1360	
5383	-8885	3501	881	-2230	1338	
5296	-8898	3603	906	-2234	1314	
5207	-8910	3704	931	-2235	1294	
5116	-8920	3804	956	-2238	1271	
5026	-8929	3904	980	-2240	1249	
4934	-8937	4002	1005	-2242	1226	
4844	-8943	4100	1028	-2244	1202	
4751	-8947	4198	1052	-2244	1181	
4657	-8950	4295	1076	-2246	1156	
4563	-8952	4392	1099	-2245	1132	
4468	-8954	4487	1124	-2244	1109	
4374	-8954	4583	1146	-2245	1083	
4276	-8952	4677	1170	-2244	1061	
4180	-8948	4771	1196	-2243	1037	
4083	-8944	4864	1218	-2242	1012	
3984	-8937	4955	1239	-2240	987	
3886	-8929	5047	1263	-2238	962	
3787	-8921	5138	1285	-2235	939	
3686	-8912	5229	1306	-2232	914	
3587	-8900	5318	1328	-2230	888	
3485	-8886	5405	1352	-2226	863	
3384	-8872	5494	1371	-2223	836	
3284	-8857	5580	1393	-2218	812	
3180	-8841	5665	1416	-2213	788	
3077	-8823	5751	1434	-2210	760	
2974	-8803	5836	1456	-2205	735	
2870	-8783	5919	1478	-2199	710	
2766	-8760	6001	1497	-2193	683	
2662	-8736	6083	1518	-2186	657	
2556	-8712	6163	1537	-2181	631	
2450	-8686	6243	1557	-2175	606	
2346	-8659	6321	1577	-2167	578	
2239	-8630	6399	1595	-2159	552	
2134	-8600	6476	1615	-2152	526	
2026	-8570	6552	1633	-2145	499	
1917	-8536	6628	1652	-2135	472	
1813	-8503	6700	1669	-2126	445	
1705	-8467	6773	1686	-2119	418	
1596	-8431	6846	1706	-2109	393	
1488	-8394	6917	1723	-2100	365	
1379	-8354	6986	1740	-2090	338	
1269	-8315	7054	1757	-2080	313	
1160	-8273	7123	1774	-2069	285	
1052	-8231	7189	1791	-2058	258	
943	-8187	7254	1806	-2046	232	
833	-8142	7318	1822	-2034	205	
723	-8095	7382	1837	-2024	179	
615	-8048	7444	1851	-2012	152	
505	-7999	7505	1869	-1998	128	
395	-7949	7566	1882	-1986	102	
286	-7898	7625	1896	-1975	76	
175	-7845	7682	1912	-1961	53	
66	-7792	7738	1924	-1946	27	
-45	-7737	7794	1939	-1932	1	
-154	-7680	7849	1952	-1918	-27	
-263	-7624	7902	1964	-1904	-63	
-373	-7566	7953	1978	-1889	-108	
-483	-7506	8003	1988	-1874	-147	
-594	-7446	8053	2002	-1857	-172	
-704	-7384	8101	2013	-1844	-190	
-813	-7321	8148	2023	-1827	-207	
-921	-7258	8194	2038	-1810	-233	
-1031	-7193	8239	2045	-1796	-265	
-1141	-7127	8282	2055	-1778	-295	
-1250	-7060	8324	2068	-1761	-321	
-1359	-6992	8365	2078	-1745	-347	
-1466	-6922	8404	2087	-1727	-375	
-1574	-6852	8442	2096	-1709	-402	
-1683	-6781	8480	2106	-1692	-429	
-1790	-6709	8515	2114	-1673	-455	
-1896	-6636	8550	2122	-1654	-482	
-2003	-6561	8582	2131	-1637	-509	
-2109	-6486	8614	2137	-1618	-536	
-2214	-6409	8645	2146	-1597	-563	
-2321	-6332	8673	2154	-1577	-590	
-2428	-6254	8702	2158	-1559	-617	
-2534	-6175	8728	2165	-1539	-642	
-2638	-6096	8753	2171	-1518	-668	
-2742	-6014	8777	2177	-1499	-695	
-2849	-5932	8800	2182	-1477	-719	
-2953	-5849	8821	2188	-1456	-746	
-3055	-5766	8841	2193	-1436	-771	
-3159	-5682	8861	2198	-1414	-797	
-3263	-5596	8878	2203	-1393	-823	
-3364	-5511	8894	2206	-1371	-848	
-3465	-5423	8908	2207	-1350	-874	
-3566	-5334	8921	2212	-1327	-899	
-3667	-5247	8934	2216	-1304	-924	
-3767	-5157	8945	2215	-1284	-950	
-3867	-5067	8953	2218	-1260	-973	
-3966	-4976	8961	2220	-1237	-999	
-4064	-4884	8968	2222	-1214	-1024	
-4161	-4792	8974	2225	-1191	-1046	
-4257	-4699	8977	2225	-1167	-1071	
-4354	-4604	8979	2225	-1144	-1094	
-4449	-4509	8981	2225	-1121	-1119	
-4545	-4415	8981	2225	-1096	-1143	
-4639	-4319	8979	2223	-1073	-1166	
-4732	-4221	8976	2221	-1049	-1190	
-4826	-4125	8972	2222	-1022	-1213	
-4918	-4027	8967	2220	-998	-1236	
-5011	-3928	8959	2217	-975	-1258	
-5102	-3828	8952	2216	-950	-1281	
-5191	-3729	8942	2213	-925	-1305	
-5280	-3629	8930	2211	-900	-1326	
-5367	-3527	8919	2208	-874	-1347	
-5456	-3426	8905	2203	-849	-1368	
-5543	-3324	8890	2200	-823	-1390	
-5628	-3222	8873	2196	-797	-1412	
-5714	-3118	8855	2191	-772	-1433	
-5796	-3015	8837	2186	-746	-1453	
-5881	-2911	8816	2180	-720	-1475	
-5965	-2807	8795	2177	-693	-1495	
-6045	-2702	8772	2169	-667	-1516	
-6126	-2597	8747	2161	-642	-1536	
-6205	-2492	8722	2156	-614	-1555	
-6284	-2386	8695	2150	-589	-1575	
-6363	-2280	8666	2143	-563	-1593	
-6440	-2173	8637	2135	-536	-1613	
-6515	-2066	8607	2127	-509	-1632	
-6589	-1959	8574	2120	-482	-1651	
-6664	-1853	8540	2111	-455	-1669	
-6738	-1744	8506	2103	-429	-1686	
-6808	-1636	8469	2093	-403	-1705	
-6879	-1528	8432	2083	-375	-1724	
-6949	-1419	8394	2074	-347	-1740	
-7019	-1310	8354	2064	-322	-1756	
-7088	-1202	8313	2052	-296	-1774	
-7153	-1093	8270	2042	-267	-1790	
-7220	-984	8227	2033	-239	-1805	
-7284	-874	8183	2021	-213	-1821	
-7346	-765	8136	2008	-188	-1838	
-7408	-655	8089	1997	-160	-1853	
-7470	-545	8041	1985	-134	-1868	
-7531	-435	7991	1972	-108	-1884	
-7590	-325	7941	1960	-81	-1898	
-7648	-215	7889	1947	-56	-1913	
-7704	-106	7835	1933	-30	-1927	
-7760	5	7779	1920	-4	-1940	
-7814	114	7725	1905	20	-1954	
-7867	225	7668	1891	47	-1967	
-7921	335	7610	1877	77	-1979	
-7971	446	7552	1862	110	-1992	
-8020	555	7491	1847	146	-2004	
-8069	665	7429	1833	179	-2016	
-8117	774	7368	1816	207	-2028	
-8162	883	7304	1800	232	-2038	
-8205	994	7238	1784	254	-2050	
-8249	1102	7172	1767	280	-2061	
-8292	1211	7106	1751	307	-2071	
-8333	1320	7037	1733	336	-2081	
-8372	1429	6969	1716	365	-2092	
-8412	1537	6900	1699	391	-2101	
-8449	1646	6828	1680	419	-2109	
-8485	1755	6756	1663	446	-2119	
-8519	1862	6684	1645	472	-2126	
-8553	1969	6610	1627	499	-2134	
-8586	2076	6535	1608	526	-2143	
-8616	2183	6458	1589	552	-2149	
-8645	2290	6381	1571	580	-2157	
-8674	2396	6303	1551	606	-2164	
-8701	2502	6224	1531	633	-2170	
-8726	2607	6144	1511	660	-2178	
-8751	2713	6064	1491	685	-2182	
-8775	2817	5982	1470	712	-2188	
-8795	2921	5899	1449	738	-2194	
-8815	3025	5815	1429	763	-2199	
-8835	3128	5731	1408	789	-2202	
-8854	3232	5646	1386	814	-2207	
-8869	3334	5560	1366	841	-2212	
-8884	3435	5473	1343	865	-2214	
-8898	3537	5385	1321	890	-2218	
-8911	3638	5297	1300	916	-2221	
-8922	3738	5208	1277	941	-2223	
-8932	3838	5117	1255	965	-2225	
-8940	3937	5027	1233	991	-2227	
-8946	4037	4934	1210	1015	-2230	
-8951	4134	4842	1187	1040	-2230	
-8956	4231	4749	1163	1063	-2231	
-8960	4328	4654	1140	1087	-2233	
-8962	4424	4559	1116	1113	-2232	
-8961	4519	4465	1092	1135	-2232	
-8960	4613	4369	1068	1159	-2232	
-8958	4709	4272	1044	1183	-2231	
-8954	4802	4175	1021	1206	-2230	
-8948	4894	4077	997	1229	-2228	
-8942	4986	3979	972	1251	-2227	
-8935	5077	3880	948	1274	-2224	
-8926	5168	3780	922	1297	-2221	
-8916	5257	3680	898	1320	-2219	
-8903	5346	3579	874	1341	-2216	
-8890	5434	3477	847	1362	-2213	
-8875	5521	3376	822	1385	-2209	
-8859	5607	3273	797	1406	-2205	
-8843	5692	3170	772	1427	-2200	
-8825	5778	3067	746	1449	-2195	
-8804	5862	2963	720	1469	-2190	
-8782	5945	2859	694	1490	-2185	
-8761	6026	2755	667	1510	-2179	
-8738	6106	2650	643	1531	-2173	
-8713	6187	2544	617	1550	-2167	
-8686	6267	2438	591	1570	-2159	
-8657	6345	2332	564	1590	-2153	
-8627	6422	2226	538	1609	-2146	
-8598	6498	2118	512	1627	-2137	
-8566	6574	2011	484	1645	-2130	
-8534	6649	1903	459	1665	-2120	
-8500	6722	1796	432	1682	-2112	
-8463	6795	1688	405	1701	-2103	
-8427	6866	1578	379	1718	-2093	
-8390	6936	1469	354	1735	-2084	
-8350	7005	1361	326	1753	-2074	
-8311	7073	1252	297	1768	-2065	
-8268	7140	1143	272	1785	-2054	
-8224	7206	1033	245	1804	-2042	
-8182	7273	924	219	1819	-2031	
-8133	7336	815	194	1836	-2019	
-8087	7399	705	166	1850	-2007	
-8042	7461	594	141	1865	-1995	
-7991	7521	485	115	1881	-1983	
-7941	7581	375	88	1895	-1970	
-7889	7640	265	63	1910	-1957	
-7837	7696	155	37	1924	-1944	
-7783	7753	45	11	1937	-1930	
-7727	7807	-66	-20	1951	-1916	
-7671	7862	-175	-53	1965	-1902	
-7613	7913	-286	-87	1978	-1888	
-7555	7964	-396	-121	1990	-1873	
-7496	8015	-506	-147	2003	-1858	
-7434	8063	-616	-170	2015	-1842	
-7372	8111	-725	-194	2025	-1827	
-7310	8158	-836	-220	2038	-1812	
-7245	8203	-945	-249	2049	-1796	
-7181	8247	-1054	-276	2059	-1779	
-7115	8290	-1164	-304	2070	-1762	
-7047	8331	-1273	-331	2079	-1746	
-6978	8371	-1381	-357	2091	-1728	
-6909	8410	-1490	-385	2100	-1710	
-6838	8448	-1598	-412	2109	-1692	
-6765	8486	-1706	-438	2119	-1673	
-6695	8520	-1814	-465	2127	-1656	
-6622	8554	-1922	-491	2135	-1637	
-6546	8587	-2029	-518	2142	-1618	
-6472	8619	-2137	-546	2150	-1600	
-6394	8649	-2243	-571	2158	-1581	
-6318	8676	-2350	-598	2164	-1561	
-6239	8704	-2457	-625	2170	-1542	
-6158	8731	-2563	-650	2178	-1521	
-6079	8755	-2668	-677	2183	-1501	
-5998	8778	-2773	-702	2188	-1481	
-5917	8802	-2877	-729	2194	-1461	
-5833	8822	-2982	-754	2199	-1440	
-5748	8840	-3086	-778	2205	-1418	
-5664	8859	-3189	-806	2209	-1398	
-5578	8876	-3291	-830	2214	-1375	
-5493	8892	-3393	-855	2218	-1353	
-5405	8906	-3495	-882	2219	-1332	
-5318	8919	-3596	-906	2222	-1310	
-5230	8931	-3696	-931	2225	-1288	
-5138	8941	-3797	-956	2228	-1265	
-5048	8949	-3897	-981	2229	-1243	
-4958	8957	-3996	-1004	2231	-1221	
-4866	8963	-4093	-1028	2233	-1197	
-4773	8967	-4191	-1054	2233	-1174	
-4680	8971	-4289	-1076	2234	-1149	
-4585	8974	-4386	-1100	2235	-1126	
-4491	8974	-4481	-1125	2235	-1103	
-4396	8974	-4576	-1146	2235	-1078	
-4299	8972	-4671	-1171	2234	-1055	
-4203	8969	-4764	-1195	2233	-1031	
-4106	8964	-4857	-1217	2231	-1006	
-4005	8958	-4950	-1241	2229	-982	
-3909	8950	-5041	-1263	2227	-958	
-3810	8942	-5133	-1285	2225	-932	
-3708	8932	-5223	-1307	2222	-907	
-3608	8920	-5311	-1329	2219	-883	
-3507	8907	-5400	-1351	2215	-858	
-3406	8893	-5488	-1370	2212	-831	
-3305	8877	-5573	-1392	2209	-806	
-3202	8861	-5659	-1414	2205	-781	
-3100	8843	-5746	-1434	2201	-754	
-2995	8823	-5830	-1456	2194	-729	
-2891	8802	-5912	-1478	2188	-703	
-2787	8781	-5995	-1498	2183	-676	
-2683	8757	-6076	-1518	2176	-650	
-2579	8733	-6157	-1538	2170	-625	
-2471	8707	-6238	-1557	2164	-598	
-2366	8680	-6315	-1577	2156	-572	
-2261	8651	-6393	-1596	2149	-546	
-2154	8621	-6470	-1615	2141	-518	
-2047	8589	-6546	-1632	2134	-490	
-1941	8556	-6621	-1652	2126	-467	
-1835	8523	-6694	-1670	2118	-439	
-1727	8488	-6767	-1686	2109	-410	
-1619	8451	-6839	-1706	2098	-386	
-1511	8414	-6910	-1723	2089	-359	
-1403	8376	-6980	-1740	2079	-332	
-1293	8336	-7049	-1758	2067	-305	
-1184	8294	-7116	-1773	2058	-278	
-1077	8250	-7183	-1790	2047	-253	
-969	8207	-7249	-1805	2036	-224	
-856	8162	-7313	-1821	2025	-197	
-747	8115	-7376	-1837	2012	-172	
-639	8069	-7439	-1851	2002	-144	
-527	8020	-7500	-1868	1989	-120	
-418	7970	-7559	-1881	1977	-93	
-308	7919	-7618	-1895	1964	-67	
-198	7865	-7676	-1912	1949	-43	
-88	7812	-7732	-1925	1936	-18	
23	7758	-7787	-1939	1922	6	
130	7702	-7842	-1952	1907	32	
239	7645	-7895	-1964	1894	59	
351	7587	-7946	-1977	1878	94	
460	7526	-7997	-1987	1864	133	
572	7466	-8047	-2001	1848	171	
679	7405	-8095	-2013	1833	203	
788	7342	-8142	-2024	1818	225	
899	7278	-8187	-2036	1801	243	
1007	7213	-8232	-2046	1786	267	
1117	7147	-8276	-2058	1769	294	
1225	7081	-8318	-2068	1750	324	
1334	7013	-8358	-2077	1733	354	
1443	6943	-8397	-2088	1715	381	
1551	6873	-8436	-2096	1698	406	
1661	6802	-8473	-2105	1681	433	
1768	6729	-8509	-2114	1663	461	
1874	6656	-8544	-2122	1644	488	
1981	6582	-8576	-2131	1626	513	
2088	6506	-8608	-2137	1606	543	
2195	6431	-8638	-2144	1588	568	
2302	6353	-8668	-2152	1568	593	
2409	6274	-8696	-2158	1548	621	
2513	6196	-8722	-2166	1529	647	
2617	6116	-8748	-2173	1507	673	
2722	6034	-8772	-2177	1487	699	
2827	5953	-8794	-2183	1466	725	
2932	5870	-8817	-2188	1446	751	
3035	5786	-8836	-2192	1425	776	
3138	5701	-8854	-2197	1404	803	
3241	5616	-8872	-2202	1382	828	
3343	5530	-8888	-2206	1360	854	
3443	5443	-8904	-2208	1339	881	
3545	5355	-8916	-2212	1317	904	
3646	5266	-8927	-2214	1295	929	
3745	5177	-8939	-2215	1272	956	
3845	5087	-8948	-2219	1250	980	
3943	4995	-8955	-2221	1227	1003	
4041	4904	-8962	-2223	1203	1028	
4141	4811	-8968	-2224	1180	1052	
4236	4717	-8972	-2223	1157	1076	
4332	4624	-8974	-2224	1133	1101	
4429	4529	-8975	-2225	1110	1124	
4524	4434	-8975	-2224	1086	1148	
4618	4338	-8973	-2224	1061	1171	
4710	4241	-8970	-2222	1037	1195	
4803	4145	-8966	-2221	1014	1218	
4897	4047	-8960	-2219	991	1241	
4989	3947	-8953	-2217	965	1265	
5080	3848	-8946	-2216	939	1286	
5170	3749	-8936	-2214	914	1309	
5258	3649	-8925	-2210	889	1331	
5346	3547	-8913	-2207	865	1352	
5433	3446	-8899	-2203	838	1375	
5522	3344	-8884	-2199	812	1397	
5608	3241	-8868	-2196	788	1418	
5691	3139	-8850	-2191	763	1439	
5776	3035	-8831	-2186	735	1460	
5859	2932	-8811	-2181	710	1481	
5942	2828	-8790	-2174	685	1501	
6022	2722	-8765	-2168	660	1522	
6104	2618	-8742	-2162	633	1542	
6186	2513	-8717	-2156	605	1561	
6262	2406	-8689	-2150	579	1580	
6340	2301	-8661	-2143	553	1599	
6417	2195	-8631	-2136	526	1618	
6494	2087	-8600	-2127	499	1638	
6569	1980	-8568	-2119	472	1657	
6641	1873	-8534	-2111	447	1675	
6713	1765	-8499	-2101	420	1693	
6786	1657	-8463	-2092	392	1710	
6858	1548	-8426	-2083	366	1728	
6927	1440	-8388	-2073	341	1745	
6997	1332	-8348	-2063	313	1762	
7064	1223	-8307	-2052	285	1780	
7131	1114	-8265	-2043	259	1796	
7196	1004	-8222	-2032	231	1812	
7262	893	-8177	-2020	206	1828	
7325	785	-8130	-2009	180	1844	
7386	675	-8083	-1997	152	1859	
7449	565	-8035	-1985	126	1874	
7508	455	-7985	-1971	101	1889	
7568	346	-7934	-1959	75	1904	
7626	235	-7882	-1948	48	1918	
7682	125	-7829	-1933	25	1932	
7738	16	-7773	-1919	-3	1945	
7790	-95	-7718	-1905	-34	1960	
7846	-205	-7663	-1891	-69	1972	
7898	-315	-7604	-1877	-107	1984	
7948	-424	-7546	-1862	-140	1997	
7998	-533	-7485	-1846	-166	2010	
8045	-643	-7423	-1831	-187	2022	
8093	-753	-7361	-1816	-209	2034	
8141	-863	-7298	-1800	-237	2046	
8184	-974	-7233	-1784	-266	2055	
8227	-1082	-7166	-1766	-294	2066	
8270	-1191	-7100	-1750	-322	2077	
8311	-1299	-7033	-1733	-348	2086	
8350	-1408	-6962	-1716	-374	2096	
8388	-1516	-6892	-1698	-403	2106	
8426	-1625	-6822	-1679	-429	2115	
8462	-1733	-6750	-1663	-456	2124	
8496	-1840	-6678	-1645	-484	2132	
8530	-1947	-6603	-1626	-511	2140	
8563	-2054	-6528	-1607	-538	2148	
8593	-2162	-6452	-1589	-564	2156	
8622	-2269	-6375	-1570	-590	2162	
8651	-2374	-6297	-1549	-618	2169	
8677	-2480	-6217	-1531	-645	2177	
8703	-2585	-6137	-1511	-670	2182	
8729	-2690	-6057	-1490	-696	2188	
8751	-2796	-5976	-1470	-721	2194	
8773	-2900	-5894	-1449	-748	2199	
8793	-3004	-5810	-1429	-775	2205	
8811	-3108	-5725	-1407	-801	2209	
8830	-3210	-5639	-1386	-826	2213	
8846	-3313	-5553	-1364	-851	2217	
8860	-3414	-5467	-1343	-877	2220	
8875	-3516	-5379	-1321	-902	2224	
8887	-3617	-5290	-1299	-926	2226	
8898	-3716	-5201	-1277	-952	2229	
8909	-3818	-5111	-1255	-978	2231	
8916	-3916	-5020	-1232	-1002	2233	
8922	-4015	-4928	-1208	-1026	2235	
8928	-4113	-4836	-1185	-1050	2235	
8932	-4210	-4742	-1162	-1075	2237	
8938	-4307	-4647	-1139	-1099	2238	
8940	-4402	-4553	-1116	-1123	2237	
8937	-4498	-4459	-1092	-1147	2239	
8936	-4593	-4363	-1068	-1170	2237	
8934	-4687	-4266	-1045	-1194	2235	
8931	-4780	-4170	-1020	-1217	2236	
8926	-4873	-4072	-996	-1240	2234	
8920	-4965	-3972	-971	-1263	2232	
8911	-5057	-3873	-947	-1287	2230	
8903	-5147	-3772	-922	-1308	2227	
8892	-5235	-3672	-896	-1329	2225	
8878	-5324	-3573	-871	-1353	2221	
8866	-5413	-3471	-846	-1374	2219	
8853	-5500	-3368	-821	-1396	2215	
8836	-5586	-3267	-796	-1417	2210	
8819	-5671	-3164	-771	-1438	2207	
8802	-5756	-3061	-746	-1459	2201	
8781	-5840	-2957	-719	-1480	2196	
8759	-5923	-2852	-693	-1502	2190	
8736	-6005	-2748	-668	-1521	2184	
8712	-6086	-2642	-642	-1541	2179	
8688	-6166	-2537	-617	-1562	2171	
8660	-6245	-2431	-589	-1580	2165	
8634	-6323	-2324	-562	-1600	2159	
8604	-6401	-2217	-537	-1619	2150	
8572	-6477	-2109	-510	-1637	2144	
8542	-6553	-2003	-484	-1657	2135	
8509	-6628	-1896	-457	-1676	2126	
8477	-6701	-1788	-430	-1694	2119	
8440	-6773	-1681	-404	-1712	2109	
8402	-6845	-1572	-377	-1730	2099	
8366	-6914	-1463	-351	-1747	2090	
8326	-6984	-1354	-323	-1763	2080	
8286	-7053	-1245	-297	-1781	2069	
8244	-7119	-1135	-271	-1797	2059	
8201	-7185	-1026	-243	-1813	2049	
8157	-7251	-918	-216	-1830	2036	
8110	-7315	-808	-190	-1845	2024	
8065	-7378	-698	-163	-1861	2013	
8017	-7440	-588	-137	-1876	2001	
7967	-7500	-477	-112	-1892	1989	
7915	-7560	-367	-85	-1905	1977	
7866	-7618	-257	-59	-1921	1963	
7814	-7675	-147	-34	-1934	1949	
7759	-7732	-37	-7	-1948	1936	
7704	-7786	73	18	-1962	1922	
7647	-7840	183	44	-1975	1907	
7589	-7892	293	73	-1991	1892	
7532	-7943	404	105	-2000	1879	
7471	-7994	513	138	-2012	1864	
7410	-8042	623	170	-2027	1849	
7349	-8091	733	201	-2037	1833	
7285	-8137	842	225	-2048	1816	
7222	-8183	952	249	-2059	1801	
7157	-8226	1062	274	-2071	1784	
7091	-8269	1170	301	-2082	1767	
7022	-8310	1279	331	-2091	1751	
6953	-8350	1389	357	-2101	1733	
6885	-8389	1497	384	-2110	1716	
6814	-8427	1607	411	-2120	1698	
6743	-8464	1714	436	-2129	1679	
6671	-8500	1821	465	-2136	1662	
6597	-8533	1930	491	-2144	1642	
6523	-8565	2038	517	-2153	1624	
6447	-8597	2145	545	-2161	1607	
6372	-8627	2252	570	-2169	1586	
6295	-8656	2359	597	-2175	1567	
6215	-8684	2466	624	-2182	1547	
6135	-8710	2571	649	-2188	1527	
6056	-8735	2676	676	-2194	1508	
5975	-8758	2781	702	-2200	1487	
5893	-8780	2885	728	-2204	1466	
5809	-8802	2990	753	-2211	1445	
5726	-8821	3093	779	-2216	1423	
5641	-8839	3196	806	-2218	1403	
5554	-8856	3299	831	-2224	1381	
5469	-8872	3401	856	-2227	1360	
5382	-8886	3502	882	-2230	1339	
5293	-8899	3604	905	-2234	1315	
5204	-8910	3705	931	-2236	1294	
5115	-8919	3805	956	-2239	1271	
5025	-8929	3905	979	-2241	1248	
4933	-8937	4004	1005	-2242	1226	
4840	-8943	4102	1030	-2243	1202	
4748	-8947	4199	1053	-2244	1179	
4655	-8951	4297	1076	-2246	1156	
4561	-8952	4393	1100	-2246	1132	
4466	-8954	4488	1125	-2245	1108	
4371	-8953	4584	1148	-2245	1084	
4274	-8950	4678	1172	-2244	1061	
4177	-8948	4772	1195	-2244	1037	
4081	-8942	4865	1217	-2242	1012	
3984	-8936	4957	1241	-2240	988	
3884	-8930	5049	1262	-2238	963	
3785	-8921	5140	1285	-2234	938	
3686	-8910	5230	1308	-2234	913	
3586	-8899	5318	1330	-2231	887	
3485	-8887	5407	1352	-2226	862	
3383	-8873	5495	1371	-2223	837	
3281	-8857	5581	1394	-2218	812	
3180	-8840	5667	1416	-2214	786	
3075	-8822	5752	1435	-2211	760	
2972	-8803	5838	1457	-2205	735	
2870	-8782	5920	1477	-2200	709	
2765	-8759	6001	1498	-2194	683	
2658	-8737	6084	1520	-2187	657	
2555	-8712	6165	1538	-2181	630	
2451	-8686	6244	1557	-2174	604	
2345	-8658	6323	1577	-2167	579	
2238	-8629	6401	1596	-2159	552	
2131	-8601	6478	1614	-2152	526	
2024	-8569	6554	1633	-2145	498	
1917	-8535	6628	1653	-2135	472	
1810	-8503	6702	1671	-2126	445	
1702	-8467	6775	1687	-2119	417	
1594	-8430	6847	1705	-2109	392	
1485	-8393	6917	1722	-2099	365	
1376	-8354	6987	1740	-2090	338	
1268	-8314	7056	1758	-2079	312	
1160	-8273	7123	1773	-2069	286	
1051	-8230	7190	1790	-2057	259	
940	-8186	7256	1807	-2046	233	
830	-8141	7320	1822	-2035	206	
721	-8094	7384	1837	-2024	178	
612	-8047	7446	1852	-2013	152	
503	-7998	7506	1869	-1999	127	
393	-7948	7566	1883	-1985	102	
284	-7897	7625	1896	-1974	76	
174	-7844	7683	1912	-1960	52	
63	-7792	7740	1924	-1946	27	
-45	-7737	7794	1938	-1933	2	
-154	-7679	7848	1953	-1918	-28	
-266	-7624	7902	1965	-1904	-64	
-375	-7566	7954	1977	-1889	-106	
-484	-7506	8004	1989	-1874	-147	
-594	-7446	8053	2002	-1858	-173	
-704	-7383	8101	2013	-1844	-189	
-814	-7321	8149	2024	-1828	-208	
-924	-7257	8195	2037	-1810	-232	
-1033	-7192	8239	2046	-1795	-264	
-1141	-7126	8283	2057	-1779	-295	
-1250	-7059	8324	2067	-1761	-322	
-1359	-6991	8365	2076	-1745	-348	
-1468	-6921	8404	2088	-1727	-374	
-1577	-6852	8442	2096	-1709	-402	
-1684	-6780	8480	2105	-1691	-428	
-1790	-6707	8515	2114	-1672	-455	
-1897	-6635	8550	2122	-1656	-483	
-2005	-6561	8583	2131	-1636	-509	
-2112	-6484	8614	2137	-1616	-536	
-2217	-6409	8645	2145	-1597	-563	
-2322	-6332	8674	2154	-1576	-590	
-2428	-6253	8702	2158	-1559	-618	
-2535	-6174	8728	2165	-1539	-642	
-2639	-6093	8753	2172	-1517	-667	
-2745	-6013	8778	2177	-1498	-695	
-2850	-5931	8802	2183	-1478	-719	
-2953	-5848	8822	2189	-1456	-746	
-3057	-5765	8841	2193	-1435	-772	
-3161	-5680	8861	2197	-1414	-798	
-3264	-5595	8878	2202	-1392	-823	
-3365	-5508	8894	2205	-1371	-848	
-3467	-5421	8908	2207	-1350	-875	
-3567	-5334	8922	2212	-1326	-899	
-3668	-5245	8934	2215	-1303	-925	
-3768	-5155	8944	2215	-1283	-950	
-3867	-5066	8953	2218	-1260	-974	
-3968	-4975	8961	2220	-1237	-998	
-4065	-4882	8968	2222	-1214	-1022	
-4162	-4791	8973	2224	-1189	-1046	
-4259	-4697	8978	2224	-1167	-1072	
-4356	-4603	8980	2225	-1144	-1096	
-4451	-4510	8980	2224	-1120	-1120	
-4546	-4414	8980	2224	-1095	-1143	
-4639	-4317	8979	2224	-1071	-1166	
-4736	-4221	8976	2222	-1049	-1190	
-4828	-4123	8972	2223	-1022	-1213	
-4919	-4024	8967	2220	-998	-1235	
-5012	-3926	8959	2216	-976	-1258	
-5102	-3827	8951	2216	-950	-1281	
-5192	-3727	8942	2215	-924	-1303	
-5281	-3628	8930	2210	-899	-1325	
-5369	-3526	8917	2207	-874	-1348	
-5457	-3424	8905	2204	-849	-1369	
-5543	-3323	8889	2200	-823	-1390	
-5629	-3221	8873	2196	-797	-1413	
