-5768	-3051	8843	2187	-756	-1447	
-5852	-2949	8824	2183	-730	-1468	
-5934	-2845	8803	2178	-702	-1488	
-6016	-2739	8779	2172	-678	-1509	
-6097	-2635	8756	2165	-651	-1528	
-6177	-2529	8731	2159	-624	-1548	
-6256	-2423	8705	2152	-598	-1569	
-6334	-2318	8677	2146	-572	-1587	
-6412	-2210	8647	2139	-546	-1606	
-6489	-2104	8617	2130	-518	-1626	
-6564	-1997	8586	2122	-492	-1644	
-6636	-1889	8552	2114	-466	-1662	
-6710	-1783	8518	2106	-438	-1680	
-6784	-1675	8483	2096	-411	-1698	
-6854	-1566	8447	2086	-383	-1717	
-6924	-1458	8408	2079	-357	-1734	
-6994	-1349	8368	2067	-330	-1751	
-7063	-1241	8328	2058	-303	-1767	
-7130	-1131	8287	2047	-276	-1783	
-7195	-1022	8243	2035	-250	-1800	
-7262	-912	8199	2025	-223	-1817	
-7325	-803	8153	2013	-196	-1833	
-7387	-693	8106	2001	-169	-1847	
-7449	-584	8059	1989	-142	-1863	
-7510	-474	8010	1977	-117	-1878	
-7570	-364	7959	1966	-91	-1893	
-7629	-254	7907	1951	-66	-1908	
-7685	-144	7854	1937	-40	-1922	
-7740	-34	7800	1925	-13	-1937	
-7796	75	7745	1910	11	-1950	
-7848	186	7688	1896	38	-1962	
-7901	296	7631	1882	66	-1975	
-7953	406	7572	1867	98	-1988	
-8003	516	7512	1853	134	-1999	
-8051	626	7452	1837	169	-2012	
-8099	735	7389	1821	199	-2023	
-8147	845	7326	1806	224	-2035	
-8191	955	7262	1790	247	-2046	
-8234	1064	7197	1774	270	-2057	
-8278	1173	7131	1756	297	-2068	
-8318	1281	7062	1741	328	-2077	
-8359	1390	6994	1723	355	-2087	
-8398	1499	6925	1704	382	-2098	
-8435	1608	6853	1688	409	-2106	
-8472	1716	6782	1670	435	-2114	
-8507	1823	6709	1651	462	-2123	
-8541	1931	6636	1633	489	-2131	
-8574	2038	6560	1615	518	-2139	
-8605	2146	6485	1596	544	-2148	
-8634	2252	6409	1575	569	-2156	
-8663	2358	6331	1558	597	-2161	
-8691	2464	6252	1538	623	-2168	
-8719	2570	6172	1516	649	-2176	
-8744	2675	6092	1497	677	-2181	
-8766	2780	6010	1477	702	-2187	
-8788	2885	5929	1456	727	-2192	
-8808	2987	5845	1436	754	-2197	
-8828	3091	5761	1415	779	-2202	
-8846	3195	5675	1394	805	-2207	
-8864	3298	5590	1373	831	-2210	
-8880	3399	5504	1352	856	-2213	
-8893	3500	5415	1329	882	-2217	
-8906	3601	5328	1307	907	-2220	
-8918	3702	5239	1285	932	-2223	
-8929	3802	5149	1262	957	-2225	
-8937	3902	5059	1240	980	-2227	
-8944	4002	4966	1218	1007	-2228	
-8951	4099	4875	1194	1031	-2231	
-8955	4197	4782	1171	1055	-2232	
-8959	4293	4688	1149	1079	-2231	
-8962	4390	4594	1125	1103	-2233	
-8961	4486	4498	1102	1127	-2232	
-8961	4579	4403	1077	1150	-2232	
-8960	4674	4307	1053	1174	-2232	
-8956	4768	4210	1029	1198	-2229	
-8950	4861	4113	1004	1221	-2229	
-8944	4953	4014	982	1244	-2227	
-8937	5045	3915	956	1265	-2226	
-8929	5137	3815	932	1288	-2223	
-8920	5225	3715	908	1313	-2220	
-8907	5314	3615	880	1333	-2218	
-8894	5403	3514	856	1353	-2214	
-8880	5490	3412	831	1378	-2209	
-8864	5577	3310	806	1398	-2205	
-8849	5662	3207	781	1421	-2202	
-8830	5748	3104	755	1441	-2198	
-8811	5831	3001	729	1461	-2192	
-8790	5915	2897	704	1483	-2186	
-8768	5998	2791	678	1503	-2181	
-8745	6078	2687	653	1522	-2174	
-8720	6159	2583	625	1542	-2169	
-8695	6238	2477	599	1564	-2161	
-8667	6317	2370	575	1583	-2154	
-8638	6395	2263	547	1600	-2148	
-8608	6472	2156	521	1620	-2138	
-8577	6547	2049	495	1639	-2131	
-8545	6622	1941	468	1658	-2123	
-8512	6696	1833	442	1676	-2114	
-8477	6768	1725	414	1694	-2106	
-8440	6840	1616	388	1711	-2096	
-8404	6912	1508	362	1729	-2087	
-8364	6981	1400	336	1747	-2077	
-8324	7050	1290	308	1764	-2067	
-8283	7117	1182	280	1780	-2058	
-8240	7184	1073	256	1798	-2047	
-8196	7250	963	229	1814	-2036	
-8151	7314	853	201	1828	-2025	
-8105	7377	743	177	1845	-2012	
-8057	7438	634	150	1860	-1999	
-8009	7499	525	124	1875	-1987	
-7957	7560	414	98	1890	-1975	
-7907	7619	303	72	1903	-1962	
-7856	7676	194	48	1919	-1949	
-7802	7733	83	20	1933	-1935	
-7747	7788	-27	-9	1946	-1921	
-7690	7842	-136	-41	1959	-1908	
-7634	7895	-247	-77	1971	-1894	
-7576	7947	-357	-109	1986	-1880	
-7516	7997	-467	-139	1998	-1864	
-7457	8047	-577	-164	2009	-1849	
-7395	8095	-686	-184	2022	-1833	
-7333	8142	-795	-210	2034	-1818	
-7268	8188	-906	-239	2045	-1802	
-7204	8231	-1015	-266	2055	-1785	
-7139	8275	-1125	-295	2065	-1769	
-7071	8317	-1234	-322	2076	-1751	
-7003	8357	-1342	-347	2086	-1734	
-6933	8396	-1452	-374	2096	-1716	
-6863	8435	-1560	-402	2105	-1699	
-6794	8473	-1668	-429	2114	-1681	
-6721	8508	-1775	-454	2123	-1662	
-6648	8542	-1883	-483	2131	-1645	
-6574	8575	-1991	-509	2139	-1626	
-6497	8607	-2098	-535	2147	-1606	
-6422	8638	-2206	-563	2154	-1589	
-6345	8666	-2312	-589	2160	-1571	
-6268	8694	-2418	-616	2168	-1550	
-6188	8721	-2525	-642	2175	-1529	
-6107	8748	-2631	-668	2181	-1509	
-6026	8771	-2735	-694	2188	-1488	
-5945	8792	-2840	-719	2193	-1467	
-5862	8814	-2944	-745	2197	-1447	
-5778	8834	-3048	-770	2202	-1426	
-5695	8853	-3151	-796	2208	-1405	
-5610	8870	-3254	-822	2210	-1385	
-5524	8887	-3358	-847	2213	-1363	
-5436	8902	-3458	-872	2218	-1340	
-5349	8914	-3559	-897	2222	-1318	
-5260	8927	-3661	-923	2225	-1296	
-5171	8937	-3761	-948	2226	-1273	
-5081	8946	-3861	-971	2228	-1251	
-4989	8954	-3961	-995	2230	-1228	
-4900	8961	-4059	-1021	2233	-1205	
-4807	8966	-4157	-1044	2234	-1182	
-4713	8970	-4254	-1069	2233	-1159	
-4620	8972	-4351	-1093	2234	-1136	
-4526	8974	-4447	-1116	2235	-1112	
-4431	8974	-4542	-1140	2234	-1088	
-4334	8973	-4638	-1164	2234	-1063	
-4238	8970	-4731	-1186	2232	-1039	
-4140	8966	-4823	-1210	2231	-1015	
-4042	8960	-4917	-1233	2230	-991	
-3944	8953	-5008	-1255	2228	-966	
-3844	8945	-5100	-1277	2226	-941	
-3745	8936	-5190	-1299	2223	-916	
-3645	8924	-5279	-1322	2220	-891	
-3543	8911	-5368	-1344	2216	-866	
-3443	8898	-5456	-1365	2214	-841	
-3340	8883	-5543	-1386	2210	-815	
-3239	8868	-5628	-1408	2206	-790	
-3137	8849	-5714	-1430	2200	-764	
-3033	8830	-5799	-1450	2194	-738	
-2928	8810	-5883	-1470	2191	-713	
-2824	8788	-5966	-1491	2184	-687	
-2722	8767	-6047	-1511	2179	-660	
-2615	8742	-6128	-1531	2172	-634	
-2508	8716	-6209	-1551	2165	-608	
-2403	8689	-6289	-1570	2160	-581	
-2297	8660	-6366	-1589	2153	-555	
-2193	8631	-6442	-1607	2145	-528	
-2086	8601	-6519	-1627	2136	-501	
-1980	8569	-6593	-1645	2128	-475	
-1873	8536	-6668	-1662	2121	-448	
-1765	8501	-6741	-1682	2111	-422	
-1658	8465	-6814	-1699	2102	-395	
-1550	8427	-6885	-1717	2093	-367	
-1442	8389	-6955	-1734	2083	-340	
-1332	8350	-7024	-1751	2073	-315	
-1223	8309	-7093	-1768	2063	-288	
-1116	8266	-7160	-1784	2051	-261	
-1006	8223	-7225	-1801	2041	-234	
-897	8178	-7291	-1816	2029	-207	
-787	8132	-7354	-1832	2016	-181	
-678	8085	-7416	-1847	2005	-154	
-566	8037	-7478	-1862	1993	-128	
-455	7987	-7538	-1877	1981	-102	
-347	7937	-7597	-1892	1967	-77	
-238	7885	-7655	-1906	1954	-51	
-128	7832	-7713	-1920	1941	-26	
-18	7777	-7768	-1934	1926	-3	
92	7721	-7822	-1947	1913	22	
201	7665	-7876	-1960	1899	49	
311	7607	-7929	-1973	1885	81	
421	7549	-7979	-1985	1870	118	
531	7488	-8029	-1997	1853	157	
640	7427	-8078	-2008	1838	193	
748	7365	-8125	-2019	1824	218	
858	7301	-8170	-2031	1808	236	
968	7237	-8216	-2042	1791	259	
1077	7171	-8261	-2053	1774	283	
1186	7105	-8302	-2064	1756	313	
1297	7036	-8344	-2074	1740	344	
1405	6967	-8384	-2084	1723	371	
1511	6899	-8422	-2093	1704	398	
1621	6827	-8459	-2101	1687	424	
1730	6755	-8495	-2111	1669	450	
1837	6682	-8531	-2120	1651	477	
1944	6609	-8566	-2127	1632	504	
2052	6533	-8597	-2134	1613	532	
2159	6457	-8628	-2142	1594	557	
2265	6381	-8657	-2150	1576	583	
2371	6302	-8686	-2157	1556	612	
2475	6224	-8713	-2164	1535	637	
2582	6144	-8739	-2170	1514	664	
2685	6064	-8764	-2176	1495	690	
2789	5982	-8786	-2182	1474	715	
2894	5899	-8809	-2186	1453	741	
2998	5816	-8829	-2192	1433	768	
3101	5731	-8848	-2195	1411	794	
3202	5647	-8866	-2199	1390	818	
3306	5561	-8882	-2204	1368	845	
3409	5474	-8898	-2205	1348	871	
3508	5387	-8910	-2210	1326	895	
3609	5298	-8924	-2214	1303	920	
3710	5209	-8936	-2215	1281	945	
3810	5119	-8944	-2219	1257	970	
3909	5028	-8954	-2220	1235	995	
4006	4937	-8960	-2222	1212	1018	
4105	4844	-8965	-2224	1189	1044	
4202	4751	-8970	-2224	1166	1068	
4297	4658	-8973	-2225	1142	1092	
4394	4563	-8976	-2224	1118	1116	
4490	4469	-8975	-2224	1094	1140	
4585	4373	-8974	-2224	1070	1163	
4679	4275	-8972	-2221	1047	1187	
4772	4179	-8968	-2222	1022	1209	
4865	4082	-8963	-2220	998	1232	
4957	3983	-8956	-2218	974	1256	
5047	3884	-8949	-2218	947	1278	
5137	3784	-8941	-2215	922	1300	
5226	3685	-8929	-2211	898	1323	
5314	3584	-8917	-2208	873	1345	
5402	3483	-8904	-2205	848	1367	
5491	3381	-8890	-2201	821	1389	
5577	3278	-8875	-2197	796	1410	
5662	3176	-8856	-2193	770	1431	
5747	3073	-8838	-2187	745	1453	
5830	2969	-8818	-2183	720	1473	
5911	2866	-8796	-2179	693	1492	
5994	2760	-8774	-2170	668	1513	
6076	2656	-8750	-2165	641	1534	
6154	2551	-8725	-2160	614	1553	
6234	2445	-8700	-2151	588	1573	
6312	2339	-8671	-2145	562	1594	
6391	2233	-8642	-2138	536	1612	
6467	2126	-8612	-2130	508	1631	
6541	2018	-8580	-2121	483	1649	
6615	1911	-8548	-2113	456	1667	
6687	1804	-8512	-2106	428	1686	
6760	1695	-8477	-2095	403	1705	
6833	1587	-8440	-2086	376	1723	
6904	1479	-8402	-2078	349	1738	
6973	1370	-8362	-2065	323	1757	
7040	1262	-8322	-2057	295	1773	
7106	1153	-8280	-2047	268	1789	
7172	1043	-8237	-2035	241	1805	
7239	934	-8193	-2026	215	1821	
7302	824	-8148	-2012	189	1839	
7364	715	-8101	-2000	162	1853	
7426	606	-8053	-1990	136	1868	
7487	496	-8003	-1976	111	1884	
7546	386	-7952	-1965	84	1898	
7604	274	-7901	-1949	59	1914	
7663	165	-7848	-1936	34	1927	
7717	56	-7793	-1925	6	1940	
7772	-55	-7739	-1909	-22	1955	
7827	-165	-7682	-1897	-56	1967	
7879	-274	-7625	-1882	-94	1980	
7931	-385	-7567	-1866	-129	1993	
7981	-495	-7507	-1853	-158	2005	
8028	-605	-7446	-1837	-179	2017	
8076	-714	-7384	-1822	-201	2029	
8123	-823	-7320	-1805	-227	2041	
8167	-933	-7256	-1789	-255	2053	
8212	-1043	-7191	-1774	-284	2063	
8256	-1151	-7126	-1755	-312	2075	
8296	-1261	-7057	-1738	-338	2085	
8336	-1369	-6987	-1722	-364	2093	
8374	-1477	-6918	-1704	-392	2103	
8413	-1586	-6847	-1686	-421	2113	
8449	-1694	-6776	-1669	-448	2121	
8483	-1802	-6703	-1652	-475	2130	
8519	-1908	-6629	-1632	-501	2138	
8551	-2015	-6555	-1613	-527	2146	
8583	-2124	-6479	-1596	-555	2153	
8612	-2230	-6401	-1575	-580	2162	
8641	-2336	-6324	-1556	-607	2169	
8668	-2442	-6247	-1537	-635	2175	
8694	-2547	-6167	-1516	-660	2182	
8718	-2653	-6086	-1497	-686	2186	
8742	-2758	-6004	-1475	-712	2193	
8766	-2862	-5922	-1455	-738	2199	
8785	-2966	-5839	-1436	-766	2203	
8805	-3070	-5755	-1415	-790	2208	
8823	-3173	-5670	-1394	-817	2211	
8840	-3275	-5584	-1373	-843	2216	
8857	-3378	-5498	-1350	-868	2219	
8869	-3479	-5410	-1329	-894	2223	
8882	-3580	-5322	-1306	-918	2227	
8894	-3681	-5233	-1284	-943	2229	
8905	-3780	-5143	-1262	-968	2231	
8914	-3880	-5052	-1238	-992	2234	
8922	-3979	-4961	-1217	-1018	2234	
8929	-4077	-4868	-1193	-1041	2237	
8931	-4175	-4776	-1169	-1065	2237	
8934	-4271	-4682	-1148	-1091	2238	
8937	-4367	-4588	-1124	-1115	2239	
8940	-4463	-4493	-1100	-1138	2238	
8937	-4559	-4397	-1077	-1162	2237	
8935	-4653	-4302	-1053	-1185	2237	
8933	-4746	-4204	-1029	-1208	2236	
8927	-4840	-4106	-1005	-1231	2235	
8922	-4932	-4008	-980	-1255	2232	
8914	-5023	-3909	-955	-1277	2231	
8905	-5114	-3810	-930	-1300	2228	
8896	-5204	-3708	-906	-1322	2225	
8884	-5293	-3608	-881	-1342	2223	
8871	-5381	-3507	-856	-1365	2219	
8857	-5469	-3405	-831	-1389	2216	
8841	-5555	-3304	-806	-1410	2212	
8824	-5642	-3202	-780	-1431	2207	
8807	-5726	-3098	-755	-1452	2202	
8788	-5810	-2994	-730	-1473	2196	
8767	-5894	-2889	-702	-1494	2192	
8744	-5975	-2785	-676	-1514	2186	
8720	-6057	-2680	-652	-1535	2179	
8696	-6137	-2575	-624	-1554	2174	
8670	-6217	-2469	-598	-1573	2167	
8643	-6296	-2361	-572	-1593	2161	
8614	-6374	-2256	-544	-1611	2154	
8584	-6451	-2150	-520	-1632	2145	
8553	-6526	-2042	-495	-1651	2137	
8521	-6601	-1934	-466	-1669	2129	
8488	-6674	-1827	-440	-1687	2120	
8453	-6748	-1719	-414	-1705	2111	
8416	-6819	-1610	-387	-1723	2102	
8379	-6889	-1502	-360	-1741	2093	
8341	-6960	-1394	-334	-1758	2083	
8300	-7028	-1285	-307	-1775	2073	
8258	-7095	-1175	-279	-1790	2064	
8217	-7163	-1066	-254	-1808	2051	
8172	-7227	-957	-226	-1823	2040	
8127	-7292	-846	-197	-1838	2031	
8081	-7355	-736	-174	-1856	2017	
8034	-7417	-627	-147	-1872	2005	
7986	-7478	-517	-120	-1886	1993	
7936	-7538	-406	-94	-1901	1980	
7883	-7597	-297	-68	-1915	1968	
7831	-7655	-187	-43	-1929	1954	
7779	-7712	-77	-17	-1943	1941	
7724	-7767	33	9	-1957	1927	
7669	-7821	144	35	-1971	1914	
7611	-7874	253	63	-1983	1899	
7553	-7925	363	93	-1996	1883	
7494	-7977	474	126	-2008	1869	
7432	-8026	583	160	-2020	1854	
7373	-8073	693	189	-2033	1839	
7310	-8120	802	216	-2045	1822	
7245	-8166	912	242	-2056	1806	
7180	-8211	1022	265	-2066	1789	
7115	-8254	1131	292	-2077	1772	
7048	-8296	1241	320	-2087	1757	
6979	-8337	1349	347	-2097	1739	
6910	-8376	1459	374	-2107	1721	
6839	-8414	1568	401	-2116	1705	
6769	-8451	1675	429	-2124	1686	
6698	-8486	1783	455	-2134	1668	
6624	-8521	1891	483	-2142	1650	
6550	-8554	1999	509	-2149	1632	
6473	-8586	2106	534	-2158	1612	
6398	-8617	2214	561	-2166	1593	
6321	-8646	2322	588	-2173	1573	
6244	-8674	2427	615	-2179	1553	
6165	-8701	2533	641	-2186	1535	
6084	-8726	2638	666	-2192	1514	
6003	-8749	2744	693	-2198	1493	
5922	-8772	2848	719	-2204	1473	
5839	-8794	2952	745	-2210	1452	
5755	-8814	3056	771	-2213	1431	
5671	-8832	3159	796	-2217	1410	
5587	-8850	3262	822	-2221	1390	
5500	-8866	3364	847	-2226	1367	
5413	-8881	3466	871	-2230	1345	
5326	-8894	3569	897	-2232	1323	
5237	-8906	3669	921	-2235	1302	
5147	-8917	3769	945	-2237	1280	
5056	-8926	3868	971	-2239	1257	
4967	-8934	3968	995	-2242	1234	
4876	-8940	4066	1020	-2243	1211	
4784	-8946	4164	1044	-2244	1187	
4689	-8950	4261	1068	-2243	1165	
4596	-8952	4359	1093	-2244	1142	
4502	-8953	4454	1116	-2246	1117	
4406	-8953	4549	1140	-2245	1093	
4310	-8952	4644	1164	-2245	1070	
4214	-8950	4738	1186	-2244	1045	
4116	-8945	4832	1208	-2243	1021	
4018	-8938	4925	1231	-2241	996	
3921	-8932	5016	1254	-2239	972	
3822	-8924	5106	1277	-2237	947	
3721	-8915	5197	1299	-2234	922	
3622	-8904	5287	1322	-2232	898	
3520	-8891	5375	1343	-2229	872	
3419	-8878	5463	1365	-2224	847	
3318	-8862	5551	1387	-2220	821	
3215	-8846	5636	1409	-2216	795	
3113	-8829	5722	1429	-2210	771	
3009	-8810	5806	1450	-2206	745	
2905	-8790	5889	1469	-2201	718	
2801	-8768	5972	1489	-2195	694	
2698	-8745	6054	1510	-2189	667	
2593	-8721	6135	1531	-2183	641	
2487	-8696	6216	1550	-2176	614	
2381	-8668	6295	1570	-2170	587	
2276	-8640	6372	1589	-2162	561	
2170	-8611	6450	1607	-2155	535	
2064	-8580	6526	1627	-2147	508	
1958	-8548	6601	1645	-2138	481	
1849	-8514	6676	1664	-2129	455	
1741	-8480	6748	1683	-2120	429	
1634	-8444	6820	1699	-2112	401	
1526	-8407	6892	1717	-2104	374	
1417	-8369	6962	1735	-2093	348	
1307	-8328	7031	1751	-2082	322	
1199	-8288	7099	1768	-2072	295	
1091	-8246	7166	1784	-2062	269	
981	-8202	7232	1800	-2052	243	
871	-8157	7297	1816	-2040	215	
761	-8112	7360	1831	-2028	188	
652	-8064	7424	1848	-2015	162	
543	-8016	7485	1864	-2002	136	
432	-7966	7545	1878	-1990	111	
323	-7915	7605	1892	-1977	85	
214	-7864	7662	1906	-1964	61	
105	-7811	7719	1920	-1951	37	
-6	-7756	7775	1934	-1939	12	
-115	-7700	7829	1948	-1924	-16	
-225	-7644	7883	1960	-1909	-50	
-337	-7588	7936	1971	-1896	-90	
-445	-7528	7987	1984	-1880	-134	
-556	-7468	8036	1997	-1865	-165	
-664	-7405	8084	2009	-1850	-184	
-774	-7343	8131	2022	-1833	-200	
-885	-7281	8177	2033	-1816	-223	
-992	-7216	8223	2044	-1800	-253	
-1103	-7150	8266	2054	-1784	-283	
-1213	-7083	8309	2064	-1768	-312	
-1321	-7016	8350	2074	-1750	-338	
-1427	-6947	8390	2084	-1733	-365	
-1537	-6877	8429	2093	-1716	-391	
-1646	-6806	8466	2103	-1697	-419	
-1752	-6734	8502	2111	-1679	-447	
-1859	-6661	8537	2120	-1662	-472	
-1965	-6587	8571	2128	-1642	-500	
-2073	-6512	8603	2136	-1624	-526	
-2178	-6436	8634	2143	-1605	-553	
-2284	-6360	8664	2150	-1584	-580	
-2393	-6282	8692	2158	-1566	-606	
-2496	-6203	8719	2164	-1545	-633	
-2600	-6122	8745	2170	-1526	-659	
-2707	-6043	8769	2176	-1506	-685	
-2812	-5961	8792	2180	-1484	-711	
-2916	-5878	8814	2186	-1464	-737	
-3020	-5795	8834	2191	-1443	-762	
-3122	-5711	8855	2195	-1421	-788	
-3225	-5626	8872	2200	-1400	-814	
-3329	-5541	8888	2204	-1379	-839	
-3430	-5453	8904	2207	-1357	-865	
-3532	-5365	8917	2211	-1334	-891	
-3632	-5278	8929	2214	-1312	-915	
-3732	-5187	8941	2216	-1290	-940	
-3831	-5098	8951	2219	-1268	-965	
-3931	-5008	8959	2220	-1246	-989	
-4029	-4916	8965	2222	-1222	-1014	
-4126	-4824	8972	2223	-1198	-1038	
-4223	-4731	8975	2224	-1175	-1063	
-4321	-4637	8979	2225	-1152	-1087	
-4417	-4542	8981	2224	-1129	-1110	
-4512	-4448	8980	2224	-1104	-1135	
-4607	-4352	8980	2224	-1081	-1158	
-4700	-4255	8977	2222	-1057	-1182	
-4793	-4159	8974	2223	-1031	-1205	
-4887	-4061	8968	2221	-1007	-1228	
-4979	-3962	8962	2220	-983	-1250	
-5069	-3863	8954	2218	-959	-1272	
-5159	-3763	8945	2214	-934	-1296	
-5249	-3663	8935	2212	-907	-1317	
-5336	-3562	8923	2208	-883	-1340	
-5426	-3462	8909	2205	-858	-1362	
-5513	-3360	8895	2200	-832	-1383	
-5599	-3257	8878	2197	-807	-1405	
-5683	-3154	8862	2193	-781	-1426	
-5767	-3051	8844	2187	-756	-1447	
-5853	-2948	8823	2182	-730	-1468	
-5935	-2843	8803	2178	-701	-1488	
-6017	-2739	8781	2172	-677	-1508	
-6098	-2634	8756	2166	-651	-1529	
-6177	-2528	8731	2159	-624	-1548	
-6257	-2423	8704	2152	-598	-1568	
-6334	-2318	8677	2145	-571	-1587	
-6412	-2210	8648	2137	-545	-1607	
-6489	-2103	8617	2129	-519	-1626	
-6563	-1997	8585	2122	-492	-1643	
-6638	-1889	8552	2114	-465	-1663	
-6712	-1781	8518	2105	-438	-1680	
-6785	-1674	8483	2095	-412	-1698	
-6855	-1566	8445	2086	-384	-1716	
-6926	-1457	8408	2078	-356	-1733	
-6995	-1349	8368	2067	-330	-1751	
-7062	-1241	8327	2058	-304	-1768	
-7129	-1131	8286	2048	-277	-1784	
-7196	-1021	8242	2035	-250	-1801	
-7262	-913	8199	2025	-222	-1816	
-7325	-802	8153	2013	-197	-1832	
-7387	-693	8106	2001	-171	-1848	
-7449	-585	8058	1989	-143	-1864	
-7509	-474	8009	1977	-116	-1878	
-7570	-363	7958	1964	-90	-1892	
-7628	-254	7907	1950	-66	-1908	
-7685	-143	7854	1938	-38	-1921	
-7741	-32	7799	1925	-14	-1935	
-7795	77	7745	1909	11	-1949	
-7849	187	7688	1897	39	-1961	
-7902	297	7630	1882	66	-1974	
-7952	406	7571	1867	98	-1988	
-8002	517	7512	1853	133	-2000	
-8052	627	7451	1838	169	-2012	
-8100	736	7388	1822	199	-2024	
-8146	845	7326	1807	223	-2035	
-8191	955	7262	1790	247	-2045	
-8235	1065	7197	1773	271	-2056	
-8277	1174	7130	1756	296	-2069	
-8318	1282	7062	1740	327	-2078	
-8359	1391	6993	1723	357	-2087	
-8398	1500	6923	1704	382	-2098	
-8436	1608	6854	1688	409	-2107	
-8472	1716	6782	1669	435	-2116	
-8507	1823	6709	1652	462	-2124	
-8542	1931	6635	1633	490	-2132	
-8575	2038	6560	1614	517	-2140	
-8606	2146	6485	1597	545	-2147	
-8635	2253	6408	1576	570	-2155	
-8664	2358	6330	1557	596	-2162	
-8691	2465	6251	1538	622	-2168	
-8718	2570	6173	1517	648	-2176	
-8742	2674	6091	1497	677	-2182	
-8765	2780	6009	1476	702	-2187	
-8789	2885	5928	1455	727	-2192	
-8809	2988	5844	1436	755	-2197	
-8827	3092	5760	1414	780	-2202	
-8848	3195	5675	1394	805	-2206	
-8865	3297	5590	1374	832	-2209	
-8878	3401	5503	1351	857	-2214	
-8892	3501	5416	1329	882	-2217	
-8907	3602	5328	1307	908	-2220	
-8918	3703	5239	1285	932	-2222	
-8929	3803	5150	1261	956	-2226	
-8937	3903	5058	1238	981	-2229	
-8944	4001	4966	1218	1007	-2228	
-8950	4099	4874	1193	1030	-2231	
-8955	4197	4781	1172	1055	-2232	
-8959	4294	4688	1150	1080	-2231	
-8962	4390	4593	1124	1103	-2232	
-8962	4486	4498	1101	1127	-2233	
-8960	4580	4403	1077	1150	-2233	
-8959	4675	4308	1054	1173	-2231	
-8956	4768	4211	1031	1198	-2230	
-8951	4862	4113	1006	1221	-2229	
-8944	4955	4014	981	1244	-2227	
-8937	5045	3914	955	1265	-2225	
-8929	5136	3815	930	1288	-2224	
-8918	5226	3715	908	1312	-2220	
-8907	5315	3614	881	1333	-2217	
-8894	5404	3514	857	1355	-2213	
-8880	5491	3412	833	1377	-2208	
-8864	5577	3309	806	1398	-2206	
-8849	5663	3207	782	1420	-2201	
-8831	5748	3105	754	1441	-2196	
-8810	5833	3000	729	1461	-2192	
-8789	5915	2897	705	1482	-2185	
-8768	5997	2792	677	1503	-2180	
-8745	6079	2687	652	1523	-2175	
-8720	6160	2582	625	1543	-2168	
-8694	6238	2476	600	1563	-2163	
-8667	6318	2370	574	1583	-2154	
-8638	6396	2263	545	1601	-2147	
-8608	6471	2156	521	1620	-2140	
-8577	6548	2048	495	1640	-2131	
-8545	6623	1941	468	1658	-2124	
-8512	6696	1834	442	1676	-2114	
-8476	6769	1725	415	1695	-2106	
-8440	6840	1617	389	1713	-2098	
-8404	6912	1508	362	1730	-2087	
-8365	6981	1400	335	1747	-2077	
-8325	7050	1291	308	1764	-2067	
-8283	7118	1181	280	1779	-2057	
-8240	7183	1072	256	1798	-2045	
-8195	7249	963	228	1814	-2035	
-8150	7314	853	201	1829	-2025	
-8104	7377	742	176	1845	-2011	
-8058	7439	634	151	1861	-1999	
-8009	7500	524	124	1875	-1987	
-7957	7560	413	98	1889	-1975	
-7908	7619	304	73	1904	-1962	
-7856	7677	194	47	1919	-1949	
-7801	7733	84	20	1933	-1935	
-7746	7788	-27	-8	1947	-1920	
-7690	7842	-137	-41	1959	-1908	
-7633	7895	-247	-77	1971	-1895	
-7576	7947	-358	-109	1986	-1878	
-7517	7998	-468	-138	1998	-1864	
-7456	8047	-577	-164	2009	-1849	
-7395	8095	-687	-185	2022	-1832	
-7331	8142	-798	-210	2033	-1818	
-7268	8187	-906	-239	2044	-1801	
-7205	8232	-1016	-267	2055	-1784	
-7138	8276	-1125	-295	2066	-1768	
-7071	8317	-1234	-322	2077	-1751	
-7002	8358	-1343	-348	2086	-1734	
-6932	8397	-1452	-375	2096	-1717	
-6862	8435	-1560	-403	2105	-1699	
-6792	8473	-1669	-430	2114	-1682	
-6720	8508	-1777	-455	2124	-1662	
-6647	8542	-1884	-483	2131	-1645	
-6573	8576	-1991	-510	2139	-1627	
-6498	8607	-2099	-535	2148	-1607	
-6422	8638	-2206	-563	2155	-1588	
-6345	8667	-2313	-589	2161	-1568	
-6267	8695	-2419	-615	2168	-1548	
-6187	8721	-2525	-641	2175	-1528	
-6107	8747	-2631	-667	2182	-1507	
-6027	8770	-2737	-694	2187	-1487	
-5945	8793	-2841	-718	2192	-1468	
-5862	8815	-2945	-746	2198	-1447	
-5778	8834	-3048	-771	2203	-1426	
-5694	8854	-3152	-795	2208	-1405	
-5610	8871	-3255	-823	2210	-1384	
-5524	8887	-3357	-848	2213	-1364	
-5437	8901	-3460	-873	2217	-1341	
-5349	8913	-3561	-899	2220	-1318	
-5260	8927	-3661	-922	2224	-1295	
-5170	8938	-3762	-947	2226	-1272	
-5081	8947	-3861	-973	2229	-1251	
-4990	8954	-3961	-996	2231	-1228	
-4899	8961	-4060	-1020	2231	-1205	
-4807	8967	-4157	-1044	2233	-1182	
-4714	8970	-4254	-1069	2234	-1158	
-4620	8972	-4352	-1092	2235	-1136	
-4525	8975	-4447	-1115	2235	-1111	
-4430	8974	-4542	-1140	2235	-1088	
-4333	8972	-4637	-1164	2234	-1064	
-4236	8970	-4732	-1186	2232	-1038	
-4140	8965	-4825	-1209	2232	-1014	
-4041	8959	-4917	-1232	2229	-990	
-3943	8954	-5009	-1255	2227	-965	
-3844	8945	-5099	-1278	2226	-941	
-3744	8935	-5190	-1300	2224	-917	
-3644	8924	-5281	-1322	2221	-891	
-3543	8912	-5369	-1343	2216	-867	
-3441	8898	-5457	-1365	2213	-841	
-3340	8883	-5543	-1386	2210	-814	
-3239	8867	-5629	-1408	2206	-790	
-3137	8849	-5715	-1429	2200	-764	
-3031	8831	-5800	-1451	2194	-740	
-2927	8810	-5883	-1470	2190	-712	
-2824	8787	-5965	-1491	2184	-686	
-2720	8766	-6047	-1511	2178	-659	
-2614	8741	-6128	-1531	2172	-634	
-2508	8716	-6209	-1550	2166	-609	
-2404	8688	-6288	-1570	2159	-581	
-2297	8661	-6366	-1590	2151	-554	
-2192	8632	-6443	-1608	2145	-528	
-2086	8601	-6520	-1627	2137	-502	
-1979	8569	-6595	-1646	2128	-475	
-1872	8535	-6669	-1663	2120	-448	
-1765	8501	-6742	-1682	2110	-422	
-1658	8465	-6814	-1699	2101	-395	
-1550	8427	-6885	-1717	2092	-369	
-1442	8389	-6955	-1735	2083	-342	
-1333	8350	-7023	-1751	2073	-315	
-1222	8309	-7093	-1769	2062	-288	
-1115	8266	-7160	-1785	2051	-261	
-1005	8223	-7225	-1800	2040	-234	
-896	8178	-7291	-1817	2029	-207	
-787	8133	-7354	-1831	2017	-181	
-675	8085	-7417	-1848	2006	-154	
-566	8037	-7478	-1863	1994	-128	
-455	7988	-7539	-1876	1981	-102	
-346	7937	-7598	-1892	1968	-75	
-237	7885	-7656	-1907	1953	-50	
-126	7832	-7714	-1919	1941	-26	
-16	7778	-7768	-1934	1926	-2	
93	7721	-7823	-1947	1912	22	
201	7664	-7876	-1960	1898	49	
311	7607	-7928	-1973	1884	80	
421	7549	-7980	-1984	1870	118	
531	7489	-8030	-1997	1854	157	
641	7426	-8078	-2008	1839	192	
749	7364	-8125	-2020	1824	217	
858	7301	-8171	-2032	1807	236	
968	7237	-8217	-2042	1791	259	
1079	7171	-8260	-2054	1773	284	
1188	7104	-8302	-2064	1755	314	
1297	7036	-8344	-2073	1740	344	
1405	6967	-8384	-2085	1723	371	
1512	6897	-8422	-2093	1704	398	
1621	6826	-8460	-2103	1686	424	
1731	6755	-8497	-2111	1669	450	
1838	6682	-8532	-2119	1651	477	
1945	6608	-8566	-2128	1631	505	
2052	6533	-8598	-2135	1613	532	
2159	6456	-8628	-2143	1595	557	
2265	6381	-8657	-2150	1575	584	
2371	6303	-8687	-2157	1556	612	
2475	6224	-8714	-2164	1535	638	
2581	6144	-8739	-2169	1515	664	
2686	6062	-8764	-2175	1495	690	
2789	5981	-8787	-2182	1474	716	
2895	5900	-8809	-2186	1453	741	
2998	5815	-8829	-2192	1433	767	
3101	5731	-8848	-2196	1413	794	
3204	5646	-8866	-2200	1390	819	
3305	5561	-8882	-2204	1368	845	
3409	5473	-8897	-2206	1347	871	
3509	5386	-8911	-2211	1325	895	
3609	5298	-8924	-2213	1303	921	
3712	5209	-8935	-2216	1281	947	
3809	5120	-8944	-2218	1257	971	
3908	5028	-8953	-2219	1234	994	
4007	4936	-8960	-2223	1212	1019	
4105	4844	-8966	-2222	1188	1044	
4203	4751	-8970	-2223	1165	1068	
4299	4658	-8973	-2225	1142	1092	
4394	4562	-8976	-2223	1118	1115	
4490	4468	-8975	-2224	1093	1139	
4585	4372	-8973	-2223	1069	1163	
4679	4275	-8972	-2223	1046	1187	
4773	4179	-8968	-2222	1023	1209	
4864	4081	-8963	-2219	999	1233	
4956	3983	-8957	-2218	973	1256	
5047	3884	-8949	-2217	948	1277	
5138	3783	-8940	-2214	923	1300	
5228	3683	-8930	-2212	897	1323	
5315	3584	-8917	-2209	873	1344	
5403	3482	-8904	-2206	847	1366	
5491	3380	-8889	-2202	821	1389	
5577	3278	-8874	-2196	797	1410	
5662	3176	-8857	-2193	771	1432	
5748	3072	-8837	-2187	746	1453	
5830	2969	-8818	-2182	720	1474	
5911	2865	-8797	-2177	693	1493	
5994	2760	-8774	-2172	668	1514	
6074	2655	-8750	-2165	641	1534	
6156	2549	-8725	-2159	614	1554	
6235	2444	-8699	-2153	589	1574	
6311	2338	-8671	-2145	561	1592	
6391	2232	-8642	-2138	535	1612	
6467	2125	-8611	-2130	509	1631	
6542	2017	-8579	-2121	482	1649	
6616	1911	-8546	-2113	456	1668	
6688	1803	-8512	-2105	429	1686	
6762	1695	-8477	-2095	402	1705	
6833	1587	-8439	-2086	376	1722	
6903	1478	-8402	-2077	349	1739	
6973	1370	-8364	-2066	323	1757	
7040	1261	-8322	-2056	296	1773	
7108	1152	-8281	-2046	268	1789	
7174	1044	-8237	-2036	241	1805	
7238	934	-8192	-2024	214	1822	
7303	823	-8148	-2013	188	1838	
7364	714	-8100	-2000	163	1854	
7427	604	-8052	-1989	136	1869	
7490	495	-8004	-1977	109	1883	
7547	384	-7953	-1964	84	1899	
7606	275	-7901	-1950	59	1915	
7663	165	-7848	-1937	34	1927	
7718	54	-7794	-1924	6	1941	
7773	-56	-7738	-1908	-22	1955	
7827	-166	-7683	-1896	-57	1968	
7879	-275	-7625	-1883	-95	1981	
7931	-386	-7565	-1867	-130	1994	
7981	-495	-7507	-1852	-158	2006	
8027	-605	-7445	-1837	-179	2017	
8076	-716	-7383	-1822	-200	2030	
8124	-825	-7320	-1806	-226	2040	
8168	-934	-7257	-1789	-255	2051	
8212	-1043	-7190	-1772	-284	2064	
8256	-1152	-7124	-1755	-312	2074	
8296	-1261	-7057	-1738	-340	2083	
8336	-1370	-6988	-1721	-365	2092	
8376	-1477	-6918	-1703	-392	2104	
8413	-1586	-6847	-1688	-421	2112	
8449	-1695	-6776	-1670	-448	2121	
8484	-1802	-6703	-1650	-475	2130	
8518	-1909	-6629	-1632	-502	2137	
8552	-2016	-6554	-1614	-528	2146	
8583	-2124	-6478	-1595	-555	2154	
8613	-2230	-6402	-1576	-581	2161	
8641	-2337	-6324	-1557	-608	2167	
8668	-2443	-6245	-1536	-633	2173	
8694	-2548	-6166	-1515	-659	2182	
8719	-2653	-6085	-1497	-687	2187	
8742	-2758	-6004	-1476	-713	2193	
8765	-2863	-5922	-1455	-738	2199	
8786	-2967	-5838	-1437	-766	2202	
8805	-3070	-5755	-1415	-791	2208	
8823	-3174	-5669	-1394	-816	2212	
8841	-3276	-5585	-1374	-843	2216	
8858	-3378	-5499	-1350	-868	2220	
8870	-3480	-5409	-1329	-893	2222	
8883	-3580	-5321	-1307	-918	2226	
8896	-3681	-5233	-1284	-943	2229	
8906	-3781	-5142	-1262	-967	2231	
8913	-3880	-5051	-1238	-992	2234	
8921	-3979	-4960	-1217	-1017	2235	
8927	-4078	-4868	-1192	-1040	2236	
8932	-4175	-4775	-1170	-1066	2238	
8936	-4271	-4682	-1148	-1091	2238	
8937	-4368	-4587	-1123	-1114	2238	
8939	-4464	-4492	-1100	-1138	2238	
8937	-4559	-4397	-1075	-1161	2238	
8935	-4653	-4300	-1053	-1185	2237	
8933	-4746	-4203	-1028	-1209	2236	
8928	-4839	-4106	-1003	-1231	2235	
8922	-4932	-4008	-980	-1254	2232	
8913	-5024	-3909	-954	-1278	2231	
8905	-5115	-3809	-931	-1300	2229	
8895	-5204	-3709	-907	-1322	2225	
8884	-5293	-3608	-879	-1343	2224	
8871	-5382	-3507	-855	-1366	2219	
8856	-5469	-3405	-832	-1389	2214	
8842	-5556	-3302	-806	-1410	2211	
8824	-5642	-3201	-780	-1431	2207	
8807	-5726	-3097	-755	-1452	2203	
8789	-5810	-2993	-729	-1473	2197	
8766	-5894	-2890	-703	-1493	2193	
8745	-5976	-2785	-677	-1514	2186	
8720	-6058	-2680	-651	-1535	2180	
8695	-6139	-2575	-624	-1554	2174	
8670	-6217	-2469	-598	-1573	2167	
8644	-6297	-2363	-572	-1593	2160	
8616	-6375	-2256	-545	-1612	2153	
8585	-6451	-2149	-520	-1632	2145	
8554	-6526	-2041	-494	-1651	2137	
8521	-6601	-1934	-467	-1669	2129	
8488	-6675	-1827	-440	-1688	2120	
8453	-6748	-1719	-413	-1706	2112	
8416	-6820	-1611	-387	-1724	2102	
8379	-6891	-1501	-359	-1741	2093	
8341	-6960	-1393	-333	-1759	2082	
8300	-7028	-1284	-307	-1776	2073	
8258	-7096	-1174	-278	-1791	2064	
8217	-7162	-1066	-253	-1808	2051	
8173	-7229	-957	-226	-1823	2041	
8128	-7293	-847	-198	-1839	2030	
8082	-7356	-736	-173	-1856	2017	
8033	-7418	-627	-146	-1872	2006	
7986	-7478	-518	-120	-1888	1993	
7936	-7538	-407	-94	-1901	1980	
7883	-7598	-296	-67	-1915	1967	
7831	-7656	-187	-43	-1929	1954	
7779	-7711	-77	-17	-1944	1941	
7724	-7767	34	9	-1958	1927	
7668	-7821	144	36	-1971	1913	
7610	-7873	253	64	-1984	1899	
7552	-7926	363	93	-1997	1884	
7494	-7976	475	126	-2008	1869	
7434	-8026	584	160	-2020	1855	
7371	-8074	693	189	-2033	1838	
7309	-8121	803	216	-2045	1822	
7245	-8166	913	241	-2056	1806	
7180	-8210	1022	265	-2067	1789	
7115	-8255	1131	293	-2078	1773	
7046	-8296	1241	320	-2088	1758	
6978	-8337	1351	349	-2098	1739	
6909	-8377	1459	375	-2108	1721	
6839	-8413	1567	402	-2117	1705	
6769	-8451	1676	430	-2125	1686	
6697	-8487	1784	454	-2134	1667	
6623	-8521	1891	484	-2141	1651	
6549	-8554	1999	509	-2149	1632	
6473	-8586	2107	535	-2160	1612	
6398	-8617	2215	562	-2166	1593	
6321	-8646	2322	587	-2173	1574	
6243	-8674	2427	614	-2180	1555	
6164	-8701	2533	641	-2186	1534	
6084	-8726	2639	667	-2193	1514	
6003	-8750	2744	692	-2199	1493	
5923	-8772	2849	717	-2205	1472	
5839	-8794	2952	745	-2210	1454	
5754	-8814	3056	771	-2213	1432	
5671	-8832	3160	796	-2218	1410	
5586	-8850	3263	822	-2222	1390	
5500	-8866	3364	848	-2225	1367	
5413	-8880	3467	871	-2230	1345	
5325	-8894	3568	897	-2233	1324	
5237	-8906	3668	922	-2235	1301	
5147	-8917	3769	946	-2238	1280	
5057	-8926	3869	971	-2240	1256	
4967	-8934	3968	995	-2242	1233	
4875	-8940	4067	1021	-2243	1210	
4781	-8946	4164	1044	-2244	1187	
4688	-8950	4261	1069	-2245	1165	
4596	-8952	4359	1093	-2244	1141	
4501	-8953	4455	1116	-2244	1117	
4406	-8953	4550	1140	-2244	1094	
4309	-8952	4645	1163	-2245	1069	
4211	-8949	4739	1186	-2244	1045	
4114	-8945	4832	1209	-2242	1021	
4018	-8939	4925	1232	-2241	996	
3920	-8932	5016	1255	-2239	972	
3820	-8924	5107	1277	-2236	946	
3720	-8914	5198	1299	-2234	923	
3621	-8904	5288	1321	-2231	898	
3521	-8892	5376	1343	-2228	872	
3419	-8877	5464	1366	-2224	848	
3318	-8862	5551	1386	-2219	821	
3216	-8847	5637	1408	-2215	795	
3112	-8829	5722	1431	-2210	771	
3009	-8810	5808	1449	-2207	744	
2905	-8789	5891	1471	-2201	719	
2802	-8768	5973	1490	-2196	694	
2698	-8745	6055	1510	-2190	667	
2591	-8720	6135	1532	-2183	641	
2488	-8695	6216	1551	-2177	614	
2383	-8668	6295	1570	-2169	588	
2277	-8640	6372	1588	-2161	561	
2170	-8610	6450	1608	-2156	534	
2062	-8580	6526	1627	-2147	509	
1956	-8548	6601	1646	-2138	481	
1850	-8514	6675	1665	-2129	456	
1742	-8479	6748	1683	-2119	430	
1633	-8444	6821	1700	-2112	402	
1525	-8407	6893	1717	-2103	374	
1416	-8368	6963	1735	-2093	348	
1307	-8329	7032	1751	-2082	321	
1199	-8288	7099	1767	-2073	295	
1090	-8245	7165	1784	-2062	268	
979	-8202	7232	1800	-2050	241	
870	-8157	7297	1817	-2040	215	
760	-8111	7361	1833	-2027	188	
650	-8064	7424	1848	-2015	162	
542	-8016	7484	1863	-2003	136	
432	-7966	7545	1879	-1990	111	
323	-7916	7605	1894	-1978	86	
213	-7863	7662	1906	-1965	60	
103	-7810	7719	1920	-1952	36	
-6	-7756	7774	1933	-1938	11	
-115	-7700	7829	1946	-1924	-16	
-226	-7644	7883	1960	-1909	-50	
-336	-7586	7935	1973	-1894	-91	
-446	-7527	7987	1985	-1879	-134	
-555	-7468	8036	1997	-1865	-167	
-665	-7407	8084	2010	-1849	-183	
-776	-7343	8132	2023	-1832	-199	
-885	-7280	8178	2033	-1815	-224	
-994	-7216	8223	2045	-1799	-253	
-1102	-7150	8267	2055	-1784	-284	
-1212	-7083	8309	2064	-1767	-313	
-1321	-7015	8350	2074	-1750	-339	
-1429	-6947	8390	2084	-1733	-366	
-1539	-6875	8429	2093	-1715	-392	
-1645	-6806	8467	2103	-1699	-419	
-1752	-6735	8502	2111	-1679	-447	
-1860	-6661	8537	2120	-1660	-474	
-1966	-6587	8571	2128	-1642	-500	
-2073	-6513	8604	2136	-1624	-526	
-2179	-6436	8635	2144	-1604	-553	
-2285	-6358	8663	2151	-1584	-580	
-2391	-6281	8693	2158	-1564	-605	
-2496	-6202	8719	2164	-1545	-632	
-2603	-6122	8744	2170	-1526	-658	
-2708	-6042	8769	2176	-1505	-685	
-2813	-5961	8792	2181	-1484	-712	
-2916	-5878	8814	2187	-1464	-737	
-3019	-5795	8834	2191	-1442	-763	
-3124	-5711	8854	2196	-1422	-788	
-3228	-5625	8872	2200	-1400	-814	
-3329	-5540	8888	2204	-1378	-840	
-3431	-5453	8903	2208	-1356	-865	
-3532	-5365	8917	2211	-1334	-891	
-3632	-5277	8929	2214	-1311	-915	
-3733	-5187	8940	2217	-1288	-939	
-3833	-5098	8951	2218	-1268	-965	
-3932	-5008	8959	2220	-1245	-990	
-4030	-4916	8966	2221	-1222	-1015	
-4126	-4824	8972	2223	-1199	-1039	
-4225	-4731	8975	2225	-1175	-1063	
-4322	-4637	8978	2225	-1152	-1087	
-4417	-4543	8980	2225	-1129	-1111	
-4512	-4447	8981	2224	-1104	-1134	
-4607	-4351	8980	2225	-1081	-1159	
-4701	-4256	8977	2223	-1057	-1182	
-4793	-4158	8974	2221	-1031	-1204	
-4887	-4060	8969	2221	-1007	-1229	
-4978	-3961	8963	2220	-982	-1250	
-5069	-3861	8955	2218	-958	-1272	
-5159	-3763	8944	2215	-933	-1296	
-5248	-3662	8934	2213	-908	-1318	
-5338	-3562	8923	2208	-883	-1339	
-5426	-3461	8910	2205	-858	-1362	
-5513	-3359	8896	2202	-833	-1383	
-5598	-3257	8879	2196	-807	-1404	
-5683	-3154	8862	2192	-781	-1426	
