-5659	-3185	8867	2193	-789	-1420	
-5744	-3082	8848	2189	-762	-1440	
-5828	-2978	8829	2185	-737	-1462	
-5912	-2873	8809	2178	-712	-1484	
-5994	-2769	8787	2174	-683	-1502	
-6075	-2665	8763	2168	-657	-1523	
-6155	-2559	8738	2159	-633	-1544	
-6234	-2454	8712	2154	-605	-1562	
-6314	-2347	8686	2148	-579	-1581	
-6391	-2240	8657	2140	-553	-1602	
-6465	-2135	8625	2132	-526	-1620	
-6542	-2028	8595	2125	-500	-1639	
-6617	-1920	8562	2116	-473	-1657	
-6691	-1812	8528	2107	-447	-1675	
-6764	-1705	8494	2099	-419	-1693	
-6835	-1596	8457	2089	-393	-1712	
-6905	-1488	8420	2079	-365	-1729	
-6974	-1380	8380	2071	-336	-1746	
-7042	-1271	8340	2059	-311	-1763	
-7110	-1162	8298	2049	-286	-1780	
-7177	-1053	8256	2040	-258	-1795	
-7242	-943	8212	2027	-231	-1811	
-7306	-834	8166	2016	-205	-1829	
-7369	-725	8120	2005	-178	-1844	
-7431	-615	8072	1994	-151	-1858	
-7493	-505	8024	1981	-124	-1874	
-7551	-395	7974	1967	-99	-1889	
-7609	-285	7922	1955	-72	-1902	
-7667	-175	7870	1941	-47	-1918	
-7724	-65	7815	1927	-23	-1932	
-7780	45	7760	1916	4	-1945	
-7834	154	7705	1901	30	-1959	
-7886	264	7648	1886	58	-1972	
-7937	375	7589	1872	89	-1984	
-7987	484	7529	1857	123	-1996	
-8037	595	7469	1842	159	-2007	
-8086	705	7407	1827	192	-2019	
-8131	814	7344	1810	217	-2031	
-8176	923	7281	1794	240	-2043	
-8222	1033	7215	1778	264	-2054	
-8266	1142	7149	1762	290	-2064	
-8308	1251	7082	1746	318	-2075	
-8347	1360	7013	1728	347	-2085	
-8387	1468	6945	1711	376	-2095	
-8427	1577	6874	1692	401	-2104	
-8462	1686	6802	1675	428	-2114	
-8497	1792	6730	1657	455	-2122	
-8532	1901	6656	1638	482	-2130	
-8565	2009	6582	1620	508	-2137	
-8596	2115	6507	1601	535	-2145	
-8627	2222	6431	1582	563	-2154	
-8656	2327	6353	1563	590	-2160	
-8685	2434	6275	1543	615	-2167	
-8711	2541	6196	1523	642	-2173	
-8736	2645	6115	1503	668	-2179	
-8761	2751	6033	1483	695	-2186	
-8783	2855	5951	1462	721	-2190	
-8804	2959	5869	1442	746	-2197	
-8823	3063	5785	1421	771	-2200	
-8843	3165	5700	1401	798	-2205	
-8860	3269	5614	1379	824	-2210	
-8875	3370	5528	1357	850	-2212	
-8890	3472	5441	1336	874	-2217	
-8904	3574	5353	1313	899	-2219	
-8915	3675	5263	1291	924	-2222	
-8924	3775	5174	1269	949	-2226	
-8934	3874	5085	1246	975	-2227	
-8943	3973	4993	1224	1000	-2229	
-8948	4071	4900	1202	1025	-2230	
-8954	4168	4809	1178	1049	-2231	
-8959	4266	4716	1154	1071	-2232	
-8960	4364	4621	1131	1096	-2232	
-8961	4459	4525	1108	1121	-2232	
-8960	4553	4431	1084	1145	-2233	
-8961	4648	4335	1060	1167	-2231	
-8957	4743	4237	1036	1190	-2230	
-8951	4835	4140	1010	1213	-2232	
-8947	4927	4042	985	1234	-2230	
-8940	5018	3942	962	1259	-2226	
-8931	5110	3843	939	1283	-2224	
-8922	5201	3745	914	1305	-2221	
-8911	5289	3644	889	1328	-2218	
-8898	5377	3543	864	1350	-2215	
-8884	5465	3441	838	1371	-2213	
-8870	5552	3338	813	1393	-2208	
-8854	5638	3235	788	1414	-2202	
-8836	5724	3133	762	1436	-2199	
-8816	5809	3030	736	1455	-2194	
-8796	5891	2926	711	1477	-2189	
-8775	5973	2821	686	1497	-2183	
-8752	6056	2716	661	1517	-2177	
-8729	6136	2612	633	1538	-2171	
-8704	6216	2507	607	1557	-2164	
-8675	6295	2400	582	1577	-2156	
-8646	6374	2295	555	1597	-2149	
-8615	6450	2186	529	1616	-2142	
-8586	6526	2080	501	1634	-2134	
-8555	6601	1973	475	1652	-2127	
-8522	6675	1863	450	1671	-2118	
-8487	6749	1756	422	1689	-2108	
-8450	6820	1647	396	1709	-2101	
-8413	6891	1539	369	1725	-2090	
-8376	6962	1430	343	1741	-2080	
-8336	7031	1321	316	1760	-2070	
-8295	7098	1212	288	1775	-2059	
-8252	7165	1103	263	1793	-2049	
-8209	7231	994	237	1810	-2039	
-8164	7295	884	210	1826	-2028	
-8117	7359	774	184	1841	-2015	
-8071	7421	665	158	1855	-2003	
-8023	7482	555	131	1871	-1991	
-7972	7543	444	105	1886	-1978	
-7922	7602	336	80	1900	-1965	
-7871	7660	225	54	1915	-1952	
-7818	7717	115	28	1928	-1939	
-7763	7773	6	0	1943	-1925	
-7707	7827	-106	-32	1956	-1911	
-7650	7881	-216	-66	1969	-1898	
-7592	7932	-326	-98	1982	-1882	
-7533	7982	-435	-130	1994	-1868	
-7474	8033	-545	-156	2007	-1853	
-7412	8081	-655	-178	2020	-1836	
-7350	8129	-764	-203	2030	-1821	
-7287	8175	-875	-229	2041	-1806	
-7223	8219	-985	-258	2053	-1789	
-7157	8263	-1094	-287	2063	-1773	
-7090	8305	-1202	-313	2074	-1756	
-7022	8346	-1312	-340	2083	-1739	
-6953	8386	-1421	-367	2093	-1722	
-6885	8424	-1529	-395	2102	-1705	
-6813	8462	-1638	-422	2111	-1686	
-6741	8498	-1746	-446	2122	-1667	
-6669	8533	-1854	-474	2129	-1651	
-6594	8566	-1961	-501	2138	-1631	
-6519	8598	-2068	-527	2146	-1613	
-6444	8629	-2175	-555	2152	-1594	
-6367	8659	-2282	-581	2160	-1573	
-6290	8688	-2389	-608	2168	-1555	
-6211	8714	-2494	-634	2173	-1535	
-6129	8740	-2602	-660	2179	-1515	
-6049	8764	-2706	-686	2185	-1495	
-5969	8787	-2810	-711	2191	-1474	
-5886	8809	-2915	-737	2196	-1453	
-5803	8829	-3019	-762	2201	-1432	
-5718	8848	-3123	-787	2207	-1411	
-5633	8867	-3226	-813	2210	-1391	
-5549	8882	-3329	-838	2215	-1368	
-5461	8897	-3431	-865	2218	-1345	
-5374	8912	-3532	-891	2220	-1325	
-5285	8923	-3633	-916	2223	-1302	
-5195	8934	-3733	-940	2226	-1279	
-5106	8945	-3833	-965	2228	-1257	
-5016	8953	-3932	-989	2229	-1234	
-4926	8960	-4031	-1013	2231	-1211	
-4833	8965	-4129	-1037	2233	-1188	
-4739	8970	-4227	-1062	2232	-1166	
-4646	8972	-4324	-1086	2234	-1141	
-4552	8974	-4421	-1108	2236	-1117	
-4456	8974	-4516	-1134	2234	-1095	
-4361	8973	-4610	-1156	2235	-1069	
-4265	8971	-4705	-1180	2234	-1046	
-4167	8967	-4798	-1203	2232	-1023	
-4069	8961	-4891	-1225	2231	-997	
-3970	8955	-4983	-1249	2228	-972	
-3873	8947	-5074	-1271	2226	-948	
-3773	8938	-5165	-1294	2223	-923	
-3672	8929	-5255	-1315	2221	-898	
-3572	8916	-5344	-1336	2218	-873	
-3470	8903	-5432	-1360	2214	-848	
-3370	8887	-5519	-1379	2211	-823	
-3267	8872	-5606	-1401	2207	-797	
-3166	8854	-5691	-1423	2203	-772	
-3063	8837	-5775	-1442	2198	-744	
-2958	8816	-5859	-1464	2192	-719	
-2853	8794	-5942	-1485	2186	-694	
-2750	8773	-6025	-1506	2179	-666	
-2646	8749	-6106	-1525	2174	-641	
-2539	8724	-6186	-1544	2168	-615	
-2433	8697	-6265	-1564	2161	-589	
-2327	8668	-6344	-1584	2154	-562	
-2222	8640	-6421	-1603	2146	-535	
-2117	8610	-6497	-1622	2138	-509	
-2009	8578	-6573	-1639	2130	-482	
-1903	8545	-6648	-1658	2122	-456	
-1795	8511	-6722	-1677	2114	-430	
-1687	8475	-6793	-1693	2105	-401	
-1581	8438	-6865	-1711	2095	-376	
-1473	8401	-6936	-1729	2084	-349	
-1364	8361	-7006	-1746	2075	-322	
-1254	8320	-7073	-1763	2065	-296	
-1145	8278	-7140	-1780	2054	-268	
-1037	8235	-7207	-1796	2044	-242	
-928	8191	-7272	-1811	2033	-214	
-817	8145	-7336	-1828	2020	-188	
-708	8099	-7399	-1843	2007	-162	
-599	8051	-7460	-1858	1995	-135	
-487	8001	-7521	-1873	1984	-109	
-378	7951	-7582	-1888	1972	-83	
-269	7899	-7640	-1901	1958	-57	
-159	7846	-7697	-1915	1945	-34	
-49	7793	-7753	-1931	1930	-10	
62	7738	-7807	-1944	1916	15	
171	7681	-7861	-1957	1902	41	
279	7623	-7915	-1969	1888	71	
389	7565	-7965	-1981	1873	106	
499	7505	-8015	-1993	1859	147	
610	7444	-8064	-2006	1842	183	
719	7382	-8112	-2018	1827	212	
827	7320	-8159	-2029	1812	232	
938	7254	-8204	-2040	1795	251	
1047	7190	-8249	-2050	1779	276	
1155	7124	-8292	-2061	1762	305	
1265	7056	-8333	-2071	1744	334	
1374	6987	-8372	-2081	1727	363	
1483	6917	-8412	-2091	1710	391	
1591	6846	-8450	-2100	1691	416	
1698	6775	-8485	-2109	1674	442	
1806	6703	-8521	-2118	1656	470	
1915	6629	-8556	-2125	1637	496	
2022	6554	-8587	-2133	1619	524	
2128	6479	-8619	-2142	1599	550	
2234	6402	-8650	-2149	1580	576	
2339	6325	-8677	-2154	1561	603	
2446	6246	-8705	-2161	1541	630	
2551	6166	-8732	-2168	1522	657	
2657	6086	-8756	-2173	1501	682	
2760	6005	-8780	-2179	1479	708	
2864	5923	-8802	-2185	1459	734	
2969	5838	-8823	-2190	1439	760	
3073	5756	-8843	-2196	1418	787	
3175	5671	-8862	-2199	1397	813	
3277	5586	-8876	-2202	1375	839	
3378	5499	-8893	-2206	1352	863	
3481	5410	-8907	-2209	1330	887	
3582	5323	-8920	-2212	1310	913	
3682	5234	-8932	-2214	1287	938	
3781	5144	-8942	-2218	1264	963	
3881	5054	-8951	-2219	1242	987	
3979	4963	-8958	-2222	1218	1012	
4076	4871	-8964	-2223	1195	1037	
4175	4777	-8969	-2224	1172	1061	
4271	4683	-8973	-2224	1148	1085	
4366	4590	-8974	-2224	1125	1109	
4463	4496	-8975	-2225	1101	1133	
4557	4400	-8975	-2224	1077	1157	
4652	4304	-8972	-2224	1053	1181	
4744	4207	-8969	-2224	1029	1203	
4837	4109	-8965	-2220	1005	1226	
4931	4010	-8958	-2219	980	1249	
5020	3912	-8951	-2217	955	1272	
5111	3813	-8941	-2215	930	1295	
5201	3712	-8933	-2212	905	1316	
5290	3613	-8920	-2209	880	1338	
5379	3512	-8908	-2206	855	1361	
5464	3410	-8894	-2201	830	1382	
5552	3307	-8878	-2197	805	1404	
5637	3204	-8862	-2195	778	1425	
5723	3102	-8844	-2189	753	1446	
5808	2999	-8824	-2184	727	1466	
5888	2895	-8802	-2179	699	1487	
5972	2790	-8781	-2173	677	1508	
6053	2685	-8757	-2167	649	1528	
6132	2580	-8732	-2162	621	1547	
6213	2475	-8706	-2153	597	1569	
6292	2369	-8679	-2146	570	1588	
6369	2263	-8651	-2140	544	1607	
6444	2156	-8620	-2132	518	1626	
6520	2048	-8588	-2124	489	1643	
6595	1942	-8556	-2115	463	1662	
6669	1833	-8522	-2108	436	1680	
6742	1726	-8487	-2099	410	1700	
6813	1617	-8451	-2089	383	1717	
6883	1509	-8413	-2081	355	1733	
6952	1401	-8374	-2069	330	1751	
7021	1291	-8334	-2060	302	1767	
7088	1182	-8292	-2050	275	1784	
7154	1073	-8249	-2038	249	1801	
7220	964	-8206	-2028	222	1817	
7284	856	-8161	-2017	196	1834	
7346	745	-8113	-2005	169	1849	
7410	635	-8066	-1994	143	1863	
7471	525	-8018	-1981	118	1879	
7529	415	-7967	-1968	91	1894	
7587	306	-7915	-1955	66	1908	
7645	195	-7862	-1943	40	1923	
7702	85	-7809	-1930	14	1936	
7758	-25	-7754	-1914	-14	1950	
7811	-135	-7698	-1901	-48	1963	
7864	-244	-7641	-1887	-85	1976	
7915	-355	-7583	-1870	-120	1988	
7965	-464	-7524	-1857	-151	2000	
8015	-574	-7463	-1841	-174	2014	
8064	-684	-7402	-1826	-196	2026	
8109	-794	-7338	-1811	-219	2038	
8154	-903	-7275	-1794	-247	2048	
8200	-1012	-7209	-1778	-278	2059	
8243	-1122	-7144	-1761	-305	2070	
8285	-1230	-7076	-1746	-333	2079	
8324	-1338	-7006	-1728	-358	2090	
8364	-1448	-6937	-1709	-385	2100	
8404	-1556	-6867	-1694	-414	2109	
8439	-1664	-6796	-1676	-441	2119	
8475	-1771	-6724	-1656	-466	2127	
8510	-1879	-6651	-1639	-494	2136	
8541	-1987	-6576	-1620	-521	2144	
8573	-2093	-6499	-1601	-547	2151	
8605	-2200	-6423	-1582	-575	2158	
8635	-2306	-6347	-1562	-600	2166	
8662	-2412	-6269	-1542	-626	2172	
8687	-2519	-6189	-1523	-653	2179	
8713	-2624	-6108	-1504	-680	2184	
8737	-2729	-6028	-1483	-706	2190	
8760	-2833	-5945	-1462	-731	2197	
8781	-2937	-5862	-1443	-759	2200	
8800	-3041	-5779	-1421	-785	2206	
8819	-3146	-5694	-1399	-809	2211	
8836	-3248	-5608	-1379	-836	2215	
8851	-3349	-5521	-1356	-860	2218	
8867	-3451	-5435	-1336	-886	2221	
8881	-3552	-5347	-1313	-912	2225	
8891	-3653	-5258	-1289	-936	2227	
8902	-3753	-5168	-1268	-961	2230	
8911	-3852	-5078	-1246	-986	2233	
8919	-3952	-4986	-1225	-1011	2233	
8925	-4050	-4895	-1200	-1034	2236	
8931	-4148	-4802	-1178	-1059	2237	
8935	-4244	-4708	-1156	-1084	2237	
8937	-4341	-4614	-1130	-1108	2237	
8937	-4438	-4519	-1107	-1132	2238	
8937	-4533	-4424	-1084	-1155	2238	
8937	-4627	-4329	-1060	-1179	2237	
8932	-4721	-4232	-1036	-1203	2237	
8928	-4814	-4133	-1011	-1225	2236	
8924	-4905	-4034	-987	-1249	2234	
8915	-4997	-3936	-962	-1271	2233	
8908	-5088	-3838	-939	-1293	2230	
8900	-5178	-3737	-914	-1316	2228	
8889	-5268	-3636	-887	-1337	2224	
8875	-5356	-3535	-864	-1360	2221	
8862	-5444	-3433	-839	-1383	2217	
8846	-5532	-3331	-811	-1403	2214	
8830	-5617	-3229	-787	-1425	2210	
8813	-5702	-3126	-762	-1446	2204	
8793	-5787	-3023	-735	-1467	2200	
8772	-5870	-2919	-711	-1489	2193	
8751	-5953	-2815	-684	-1509	2188	
8729	-6035	-2709	-658	-1529	2183	
8704	-6115	-2604	-632	-1549	2177	
8680	-6195	-2498	-606	-1568	2170	
8652	-6274	-2392	-580	-1588	2162	
8623	-6351	-2286	-553	-1606	2156	
8594	-6429	-2177	-528	-1626	2147	
8562	-6505	-2071	-501	-1646	2139	
8531	-6580	-1964	-473	-1663	2132	
8499	-6654	-1855	-447	-1682	2123	
8463	-6727	-1749	-421	-1700	2115	
8425	-6800	-1640	-395	-1719	2105	
8390	-6871	-1532	-367	-1737	2096	
8353	-6940	-1423	-341	-1754	2086	
8311	-7010	-1314	-315	-1771	2076	
8270	-7077	-1205	-287	-1785	2067	
8228	-7144	-1096	-260	-1804	2054	
8186	-7209	-987	-233	-1820	2043	
8141	-7274	-877	-206	-1835	2032	
8093	-7338	-766	-181	-1852	2020	
8047	-7400	-657	-155	-1867	2008	
7999	-7462	-549	-127	-1883	1996	
7948	-7522	-437	-101	-1897	1984	
7898	-7581	-327	-75	-1911	1971	
7848	-7639	-217	-48	-1926	1957	
7794	-7695	-108	-23	-1939	1944	
7738	-7752	2	2	-1954	1931	
7683	-7806	113	28	-1967	1916	
7626	-7858	223	55	-1979	1902	
7568	-7912	333	84	-1993	1887	
7509	-7962	444	116	-2005	1873	
7449	-8011	552	150	-2017	1859	
7389	-8061	662	182	-2030	1843	
7326	-8107	773	210	-2041	1828	
7262	-8152	882	235	-2054	1811	
7198	-8198	991	258	-2064	1794	
7133	-8242	1101	284	-2073	1779	
7067	-8284	1210	312	-2084	1761	
6998	-8325	1319	339	-2095	1744	
6930	-8365	1428	367	-2105	1728	
6861	-8404	1536	395	-2114	1709	
6789	-8441	1645	420	-2123	1691	
6717	-8476	1753	447	-2131	1673	
6644	-8512	1861	474	-2139	1654	
6570	-8545	1969	501	-2147	1636	
6495	-8578	2077	528	-2157	1618	
6420	-8609	2184	554	-2164	1598	
6344	-8638	2291	581	-2172	1579	
6265	-8666	2398	607	-2178	1559	
6186	-8694	2504	632	-2185	1539	
6106	-8719	2609	659	-2191	1519	
6027	-8743	2714	685	-2196	1499	
5945	-8767	2819	711	-2202	1479	
5861	-8788	2923	736	-2207	1459	
5780	-8808	3026	763	-2212	1438	
5694	-8827	3130	790	-2217	1416	
5608	-8845	3234	815	-2219	1394	
5525	-8861	3335	839	-2224	1373	
5437	-8876	3437	863	-2229	1351	
5350	-8890	3539	890	-2232	1330	
5260	-8902	3640	916	-2235	1308	
5171	-8914	3741	940	-2238	1285	
5083	-8924	3840	964	-2239	1263	
4993	-8932	3940	989	-2241	1240	
4901	-8939	4040	1014	-2242	1217	
4808	-8945	4137	1037	-2244	1194	
4714	-8949	4235	1061	-2244	1171	
4621	-8952	4331	1086	-2245	1148	
4527	-8954	4428	1109	-2245	1124	
4433	-8953	4523	1133	-2244	1100	
4337	-8952	4617	1157	-2244	1075	
4241	-8951	4712	1179	-2243	1052	
4142	-8946	4806	1202	-2243	1028	
4045	-8940	4899	1226	-2242	1002	
3948	-8935	4990	1248	-2240	978	
3848	-8927	5082	1271	-2238	954	
3749	-8917	5173	1294	-2234	929	
3649	-8906	5261	1316	-2231	905	
3550	-8894	5351	1338	-2229	879	
3449	-8882	5440	1359	-2225	854	
3346	-8868	5527	1382	-2221	829	
3244	-8851	5613	1403	-2217	804	
3141	-8834	5698	1423	-2212	777	
3039	-8815	5782	1443	-2207	751	
2936	-8795	5867	1464	-2203	726	
2831	-8774	5949	1486	-2198	701	
2726	-8752	6031	1506	-2191	674	
2621	-8728	6113	1526	-2186	647	
2516	-8703	6193	1545	-2179	621	
2413	-8677	6271	1564	-2172	594	
2307	-8648	6351	1584	-2164	569	
2198	-8619	6429	1603	-2156	542	
2092	-8588	6505	1622	-2150	515	
1985	-8557	6581	1641	-2141	489	
1878	-8524	6655	1659	-2131	462	
1773	-8489	6727	1677	-2123	435	
1664	-8454	6799	1694	-2114	409	
1553	-8417	6872	1711	-2106	382	
1445	-8380	6942	1729	-2096	355	
1337	-8340	7012	1746	-2085	329	
1228	-8299	7080	1764	-2076	303	
1121	-8257	7147	1780	-2065	276	
1010	-8214	7214	1796	-2054	249	
900	-8170	7279	1812	-2042	223	
791	-8124	7344	1828	-2031	196	
681	-8078	7406	1844	-2019	170	
572	-8030	7467	1859	-2006	144	
463	-7981	7529	1874	-1994	117	
353	-7929	7588	1888	-1980	93	
246	-7877	7646	1903	-1967	68	
134	-7826	7703	1916	-1956	43	
23	-7772	7760	1930	-1942	18	
-84	-7716	7814	1945	-1928	-8	
-195	-7660	7867	1957	-1913	-39	
-305	-7602	7921	1968	-1898	-79	
-414	-7544	7972	1981	-1884	-123	
-524	-7484	8022	1993	-1868	-158	
-634	-7423	8070	2006	-1854	-179	
-743	-7361	8118	2018	-1837	-195	
-852	-7299	8166	2029	-1821	-216	
-963	-7234	8211	2041	-1804	-245	
-1071	-7168	8254	2052	-1787	-275	
-1180	-7102	8297	2061	-1772	-305	
-1290	-7035	8339	2072	-1755	-332	
-1399	-6966	8380	2081	-1737	-357	
-1507	-6897	8419	2089	-1721	-385	
-1616	-6825	8456	2099	-1702	-412	
-1723	-6754	8493	2108	-1685	-438	
-1830	-6682	8528	2117	-1666	-465	
-1936	-6607	8562	2125	-1647	-493	
-2044	-6533	8594	2133	-1628	-519	
-2150	-6458	8626	2143	-1608	-545	
-2254	-6380	8656	2148	-1590	-573	
-2362	-6303	8685	2154	-1570	-599	
-2467	-6225	8712	2163	-1550	-624	
-2573	-6145	8738	2168	-1531	-651	
-2680	-6065	8763	2173	-1510	-679	
-2783	-5984	8786	2180	-1490	-703	
-2888	-5901	8809	2185	-1470	-729	
-2991	-5818	8829	2190	-1449	-756	
-3095	-5735	8848	2194	-1427	-781	
-3199	-5650	8868	2199	-1406	-806	
-3301	-5563	8884	2203	-1384	-832	
-3402	-5476	8899	2206	-1364	-859	
-3502	-5389	8912	2211	-1340	-883	
-3605	-5302	8926	2214	-1317	-907	
-3705	-5213	8938	2215	-1296	-934	
-3803	-5123	8948	2218	-1273	-958	
-3903	-5033	8957	2220	-1251	-983	
-4003	-4941	8965	2221	-1228	-1007	
-4099	-4849	8969	2224	-1206	-1032	
-4197	-4757	8974	2223	-1183	-1057	
-4295	-4663	8979	2224	-1158	-1079	
-4390	-4568	8980	2224	-1135	-1104	
-4486	-4473	8981	2224	-1111	-1129	
-4581	-4378	8980	2224	-1087	-1152	
-4674	-4283	8978	2224	-1064	-1174	
-4766	-4185	8975	2224	-1039	-1197	
-4861	-4088	8969	2222	-1014	-1221	
-4953	-3990	8964	2221	-987	-1245	
-5044	-3890	8957	2219	-963	-1265	
-5135	-3791	8948	2215	-941	-1289	
-5223	-3691	8938	2212	-916	-1311	
-5312	-3590	8926	2210	-890	-1332	
-5400	-3490	8913	2206	-865	-1355	
-5487	-3389	8899	2202	-838	-1378	
-5574	-3286	8884	2199	-813	-1399	
-5660	-3183	8867	2194	-788	-1420	
-5747	-3081	8849	2189	-762	-1441	
-5829	-2976	8829	2184	-736	-1461	
-5911	-2872	8808	2180	-710	-1481	
-5996	-2768	8787	2174	-684	-1504	
-6075	-2663	8762	2168	-657	-1523	
-6156	-2557	8737	2162	-631	-1542	
-6236	-2452	8711	2154	-606	-1563	
-6314	-2346	8685	2147	-579	-1582	
-6392	-2240	8655	2141	-553	-1602	
-6467	-2133	8625	2132	-526	-1620	
-6542	-2026	8594	2125	-498	-1639	
-6618	-1919	8561	2115	-472	-1659	
-6693	-1811	8528	2107	-445	-1676	
-6765	-1704	8492	2099	-419	-1695	
-6837	-1595	8455	2090	-392	-1711	
-6905	-1486	8419	2081	-364	-1727	
-6974	-1379	8380	2070	-338	-1747	
-7044	-1270	8339	2061	-310	-1763	
-7110	-1160	8297	2052	-283	-1778	
-7178	-1051	8255	2039	-258	-1796	
-7244	-942	8211	2028	-231	-1811	
-7306	-833	8166	2016	-204	-1827	
-7369	-723	8119	2004	-177	-1844	
-7433	-613	8072	1993	-150	-1858	
-7493	-504	8023	1979	-124	-1874	
-7553	-393	7973	1968	-97	-1889	
-7611	-283	7921	1956	-71	-1903	
-7668	-173	7869	1943	-46	-1917	
-7726	-64	7815	1929	-21	-1931	
-7780	46	7760	1914	4	-1946	
-7833	156	7704	1902	32	-1957	
-7886	266	7648	1888	59	-1970	
-7938	376	7590	1871	89	-1984	
-7989	486	7529	1858	125	-1996	
-8037	596	7468	1841	160	-2009	
-8087	705	7407	1826	191	-2018	
-8133	816	7343	1811	218	-2031	
-8177	924	7279	1794	240	-2044	
-8222	1035	7215	1779	263	-2054	
-8266	1144	7149	1761	290	-2064	
-8308	1252	7081	1744	320	-2074	
-8349	1361	7012	1728	348	-2084	
-8388	1470	6943	1710	376	-2095	
-8426	1578	6873	1695	403	-2103	
-8462	1686	6802	1677	428	-2112	
-8497	1795	6729	1656	455	-2121	
-8532	1903	6656	1639	482	-2130	
-8565	2009	6582	1619	509	-2139	
-8596	2117	6506	1600	536	-2146	
-8627	2223	6429	1581	562	-2152	
-8656	2329	6352	1562	589	-2160	
-8684	2436	6274	1543	616	-2167	
-8712	2542	6195	1523	641	-2174	
-8737	2647	6113	1504	669	-2179	
-8759	2751	6032	1483	695	-2186	
-8782	2856	5951	1462	722	-2191	
-8804	2961	5868	1443	748	-2195	
-8824	3065	5784	1421	773	-2200	
-8843	3168	5699	1400	798	-2205	
-8859	3270	5613	1379	824	-2209	
-8875	3372	5526	1356	850	-2213	
-8890	3473	5440	1336	875	-2216	
-8904	3574	5352	1313	900	-2220	
-8916	3675	5263	1291	925	-2221	
-8925	3776	5174	1269	950	-2223	
-8935	3875	5083	1246	975	-2227	
-8943	3975	4992	1224	1000	-2228	
-8948	4073	4901	1201	1024	-2229	
-8953	4170	4807	1179	1049	-2230	
-8958	4268	4712	1156	1074	-2231	
-8960	4364	4619	1131	1097	-2233	
-8962	4460	4525	1107	1120	-2233	
-8960	4555	4429	1084	1144	-2232	
-8959	4649	4333	1060	1167	-2232	
-8958	4743	4236	1036	1192	-2231	
-8952	4836	4139	1012	1214	-2229	
-8947	4929	4040	987	1237	-2229	
-8940	5020	3941	961	1259	-2228	
-8932	5111	3842	936	1280	-2225	
-8924	5201	3742	914	1305	-2220	
-8910	5290	3642	889	1328	-2218	
-8897	5379	3542	865	1349	-2214	
-8885	5467	3440	839	1372	-2210	
-8868	5553	3337	812	1394	-2209	
-8853	5639	3234	788	1414	-2203	
-8836	5724	3131	762	1436	-2197	
-8817	5809	3028	736	1457	-2194	
-8796	5893	2925	710	1477	-2189	
-8774	5976	2820	684	1497	-2183	
-8752	6056	2715	660	1517	-2177	
-8728	6137	2612	632	1536	-2171	
-8702	6217	2505	606	1558	-2163	
-8675	6296	2399	581	1577	-2157	
-8647	6373	2292	555	1596	-2150	
-8617	6451	2185	529	1617	-2141	
-8587	6527	2078	503	1635	-2133	
-8555	6602	1970	475	1653	-2126	
-8520	6677	1863	448	1672	-2118	
-8487	6749	1754	422	1688	-2109	
-8449	6822	1646	395	1707	-2101	
-8412	6893	1538	368	1726	-2091	
-8376	6962	1430	342	1742	-2080	
-8335	7032	1320	316	1760	-2070	
-8294	7099	1211	289	1777	-2060	
-8251	7166	1102	262	1792	-2049	
-8207	7232	992	235	1810	-2039	
-8163	7296	882	210	1825	-2027	
-8117	7360	773	184	1841	-2014	
-8070	7422	664	158	1857	-2002	
-8022	7484	554	130	1871	-1991	
-7973	7545	444	103	1885	-1978	
-7919	7603	333	79	1900	-1965	
-7869	7661	223	54	1915	-1952	
-7817	7718	114	28	1929	-1939	
-7760	7773	4	-1	1942	-1925	
-7706	7827	-107	-32	1956	-1912	
-7648	7881	-217	-66	1969	-1897	
-7591	7933	-327	-101	1981	-1883	
-7533	7985	-437	-132	1994	-1869	
-7473	8033	-546	-157	2008	-1852	
-7413	8081	-657	-178	2019	-1836	
-7349	8129	-767	-203	2030	-1821	
-7285	8175	-876	-231	2042	-1805	
-7221	8220	-986	-259	2053	-1789	
-7156	8263	-1095	-286	2063	-1772	
-7090	8306	-1204	-315	2074	-1756	
-7021	8347	-1313	-341	2083	-1738	
-6951	8386	-1423	-368	2094	-1721	
-6883	8425	-1531	-395	2103	-1704	
-6812	8462	-1639	-422	2111	-1686	
-6740	8499	-1748	-450	2120	-1669	
-6667	8533	-1855	-475	2130	-1649	
-6593	8566	-1962	-502	2138	-1631	
-6519	8600	-2069	-528	2145	-1613	
-6443	8630	-2177	-554	2153	-1592	
-6365	8659	-2284	-582	2159	-1574	
-6288	8688	-2390	-608	2167	-1554	
-6210	8715	-2495	-634	2174	-1534	
-6129	8740	-2602	-660	2179	-1514	
-6048	8764	-2708	-687	2186	-1494	
-5968	8787	-2813	-713	2191	-1474	
-5886	8809	-2917	-738	2196	-1452	
-5803	8830	-3020	-764	2201	-1432	
-5719	8848	-3123	-789	2205	-1410	
-5632	8866	-3227	-814	2212	-1388	
-5547	8882	-3330	-840	2214	-1369	
-5461	8898	-3432	-865	2216	-1346	
-5372	8911	-3534	-890	2221	-1323	
-5285	8923	-3634	-917	2222	-1302	
-5195	8934	-3735	-940	2226	-1279	
-5106	8945	-3835	-965	2228	-1257	
-5015	8953	-3934	-990	2229	-1234	
-4923	8959	-4033	-1013	2232	-1211	
-4832	8965	-4130	-1038	2232	-1188	
-4737	8970	-4229	-1062	2235	-1163	
-4644	8972	-4326	-1087	2233	-1142	
-4551	8973	-4421	-1111	2233	-1119	
-4454	8974	-4517	-1133	2236	-1095	
-4359	8973	-4612	-1157	2234	-1070	
-4264	8970	-4706	-1181	2232	-1045	
-4167	8967	-4799	-1203	2232	-1021	
-4068	8961	-4892	-1226	2229	-996	
-3970	8954	-4985	-1249	2229	-972	
-3870	8946	-5075	-1271	2227	-948	
-3772	8938	-5165	-1293	2224	-923	
-3672	8928	-5255	-1315	2221	-898	
-3570	8915	-5344	-1338	2217	-873	
-3469	8903	-5433	-1359	2215	-847	
-3368	8888	-5520	-1382	2210	-822	
-3267	8872	-5605	-1403	2206	-797	
-3164	8855	-5691	-1422	2203	-771	
-3060	8836	-5777	-1445	2197	-746	
-2957	8816	-5860	-1465	2191	-719	
-2852	8794	-5943	-1484	2186	-693	
-2747	8772	-6026	-1506	2180	-667	
-2644	8749	-6106	-1525	2174	-641	
-2538	8723	-6187	-1545	2168	-616	
-2432	8696	-6266	-1564	2160	-588	
-2327	8669	-6344	-1583	2153	-561	
-2221	8640	-6422	-1602	2147	-536	
-2115	8609	-6498	-1622	2138	-509	
-2007	8578	-6575	-1643	2129	-482	
-1900	8545	-6649	-1658	2122	-456	
-1793	8510	-6722	-1675	2114	-430	
-1685	8474	-6794	-1697	2103	-403	
-1578	8438	-6866	-1712	2095	-375	
-1470	8400	-6937	-1729	2085	-349	
-1362	8360	-7006	-1746	2075	-323	
-1254	8320	-7074	-1762	2065	-295	
-1143	8278	-7142	-1780	2054	-269	
-1035	8235	-7208	-1795	2044	-240	
-926	8190	-7272	-1814	2032	-215	
-816	8145	-7337	-1828	2021	-188	
-707	8099	-7400	-1842	2009	-161	
-597	8050	-7461	-1860	1994	-136	
-487	8001	-7522	-1873	1985	-109	
-376	7950	-7582	-1887	1971	-83	
-268	7898	-7640	-1903	1957	-59	
-156	7846	-7697	-1916	1945	-33	
-47	7792	-7753	-1931	1930	-9	
62	7736	-7807	-1945	1917	15	
174	7680	-7862	-1956	1902	42	
282	7623	-7914	-1969	1887	72	
391	7565	-7966	-1982	1874	108	
501	7504	-8016	-1994	1858	147	
610	7443	-8065	-2005	1842	184	
719	7382	-8112	-2018	1826	211	
830	7318	-8159	-2030	1811	231	
939	7255	-8204	-2039	1796	252	
1046	7189	-8248	-2051	1777	276	
1157	7123	-8291	-2062	1760	304	
1266	7055	-8333	-2071	1744	335	
1375	6986	-8372	-2081	1726	364	
1485	6916	-8412	-2091	1710	390	
1593	6846	-8450	-2100	1692	417	
1700	6775	-8486	-2108	1673	444	
1808	6702	-8522	-2116	1655	470	
1915	6628	-8556	-2124	1638	497	
2024	6553	-8588	-2132	1618	524	
2131	6477	-8620	-2141	1599	550	
2236	6401	-8650	-2150	1580	576	
2342	6323	-8679	-2155	1561	603	
2445	6245	-8706	-2161	1541	630	
2552	6165	-8732	-2168	1519	656	
2659	6085	-8757	-2174	1500	684	
2762	6004	-8781	-2180	1480	709	
2865	5920	-8803	-2185	1459	734	
2969	5839	-8823	-2190	1438	761	
3074	5754	-8843	-2194	1417	786	
3178	5669	-8861	-2199	1396	812	
3279	5584	-8879	-2203	1374	838	
3380	5497	-8894	-2206	1353	864	
3482	5411	-8907	-2211	1331	889	
3584	5322	-8920	-2213	1309	912	
3684	5233	-8932	-2214	1286	939	
3781	5143	-8942	-2218	1263	964	
3882	5052	-8951	-2219	1241	988	
3981	4960	-8959	-2220	1218	1013	
4076	4869	-8964	-2222	1195	1038	
4176	4777	-8968	-2224	1172	1061	
4274	4682	-8973	-2224	1148	1085	
4369	4588	-8976	-2224	1125	1109	
4464	4494	-8975	-2224	1101	1133	
4558	4398	-8974	-2224	1077	1156	
4652	4302	-8972	-2223	1053	1180	
4745	4205	-8968	-2222	1029	1204	
4838	4107	-8965	-2221	1005	1226	
4931	4009	-8959	-2218	980	1248	
5022	3911	-8951	-2218	955	1273	
5112	3812	-8942	-2215	929	1295	
5203	3712	-8932	-2212	906	1316	
5291	3611	-8921	-2210	880	1339	
5378	3509	-8907	-2206	854	1361	
5468	3407	-8893	-2203	829	1382	
5553	3305	-8878	-2198	804	1404	
5640	3204	-8862	-2194	779	1424	
5724	3102	-8843	-2190	752	1446	
5806	2997	-8824	-2183	726	1468	
5891	2894	-8803	-2178	700	1489	
5973	2789	-8780	-2173	675	1507	
6054	2684	-8757	-2166	649	1528	
6135	2579	-8732	-2160	621	1548	
6214	2473	-8705	-2155	594	1567	
6292	2367	-8679	-2146	570	1587	
6370	2261	-8650	-2140	543	1607	
6445	2154	-8620	-2131	516	1627	
6521	2048	-8588	-2123	491	1644	
6597	1940	-8555	-2117	463	1663	
6671	1833	-8522	-2108	437	1681	
6743	1724	-8486	-2098	410	1698	
6815	1616	-8450	-2089	383	1717	
6885	1508	-8412	-2079	357	1735	
6954	1399	-8373	-2069	330	1751	
7024	1290	-8333	-2059	303	1768	
7090	1181	-8292	-2049	276	1785	
7156	1071	-8249	-2039	247	1802	
7222	962	-8205	-2028	222	1817	
7284	852	-8160	-2016	195	1833	
7347	744	-8112	-2005	169	1850	
7410	634	-8065	-1992	143	1865	
7471	524	-8018	-1981	116	1879	
7530	414	-7967	-1968	92	1895	
7588	304	-7915	-1955	66	1909	
7646	194	-7862	-1941	40	1923	
7702	84	-7809	-1927	14	1937	
7757	-26	-7754	-1914	-15	1949	
7812	-136	-7698	-1899	-47	1963	
7864	-246	-7641	-1886	-84	1976	
7916	-356	-7582	-1871	-122	1988	
7966	-465	-7523	-1856	-152	2001	
8016	-575	-7462	-1843	-175	2013	
8065	-686	-7400	-1825	-195	2026	
8110	-795	-7338	-1810	-219	2038	
8154	-904	-7273	-1795	-248	2048	
8199	-1013	-7209	-1778	-277	2058	
8243	-1122	-7142	-1761	-306	2069	
8287	-1231	-7075	-1743	-331	2081	
8327	-1341	-7007	-1727	-358	2091	
8365	-1449	-6937	-1710	-386	2100	
8404	-1557	-6867	-1690	-412	2110	
8440	-1666	-6795	-1675	-440	2119	
8475	-1773	-6723	-1657	-468	2128	
8510	-1880	-6649	-1637	-494	2136	
8543	-1988	-6575	-1619	-521	2143	
8573	-2095	-6499	-1601	-548	2152	
8604	-2201	-6423	-1581	-575	2160	
8634	-2309	-6345	-1562	-601	2166	
8661	-2414	-6268	-1543	-626	2173	
8688	-2520	-6188	-1523	-654	2179	
8714	-2626	-6108	-1502	-680	2186	
8738	-2730	-6027	-1482	-705	2191	
8759	-2834	-5944	-1462	-732	2195	
8780	-2938	-5862	-1440	-757	2202	
8800	-3042	-5778	-1420	-785	2206	
8819	-3146	-5693	-1399	-809	2210	
8836	-3249	-5607	-1378	-835	2216	
8851	-3351	-5520	-1357	-861	2219	
8866	-3452	-5434	-1335	-886	2222	
8880	-3554	-5346	-1313	-912	2225	
8892	-3654	-5256	-1290	-936	2228	
8901	-3754	-5167	-1268	-961	2231	
8911	-3853	-5077	-1246	-986	2233	
8921	-3953	-4986	-1221	-1009	2236	
8925	-4051	-4893	-1200	-1036	2236	
8932	-4148	-4800	-1177	-1060	2236	
8934	-4246	-4707	-1152	-1083	2239	
8935	-4342	-4613	-1131	-1108	2238	
8938	-4438	-4517	-1106	-1131	2239	
8937	-4535	-4423	-1083	-1156	2239	
8936	-4629	-4327	-1060	-1180	2237	
8934	-4722	-4230	-1035	-1203	2237	
8927	-4815	-4132	-1011	-1225	2235	
8922	-4908	-4034	-986	-1248	2234	
8916	-4999	-3935	-963	-1271	2232	
8907	-5091	-3835	-937	-1294	2229	
8899	-5180	-3736	-912	-1315	2227	
8887	-5268	-3635	-888	-1338	2224	
8873	-5358	-3534	-861	-1360	2221	
8861	-5446	-3432	-837	-1381	2217	
8846	-5532	-3330	-813	-1404	2212	
8829	-5617	-3228	-787	-1426	2208	
8813	-5703	-3125	-761	-1448	2204	
8793	-5788	-3021	-735	-1468	2199	
8772	-5872	-2917	-710	-1487	2193	
8751	-5953	-2813	-684	-1508	2187	
8728	-6035	-2707	-657	-1528	2183	
8704	-6116	-2602	-632	-1549	2175	
8678	-6196	-2497	-604	-1569	2169	
8651	-6275	-2391	-577	-1587	2163	
8623	-6353	-2284	-553	-1607	2155	
8593	-6430	-2177	-525	-1626	2149	
8563	-6507	-2070	-500	-1645	2141	
8531	-6581	-1962	-474	-1664	2132	
8497	-6655	-1855	-446	-1682	2124	
8463	-6729	-1747	-421	-1700	2114	
8426	-6799	-1639	-394	-1718	2105	
8389	-6870	-1531	-367	-1737	2096	
8352	-6941	-1422	-340	-1753	2086	
8311	-7010	-1314	-313	-1770	2076	
8270	-7077	-1204	-288	-1788	2066	
8228	-7144	-1095	-259	-1804	2055	
8184	-7210	-986	-231	-1818	2044	
8139	-7275	-876	-207	-1835	2032	
8093	-7338	-767	-178	-1851	2022	
8047	-7401	-656	-152	-1867	2010	
7998	-7463	-546	-128	-1882	1996	
7948	-7522	-437	-101	-1897	1984	
7896	-7582	-327	-75	-1912	1971	
7846	-7640	-216	-49	-1926	1958	
7793	-7696	-106	-23	-1939	1944	
7737	-7752	3	3	-1953	1931	
7682	-7805	114	28	-1967	1917	
7625	-7860	225	54	-1980	1902	
7567	-7911	334	86	-1992	1888	
7509	-7962	444	117	-2006	1873	
7450	-8013	554	151	-2017	1858	
7389	-8060	664	183	-2029	1844	
7326	-8108	775	210	-2041	1828	
7261	-8154	883	234	-2053	1811	
7198	-8198	993	258	-2064	1795	
7133	-8242	1103	285	-2075	1777	
7066	-8285	1212	313	-2085	1761	
6997	-8326	1321	340	-2094	1744	
6928	-8366	1430	368	-2105	1726	
6859	-8404	1539	394	-2115	1708	
6789	-8441	1647	420	-2123	1692	
6716	-8477	1755	449	-2131	1673	
6643	-8512	1863	476	-2139	1654	
6569	-8546	1970	503	-2148	1637	
6495	-8578	2078	530	-2154	1618	
6419	-8609	2185	555	-2164	1598	
6343	-8638	2293	581	-2172	1579	
6265	-8667	2399	608	-2177	1560	
6185	-8694	2504	633	-2185	1540	
6104	-8719	2611	659	-2190	1520	
6025	-8744	2715	686	-2196	1499	
5944	-8767	2819	712	-2203	1479	
5861	-8789	2924	737	-2208	1459	
5777	-8808	3028	764	-2212	1438	
5692	-8828	3131	790	-2216	1417	
5608	-8846	3235	813	-2220	1394	
5524	-8862	3337	840	-2224	1374	
5437	-8877	3438	867	-2228	1353	
5349	-8890	3541	890	-2232	1329	
5260	-8903	3642	915	-2234	1308	
5171	-8913	3743	940	-2238	1285	
5081	-8923	3843	964	-2239	1263	
4991	-8933	3942	990	-2240	1241	
4898	-8940	4040	1014	-2243	1217	
4806	-8944	4138	1038	-2242	1194	
4713	-8949	4236	1062	-2244	1170	
4619	-8951	4333	1086	-2245	1147	
4526	-8953	4428	1110	-2244	1124	
4432	-8954	4524	1133	-2246	1099	
4335	-8952	4619	1158	-2243	1076	
4239	-8950	4713	1181	-2244	1052	
4141	-8946	4807	1204	-2244	1026	
4044	-8940	4899	1227	-2241	1003	
3947	-8934	4991	1248	-2239	979	
3847	-8927	5084	1272	-2237	954	
3748	-8917	5174	1294	-2235	929	
3648	-8907	5263	1316	-2232	903	
3548	-8895	5352	1338	-2228	879	
3447	-8881	5439	1359	-2226	854	
3345	-8867	5527	1382	-2222	828	
3242	-8851	5613	1403	-2216	803	
3140	-8834	5699	1424	-2212	776	
3038	-8816	5784	1446	-2208	752	
2934	-8795	5868	1466	-2202	727	
2829	-8774	5950	1486	-2197	699	
2725	-8751	6032	1506	-2192	673	
2620	-8727	6114	1526	-2184	647	
2515	-8702	6195	1545	-2178	621	
2410	-8676	6274	1565	-2172	595	
2305	-8648	6352	1585	-2164	568	
2198	-8619	6429	1603	-2156	542	
2091	-8588	6506	1623	-2148	516	
1984	-8557	6581	1641	-2141	489	
1878	-8524	6655	1659	-2133	462	
1770	-8489	6729	1678	-2123	436	
1662	-8454	6802	1696	-2114	410	
1554	-8416	6873	1712	-2105	382	
1445	-8379	6943	1730	-2095	355	
1335	-8339	7013	1747	-2086	329	
1226	-8298	7081	1763	-2075	302	
1119	-8257	7148	1780	-2064	274	
1010	-8213	7215	1796	-2054	248	
899	-8169	7280	1812	-2043	223	
790	-8123	7344	1829	-2030	196	
679	-8077	7407	1843	-2019	169	
571	-8029	7469	1858	-2007	142	
462	-7980	7529	1873	-1993	117	
352	-7929	7588	1889	-1981	92	
243	-7877	7647	1904	-1967	68	
133	-7825	7705	1917	-1955	44	
22	-7771	7761	1930	-1942	19	
-86	-7716	7815	1944	-1927	-10	
-196	-7659	7868	1956	-1913	-40	
-306	-7601	7922	1969	-1898	-80	
-416	-7543	7973	1982	-1883	-124	
-526	-7483	8023	1993	-1868	-158	
-635	-7422	8072	2007	-1853	-180	
-744	-7360	8120	2018	-1838	-195	
-854	-7297	8166	2028	-1822	-216	
-964	-7233	8211	2041	-1804	-245	
-1074	-7167	8256	2052	-1787	-276	
-1183	-7102	8299	2062	-1772	-305	
-1290	-7033	8339	2071	-1755	-332	
-1401	-6964	8380	2081	-1737	-358	
-1509	-6896	8419	2090	-1721	-385	
-1616	-6826	8456	2100	-1702	-412	
-1726	-6754	8493	2110	-1683	-439	
-1831	-6680	8528	2118	-1667	-465	
-1937	-6607	8563	2126	-1648	-493	
-2045	-6532	8595	2133	-1628	-520	
-2150	-6456	8627	2141	-1610	-546	
-2258	-6380	8657	2149	-1590	-573	
-2363	-6302	8684	2155	-1570	-599	
-2469	-6224	8712	2162	-1550	-625	
-2576	-6144	8739	2169	-1530	-652	
-2680	-6063	8763	2174	-1510	-679	
-2785	-5983	8787	2180	-1490	-703	
-2890	-5901	8808	2186	-1470	-729	
-2993	-5817	8829	2189	-1448	-756	
-3095	-5733	8848	2194	-1427	-781	
-3199	-5648	8868	2199	-1405	-808	
-3303	-5563	8885	2203	-1384	-832	
-3403	-5477	8899	2206	-1363	-858	
-3504	-5389	8913	2208	-1342	-884	
-3605	-5301	8927	2213	-1319	-908	
-3705	-5212	8937	2216	-1295	-934	
-3805	-5121	8948	2218	-1274	-959	
-3904	-5030	8957	2221	-1251	-982	
-4004	-4940	8964	2222	-1228	-1008	
-4102	-4848	8971	2222	-1206	-1032	
-4198	-4755	8975	2224	-1182	-1057	
-4296	-4663	8979	2224	-1158	-1081	
-4393	-4568	8980	2224	-1134	-1104	
-4487	-4474	8980	2224	-1110	-1129	
-4582	-4378	8980	2224	-1086	-1152	
-4676	-4280	8978	2224	-1063	-1174	
-4769	-4184	8974	2222	-1039	-1199	
-4862	-4087	8970	2221	-1013	-1221	
-4954	-3988	8964	2220	-987	-1243	
-5046	-3890	8956	2217	-965	-1267	
-5136	-3790	8947	2215	-940	-1289	
-5224	-3689	8938	2213	-915	-1312	
-5314	-3589	8926	2209	-890	-1334	
-5403	-3488	8913	2205	-865	-1355	
-5491	-3387	8899	2202	-839	-1377	
-5576	-3284	8884	2198	-813	-1399	
