-5386	-3505	8915	2206	-869	-1352	
-5474	-3405	8901	2203	-843	-1373	
-5562	-3304	8887	2199	-818	-1394	
-5646	-3200	8869	2194	-793	-1417	
-5730	-3097	8852	2190	-767	-1438	
-5815	-2993	8833	2185	-741	-1458	
-5898	-2889	8812	2180	-714	-1479	
-5981	-2784	8790	2174	-689	-1501	
-6063	-2681	8767	2168	-662	-1520	
-6143	-2576	8742	2163	-635	-1539	
-6223	-2469	8716	2156	-610	-1561	
-6301	-2364	8688	2150	-582	-1580	
-6379	-2258	8660	2143	-557	-1597	
-6456	-2151	8630	2133	-531	-1618	
-6531	-2043	8599	2126	-503	-1636	
-6606	-1936	8567	2117	-477	-1655	
-6679	-1829	8534	2109	-450	-1673	
-6751	-1721	8498	2100	-423	-1691	
-6824	-1613	8461	2090	-396	-1709	
-6896	-1505	8426	2082	-369	-1726	
-6965	-1396	8387	2071	-343	-1744	
-7034	-1288	8346	2062	-316	-1760	
-7100	-1179	8304	2053	-287	-1775	
-7167	-1071	8261	2041	-261	-1794	
-7232	-960	8218	2032	-234	-1809	
-7297	-851	8172	2019	-206	-1825	
-7362	-742	8127	2006	-181	-1842	
-7422	-630	8080	1995	-155	-1856	
-7482	-521	8030	1982	-129	-1874	
-7543	-411	7980	1970	-101	-1888	
-7602	-301	7930	1957	-75	-1901	
-7660	-193	7878	1943	-50	-1917	
-7717	-81	7824	1931	-24	-1930	
-7771	28	7769	1917	1	-1944	
-7825	138	7713	1903	25	-1956	
-7880	248	7656	1889	53	-1969	
-7930	357	7598	1874	85	-1984	
-7981	467	7539	1860	118	-1995	
-8030	578	7478	1844	154	-2005	
-8079	688	7417	1828	185	-2018	
-8125	797	7354	1812	212	-2030	
-8169	906	7290	1796	237	-2042	
-8216	1016	7225	1781	260	-2053	
-8259	1126	7159	1765	285	-2063	
-8301	1234	7093	1746	314	-2074	
-8342	1343	7024	1730	342	-2084	
-8381	1452	6955	1713	370	-2093	
-8419	1561	6885	1693	396	-2103	
-8456	1670	6814	1677	424	-2112	
-8492	1776	6741	1659	452	-2120	
-8528	1885	6668	1641	478	-2129	
-8560	1992	6593	1624	505	-2137	
-8591	2099	6518	1604	531	-2145	
-8622	2206	6442	1585	558	-2152	
-8652	2312	6365	1566	585	-2159	
-8680	2418	6287	1546	611	-2166	
-8707	2525	6208	1527	638	-2172	
-8731	2629	6127	1507	664	-2179	
-8756	2734	6046	1486	691	-2185	
-8779	2839	5964	1466	716	-2190	
-8800	2943	5882	1445	741	-2196	
-8819	3047	5797	1424	769	-2200	
-8838	3150	5713	1403	795	-2205	
-8857	3253	5628	1381	819	-2209	
-8872	3355	5542	1360	846	-2212	
-8886	3457	5454	1338	871	-2217	
-8900	3559	5366	1317	895	-2219	
-8913	3659	5278	1294	921	-2221	
-8924	3759	5187	1272	946	-2224	
-8932	3859	5097	1251	971	-2225	
-8941	3958	5007	1228	996	-2229	
-8948	4058	4914	1205	1021	-2230	
-8951	4154	4821	1180	1044	-2232	
-8958	4251	4729	1157	1068	-2233	
-8960	4348	4635	1136	1095	-2233	
-8961	4445	4540	1110	1117	-2234	
-8961	4539	4445	1086	1139	-2233	
-8959	4634	4348	1064	1165	-2232	
-8956	4728	4252	1039	1187	-2231	
-8953	4821	4155	1016	1211	-2230	
-8949	4914	4057	992	1234	-2228	
-8941	5005	3959	967	1256	-2226	
-8933	5096	3859	942	1279	-2223	
-8923	5186	3759	917	1300	-2222	
-8912	5275	3658	893	1325	-2219	
-8900	5364	3557	866	1346	-2216	
-8885	5452	3456	841	1366	-2212	
-8872	5539	3355	818	1390	-2208	
-8856	5625	3251	790	1410	-2204	
-8839	5711	3149	765	1430	-2199	
-8821	5796	3047	741	1453	-2194	
-8800	5879	2941	713	1474	-2189	
-8778	5962	2838	689	1494	-2184	
-8755	6044	2732	663	1514	-2177	
-8730	6124	2628	637	1534	-2170	
-8706	6204	2523	612	1554	-2165	
-8680	6284	2417	585	1574	-2159	
-8652	6361	2311	559	1593	-2151	
-8622	6438	2203	531	1611	-2144	
-8591	6515	2096	505	1631	-2135	
-8559	6590	1988	480	1651	-2128	
-8527	6664	1880	451	1668	-2119	
-8492	6737	1773	425	1686	-2110	
-8456	6809	1664	400	1705	-2101	
-8420	6881	1556	374	1722	-2091	
-8381	6951	1447	347	1740	-2082	
-8341	7020	1338	320	1757	-2072	
-8301	7087	1229	294	1773	-2061	
-8259	7154	1120	267	1790	-2051	
-8215	7221	1009	240	1806	-2040	
-8170	7286	900	214	1823	-2029	
-8125	7349	791	188	1839	-2017	
-8078	7411	682	162	1853	-2005	
-8030	7473	571	136	1869	-1993	
-7980	7534	461	110	1884	-1980	
-7930	7593	352	83	1897	-1968	
-7877	7651	241	58	1912	-1954	
-7826	7708	131	32	1926	-1941	
-7771	7764	23	4	1941	-1927	
-7713	7818	-89	-27	1955	-1914	
-7659	7871	-200	-61	1967	-1901	
-7602	7924	-309	-95	1981	-1885	
-7544	7976	-419	-126	1993	-1870	
-7484	8026	-529	-151	2004	-1855	
-7420	8073	-640	-175	2018	-1839	
-7361	8122	-748	-199	2030	-1823	
-7297	8168	-858	-224	2042	-1809	
-7230	8213	-968	-254	2052	-1791	
-7167	8257	-1077	-283	2061	-1774	
-7100	8299	-1185	-310	2072	-1758	
-7033	8341	-1295	-337	2082	-1740	
-6964	8381	-1405	-363	2093	-1724	
-6893	8419	-1513	-390	2102	-1706	
-6824	8456	-1622	-417	2111	-1688	
-6752	8493	-1729	-443	2120	-1670	
-6680	8527	-1837	-471	2127	-1652	
-6606	8561	-1945	-497	2136	-1633	
-6529	8593	-2052	-523	2145	-1615	
-6454	8624	-2160	-551	2152	-1596	
-6378	8654	-2266	-576	2161	-1576	
-6300	8683	-2373	-602	2167	-1557	
-6222	8710	-2478	-631	2172	-1538	
-6143	8735	-2585	-656	2179	-1517	
-6061	8760	-2691	-683	2184	-1498	
-5980	8783	-2796	-709	2190	-1477	
-5899	8805	-2900	-733	2196	-1456	
-5816	8826	-3004	-760	2200	-1436	
-5732	8845	-3107	-785	2206	-1413	
-5646	8862	-3210	-811	2209	-1394	
-5561	8879	-3313	-835	2213	-1370	
-5475	8895	-3415	-860	2218	-1348	
-5386	8908	-3517	-886	2219	-1329	
-5299	8920	-3618	-910	2223	-1305	
-5210	8932	-3718	-936	2226	-1283	
-5120	8943	-3818	-962	2227	-1261	
-5030	8952	-3917	-986	2229	-1238	
-4938	8958	-4018	-1011	2231	-1215	
-4847	8963	-4115	-1034	2233	-1192	
-4754	8968	-4212	-1058	2233	-1170	
-4659	8972	-4309	-1083	2234	-1147	
-4565	8974	-4405	-1105	2234	-1122	
-4469	8975	-4501	-1130	2234	-1098	
-4375	8973	-4596	-1153	2236	-1074	
-4280	8971	-4691	-1176	2234	-1049	
-4182	8968	-4784	-1200	2232	-1027	
-4084	8962	-4877	-1221	2233	-1000	
-3986	8955	-4970	-1245	2229	-975	
-3887	8948	-5061	-1268	2226	-952	
-3787	8939	-5152	-1289	2224	-927	
-3688	8930	-5242	-1313	2221	-903	
-3588	8918	-5330	-1334	2219	-876	
-3485	8904	-5418	-1355	2215	-851	
-3385	8890	-5506	-1377	2212	-828	
-3284	8874	-5592	-1399	2208	-801	
-3180	8858	-5677	-1420	2203	-775	
-3078	8838	-5763	-1440	2198	-749	
-2973	8819	-5847	-1461	2192	-723	
-2870	8799	-5929	-1481	2187	-698	
-2765	8776	-6013	-1501	2182	-671	
-2659	8753	-6094	-1522	2176	-644	
-2554	8728	-6174	-1542	2169	-619	
-2450	8700	-6254	-1561	2162	-593	
-2345	8672	-6332	-1580	2156	-565	
-2238	8644	-6410	-1600	2147	-539	
-2131	8615	-6486	-1618	2140	-514	
-2025	8583	-6562	-1637	2133	-488	
-1918	8550	-6637	-1655	2124	-460	
-1811	8516	-6711	-1674	2115	-433	
-1704	8481	-6783	-1693	2105	-407	
-1595	8444	-6854	-1710	2096	-380	
-1489	8406	-6925	-1726	2088	-353	
-1382	8367	-6995	-1744	2076	-327	
-1270	8327	-7064	-1761	2066	-299	
-1160	8285	-7132	-1778	2056	-272	
-1053	8242	-7197	-1793	2045	-245	
-944	8197	-7262	-1809	2034	-218	
-833	8152	-7327	-1825	2022	-192	
-722	8106	-7390	-1841	2010	-165	
-613	8058	-7452	-1856	1998	-139	
-505	8009	-7512	-1870	1986	-113	
-395	7958	-7572	-1885	1972	-88	
-286	7907	-7631	-1900	1960	-63	
-175	7854	-7687	-1912	1947	-37	
-65	7800	-7744	-1927	1933	-14	
43	7745	-7799	-1942	1919	11	
154	7689	-7853	-1954	1905	38	
264	7632	-7907	-1968	1889	67	
373	7574	-7957	-1980	1875	101	
483	7514	-8008	-1992	1860	140	
593	7453	-8058	-2004	1845	178	
702	7391	-8105	-2016	1830	207	
810	7328	-8151	-2027	1814	228	
920	7265	-8197	-2038	1798	249	
1030	7200	-8242	-2050	1780	272	
1140	7133	-8284	-2060	1763	299	
1249	7065	-8327	-2069	1747	331	
1358	6997	-8367	-2082	1730	358	
1466	6928	-8405	-2090	1712	384	
1573	6858	-8443	-2098	1696	413	
1682	6786	-8480	-2108	1676	439	
1791	6714	-8517	-2115	1659	466	
1899	6640	-8551	-2125	1641	492	
2005	6566	-8584	-2132	1622	521	
2111	6489	-8615	-2139	1602	548	
2218	6413	-8645	-2147	1583	572	
2324	6337	-8674	-2153	1564	601	
2431	6257	-8702	-2162	1543	626	
2535	6178	-8728	-2168	1524	652	
2640	6099	-8753	-2171	1505	679	
2745	6017	-8777	-2180	1482	704	
2848	5935	-8799	-2185	1462	730	
2952	5852	-8820	-2189	1441	757	
3055	5768	-8840	-2193	1421	783	
3159	5683	-8858	-2197	1399	808	
3263	5598	-8876	-2202	1377	834	
3364	5512	-8891	-2204	1357	859	
3465	5424	-8906	-2209	1334	885	
3566	5336	-8918	-2212	1312	910	
3666	5247	-8931	-2214	1290	935	
3766	5158	-8941	-2218	1268	961	
3865	5068	-8950	-2219	1246	984	
3965	4977	-8958	-2221	1223	1008	
4063	4884	-8964	-2223	1198	1033	
4160	4791	-8968	-2223	1175	1058	
4256	4698	-8972	-2224	1153	1082	
4352	4604	-8974	-2224	1128	1105	
4449	4509	-8975	-2225	1104	1129	
4543	4413	-8975	-2224	1081	1153	
4637	4317	-8973	-2224	1057	1176	
4730	4221	-8970	-2223	1033	1200	
4823	4124	-8966	-2221	1007	1223	
4915	4026	-8960	-2220	983	1246	
5007	3927	-8952	-2217	960	1270	
5098	3827	-8944	-2214	935	1292	
5187	3727	-8934	-2213	910	1313	
5277	3627	-8922	-2210	884	1336	
5364	3526	-8909	-2207	858	1357	
5452	3425	-8896	-2204	833	1379	
5539	3323	-8881	-2199	808	1401	
5625	3220	-8864	-2194	782	1422	
5711	3117	-8846	-2189	757	1444	
5793	3014	-8827	-2185	730	1464	
5877	2910	-8806	-2179	704	1485	
5959	2804	-8784	-2174	678	1505	
6041	2701	-8761	-2168	653	1526	
6122	2596	-8736	-2161	627	1545	
6200	2491	-8710	-2155	600	1564	
6279	2385	-8683	-2148	574	1585	
6357	2278	-8655	-2141	548	1605	
6433	2172	-8624	-2133	521	1623	
6509	2065	-8593	-2124	494	1642	
6585	1958	-8561	-2117	468	1661	
6658	1850	-8527	-2109	441	1678	
6730	1742	-8493	-2099	413	1698	
6802	1634	-8456	-2091	387	1716	
6873	1526	-8419	-2080	361	1732	
6944	1417	-8380	-2072	333	1749	
7012	1308	-8340	-2062	306	1766	
7077	1199	-8298	-2050	281	1784	
7145	1091	-8255	-2041	254	1799	
7211	980	-8212	-2028	227	1816	
7275	871	-8167	-2016	201	1831	
7338	762	-8120	-2007	173	1847	
7400	652	-8073	-1994	148	1863	
7462	542	-8025	-1982	121	1877	
7521	432	-7975	-1970	96	1893	
7579	323	-7922	-1955	70	1908	
7638	212	-7871	-1943	44	1921	
7695	102	-7817	-1930	18	1935	
7749	-7	-7762	-1916	-10	1949	
7802	-119	-7706	-1901	-41	1963	
7856	-228	-7649	-1887	-77	1975	
7907	-338	-7592	-1873	-115	1987	
7959	-448	-7532	-1857	-145	2001	
8009	-557	-7472	-1843	-170	2013	
8056	-668	-7411	-1827	-191	2024	
8103	-777	-7348	-1812	-215	2036	
8149	-887	-7284	-1797	-243	2047	
8193	-996	-7219	-1780	-272	2058	
8236	-1104	-7153	-1763	-301	2068	
8279	-1213	-7086	-1747	-327	2078	
8321	-1323	-7019	-1730	-354	2089	
8359	-1431	-6948	-1713	-382	2099	
8397	-1539	-6877	-1695	-408	2109	
8435	-1648	-6807	-1677	-436	2117	
8470	-1755	-6735	-1659	-462	2126	
8504	-1863	-6661	-1640	-489	2135	
8537	-1970	-6586	-1622	-517	2143	
8569	-2077	-6512	-1604	-543	2150	
8600	-2184	-6436	-1585	-570	2158	
8628	-2290	-6358	-1565	-596	2166	
8657	-2396	-6281	-1546	-623	2172	
8684	-2503	-6201	-1526	-650	2178	
8709	-2608	-6121	-1506	-676	2185	
8733	-2714	-6040	-1485	-702	2191	
8756	-2818	-5957	-1465	-728	2197	
8777	-2922	-5875	-1445	-754	2200	
8796	-3026	-5791	-1424	-779	2204	
8815	-3129	-5707	-1403	-804	2210	
8832	-3232	-5621	-1381	-831	2215	
8849	-3334	-5535	-1359	-857	2219	
8865	-3435	-5448	-1338	-882	2222	
8877	-3537	-5359	-1317	-907	2225	
8889	-3638	-5271	-1294	-932	2228	
8900	-3738	-5182	-1271	-958	2229	
8911	-3839	-5091	-1249	-982	2232	
8918	-3938	-5000	-1227	-1007	2234	
8924	-4036	-4909	-1203	-1032	2235	
8929	-4133	-4817	-1181	-1056	2236	
8932	-4230	-4723	-1158	-1081	2237	
8936	-4327	-4628	-1134	-1104	2239	
8938	-4423	-4534	-1112	-1128	2238	
8937	-4518	-4438	-1086	-1153	2237	
8936	-4613	-4342	-1062	-1175	2237	
8933	-4707	-4246	-1039	-1199	2236	
8929	-4800	-4148	-1014	-1222	2235	
8925	-4892	-4050	-991	-1244	2234	
8918	-4984	-3951	-966	-1268	2233	
8909	-5076	-3852	-941	-1291	2231	
8899	-5165	-3751	-917	-1314	2227	
8889	-5254	-3651	-890	-1334	2225	
8877	-5343	-3550	-868	-1358	2221	
8864	-5431	-3450	-843	-1380	2216	
8850	-5519	-3349	-815	-1399	2215	
8833	-5605	-3244	-791	-1422	2209	
8815	-5689	-3140	-766	-1443	2204	
8797	-5774	-3038	-740	-1464	2201	
8776	-5858	-2934	-715	-1486	2195	
8754	-5941	-2830	-687	-1505	2191	
8732	-6023	-2726	-661	-1525	2184	
8707	-6103	-2620	-636	-1545	2178	
8683	-6183	-2514	-609	-1566	2171	
8656	-6262	-2409	-583	-1585	2164	
8626	-6339	-2302	-557	-1605	2157	
8599	-6417	-2195	-531	-1625	2148	
8569	-6494	-2088	-504	-1643	2142	
8536	-6569	-1980	-477	-1660	2134	
8502	-6643	-1873	-454	-1679	2124	
8468	-6716	-1765	-426	-1698	2116	
8432	-6789	-1657	-396	-1715	2109	
8394	-6860	-1548	-371	-1732	2098	
8358	-6930	-1440	-345	-1751	2087	
8319	-6999	-1331	-318	-1769	2078	
8277	-7068	-1221	-290	-1784	2067	
8234	-7134	-1112	-264	-1800	2057	
8191	-7199	-1004	-238	-1817	2045	
8146	-7265	-893	-210	-1833	2035	
8101	-7329	-784	-184	-1850	2024	
8054	-7391	-675	-157	-1863	2011	
8006	-7453	-563	-132	-1878	1998	
7956	-7513	-455	-106	-1896	1985	
7906	-7572	-345	-80	-1909	1973	
7854	-7630	-234	-53	-1923	1960	
7801	-7687	-124	-28	-1938	1948	
7747	-7743	-13	-2	-1952	1934	
7691	-7797	97	25	-1965	1919	
7634	-7852	207	51	-1978	1904	
7578	-7903	317	80	-1991	1890	
7521	-7953	426	111	-2004	1875	
7459	-8004	537	144	-2016	1861	
7398	-8053	647	177	-2028	1846	
7336	-8100	755	205	-2040	1829	
7272	-8146	865	230	-2050	1813	
7209	-8192	975	254	-2062	1797	
7143	-8236	1085	279	-2073	1780	
7077	-8278	1194	309	-2082	1764	
7011	-8319	1302	336	-2094	1747	
6940	-8359	1412	363	-2103	1730	
6870	-8398	1521	391	-2113	1712	
6800	-8435	1629	417	-2122	1694	
6729	-8472	1737	444	-2129	1677	
6656	-8507	1845	470	-2139	1658	
6582	-8540	1953	498	-2147	1640	
6508	-8573	2061	525	-2154	1621	
6432	-8604	2169	551	-2163	1602	
6355	-8633	2276	577	-2169	1583	
6277	-8662	2382	604	-2176	1563	
6198	-8689	2488	630	-2184	1542	
6119	-8715	2594	657	-2189	1523	
6039	-8739	2699	682	-2196	1503	
5956	-8762	2803	707	-2202	1482	
5875	-8785	2909	734	-2207	1462	
5793	-8805	3011	760	-2212	1441	
5708	-8825	3115	786	-2215	1420	
5624	-8842	3218	810	-2221	1399	
5538	-8859	3321	837	-2224	1378	
5450	-8874	3422	864	-2227	1357	
5362	-8888	3524	887	-2230	1332	
5274	-8902	3625	913	-2232	1312	
5186	-8912	3726	938	-2236	1290	
5097	-8922	3827	960	-2240	1266	
5006	-8931	3926	985	-2240	1244	
4914	-8939	4025	1010	-2242	1221	
4822	-8944	4123	1035	-2244	1198	
4730	-8948	4220	1059	-2244	1175	
4637	-8952	4317	1082	-2245	1151	
4541	-8952	4414	1106	-2246	1127	
4445	-8953	4509	1128	-2246	1104	
4352	-8953	4604	1154	-2244	1081	
4255	-8950	4699	1177	-2243	1055	
4157	-8946	4793	1199	-2243	1031	
4060	-8941	4884	1224	-2241	1007	
3962	-8934	4976	1246	-2239	983	
3863	-8927	5068	1268	-2238	958	
3764	-8918	5159	1291	-2236	933	
3663	-8908	5247	1312	-2232	908	
3564	-8897	5338	1335	-2230	883	
3464	-8884	5425	1356	-2226	856	
3361	-8870	5512	1378	-2221	831	
3259	-8854	5600	1399	-2218	806	
3156	-8836	5687	1418	-2214	781	
3053	-8818	5770	1441	-2208	756	
2950	-8798	5854	1462	-2203	730	
2847	-8777	5938	1482	-2197	704	
2742	-8755	6020	1504	-2191	678	
2636	-8731	6101	1522	-2186	651	
2532	-8707	6181	1542	-2180	625	
2427	-8680	6260	1562	-2173	598	
2321	-8651	6340	1581	-2167	572	
2216	-8624	6417	1600	-2158	547	
2109	-8594	6493	1619	-2150	520	
2001	-8561	6570	1638	-2143	492	
1895	-8528	6644	1655	-2133	467	
1788	-8495	6717	1674	-2126	440	
1679	-8460	6791	1693	-2116	413	
1570	-8424	6862	1709	-2106	385	
1461	-8385	6932	1726	-2098	358	
1354	-8346	7001	1743	-2088	331	
1245	-8305	7070	1760	-2076	304	
1135	-8264	7138	1776	-2067	279	
1028	-8221	7205	1793	-2056	253	
918	-8177	7269	1810	-2044	227	
807	-8131	7333	1825	-2033	200	
698	-8084	7396	1841	-2020	173	
589	-8037	7459	1856	-2009	148	
481	-7988	7520	1871	-1996	121	
371	-7937	7580	1886	-1984	96	
262	-7886	7638	1900	-1971	71	
152	-7833	7695	1914	-1956	46	
40	-7779	7751	1929	-1942	22	
-70	-7725	7807	1942	-1929	-4	
-178	-7669	7860	1955	-1915	-34	
-289	-7611	7913	1967	-1900	-73	
-397	-7553	7965	1979	-1886	-116	
-508	-7493	8015	1992	-1871	-153	
-620	-7433	8065	2004	-1856	-177	
-727	-7371	8111	2015	-1841	-192	
-837	-7308	8158	2027	-1824	-213	
-945	-7243	8204	2039	-1808	-240	
-1054	-7178	8248	2048	-1793	-272	
-1166	-7112	8291	2059	-1775	-301	
-1274	-7045	8333	2070	-1756	-328	
-1383	-6975	8374	2079	-1740	-354	
-1491	-6906	8413	2089	-1723	-380	
-1599	-6836	8451	2099	-1706	-408	
-1707	-6765	8487	2106	-1688	-435	
-1813	-6693	8522	2116	-1670	-460	
-1921	-6619	8558	2125	-1651	-488	
-2028	-6544	8590	2132	-1632	-516	
-2134	-6469	8620	2140	-1613	-542	
-2239	-6392	8651	2147	-1593	-569	
-2345	-6315	8680	2155	-1574	-595	
-2452	-6237	8708	2160	-1556	-622	
-2559	-6157	8735	2167	-1533	-648	
-2662	-6077	8759	2174	-1513	-674	
-2766	-5995	8783	2178	-1495	-702	
-2871	-5914	8805	2184	-1474	-726	
-2975	-5831	8826	2189	-1452	-751	
-3078	-5746	8846	2193	-1431	-778	
-3182	-5663	8865	2199	-1409	-803	
-3285	-5577	8882	2202	-1388	-828	
-3386	-5490	8897	2207	-1366	-855	
-3487	-5403	8912	2210	-1345	-880	
-3587	-5315	8924	2211	-1323	-905	
-3688	-5226	8936	2215	-1300	-930	
-3789	-5136	8947	2217	-1278	-956	
-3888	-5045	8955	2219	-1255	-979	
-3987	-4955	8963	2221	-1232	-1004	
-4086	-4863	8969	2221	-1210	-1029	
-4182	-4770	8974	2223	-1186	-1051	
-4279	-4677	8978	2224	-1162	-1076	
-4376	-4583	8981	2224	-1138	-1100	
-4473	-4488	8981	2225	-1115	-1124	
-4567	-4393	8981	2224	-1091	-1149	
-4659	-4297	8979	2223	-1067	-1171	
-4753	-4200	8976	2222	-1043	-1195	
-4847	-4101	8971	2222	-1017	-1218	
-4939	-4004	8965	2220	-994	-1240	
-5030	-3906	8958	2218	-970	-1263	
-5120	-3806	8949	2216	-943	-1285	
-5210	-3706	8939	2212	-918	-1308	
-5301	-3606	8928	2209	-894	-1330	
-5388	-3504	8915	2205	-869	-1352	
-5475	-3402	8901	2202	-844	-1374	
-5561	-3300	8886	2200	-816	-1394	
-5648	-3198	8870	2195	-792	-1417	
-5734	-3096	8852	2190	-766	-1438	
-5815	-2992	8833	2185	-740	-1459	
-5899	-2888	8812	2180	-714	-1479	
-5982	-2783	8788	2175	-688	-1499	
-6063	-2679	8765	2168	-662	-1520	
-6144	-2574	8741	2163	-635	-1540	
-6223	-2469	8716	2156	-609	-1560	
-6301	-2362	8689	2149	-583	-1580	
-6380	-2255	8660	2141	-557	-1598	
-6456	-2148	8630	2133	-530	-1618	
-6532	-2042	8600	2127	-503	-1637	
-6607	-1936	8566	2117	-477	-1655	
-6680	-1828	8532	2110	-449	-1673	
-6753	-1719	8497	2101	-422	-1690	
-6824	-1612	8461	2090	-397	-1709	
-6896	-1504	8424	2081	-369	-1726	
-6967	-1395	8385	2072	-343	-1743	
-7035	-1286	8346	2062	-316	-1760	
-7100	-1177	8304	2051	-287	-1776	
-7168	-1068	8261	2040	-261	-1794	
-7233	-959	8218	2030	-233	-1809	
-7298	-849	8171	2017	-208	-1826	
-7362	-740	8126	2006	-182	-1842	
-7423	-630	8080	1995	-154	-1857	
-7485	-520	8030	1982	-129	-1872	
-7543	-410	7980	1970	-102	-1887	
-7602	-301	7929	1957	-76	-1901	
-7662	-190	7877	1944	-51	-1916	
-7717	-80	7822	1930	-25	-1930	
-7772	30	7767	1916	0	-1943	
-7826	140	7712	1903	27	-1956	
-7878	250	7655	1889	54	-1969	
-7930	360	7597	1873	84	-1983	
-7980	470	7538	1860	120	-1993	
-8031	580	7478	1843	155	-2006	
-8080	689	7416	1827	187	-2019	
-8126	799	7353	1814	215	-2029	
-8171	909	7288	1795	237	-2043	
-8216	1018	7224	1781	260	-2053	
-8259	1127	7158	1765	286	-2063	
-8302	1236	7092	1748	315	-2074	
-8343	1345	7024	1730	343	-2084	
-8381	1454	6954	1712	370	-2094	
-8421	1562	6884	1697	399	-2102	
-8458	1671	6811	1677	426	-2112	
-8492	1778	6740	1659	453	-2121	
-8527	1886	6666	1643	480	-2128	
-8560	1993	6592	1622	505	-2137	
-8592	2101	6517	1603	531	-2145	
-8622	2208	6441	1585	558	-2153	
-8651	2314	6364	1565	586	-2160	
-8681	2419	6285	1546	612	-2166	
-8707	2526	6206	1525	638	-2174	
-8732	2632	6126	1506	664	-2179	
-8756	2735	6044	1486	691	-2184	
-8779	2840	5962	1466	717	-2190	
-8801	2945	5880	1445	743	-2195	
-8820	3048	5796	1423	770	-2200	
-8839	3152	5711	1404	796	-2203	
-8857	3254	5626	1383	821	-2207	
-8872	3356	5539	1360	845	-2212	
-8887	3459	5453	1339	872	-2216	
-8900	3560	5365	1317	897	-2219	
-8913	3660	5275	1294	922	-2222	
-8924	3761	5187	1271	946	-2225	
-8933	3860	5097	1248	970	-2226	
-8941	3960	5005	1227	996	-2228	
-8947	4058	4912	1204	1019	-2230	
-8953	4155	4821	1181	1044	-2231	
-8958	4253	4728	1158	1070	-2232	
-8959	4350	4633	1134	1094	-2232	
-8961	4445	4539	1112	1118	-2232	
-8961	4540	4443	1088	1141	-2232	
-8959	4636	4347	1063	1164	-2232	
-8956	4730	4250	1038	1188	-2231	
-8953	4822	4153	1014	1211	-2230	
-8949	4915	4056	990	1235	-2227	
-8942	5006	3956	966	1258	-2225	
-8931	5098	3857	942	1280	-2224	
-8923	5188	3758	917	1301	-2222	
-8914	5277	3658	893	1324	-2218	
-8901	5366	3556	867	1346	-2215	
-8888	5454	3455	841	1368	-2212	
-8873	5541	3352	817	1391	-2207	
-8855	5627	3250	792	1411	-2203	
-8838	5711	3147	766	1432	-2199	
-8819	5797	3044	740	1453	-2193	
-8800	5880	2940	715	1473	-2189	
-8780	5963	2836	689	1495	-2183	
-8755	6044	2731	663	1515	-2177	
-8730	6125	2626	637	1535	-2171	
-8706	6205	2521	611	1554	-2165	
-8679	6284	2415	585	1574	-2158	
-8651	6362	2309	558	1593	-2150	
-8622	6439	2203	530	1612	-2143	
-8590	6517	2095	505	1633	-2135	
-8560	6591	1987	480	1652	-2128	
-8526	6665	1879	451	1669	-2120	
-8491	6739	1771	426	1686	-2111	
-8456	6811	1662	400	1705	-2101	
-8418	6882	1554	372	1723	-2092	
-8381	6952	1446	347	1739	-2083	
-8341	7021	1337	320	1756	-2072	
-8298	7089	1227	292	1774	-2062	
-8256	7156	1118	265	1790	-2051	
-8215	7222	1009	239	1806	-2039	
-8171	7287	900	214	1823	-2027	
-8124	7351	789	186	1838	-2017	
-8076	7412	679	161	1855	-2006	
-8030	7474	570	136	1870	-1993	
-7979	7535	460	108	1884	-1981	
-7928	7594	350	83	1898	-1967	
-7877	7652	240	58	1913	-1953	
-7824	7709	130	31	1927	-1941	
-7770	7765	20	3	1940	-1927	
-7715	7820	-90	-28	1953	-1913	
-7658	7872	-201	-61	1968	-1900	
-7600	7925	-312	-95	1981	-1886	
-7543	7976	-421	-127	1993	-1870	
-7482	8026	-530	-153	2005	-1855	
-7419	8075	-641	-176	2017	-1839	
-7358	8122	-751	-199	2030	-1823	
-7295	8168	-860	-226	2041	-1808	
-7232	8214	-969	-256	2050	-1792	
-7166	8257	-1079	-283	2062	-1775	
-7100	8300	-1188	-310	2074	-1757	
-7033	8341	-1297	-337	2083	-1740	
-6961	8381	-1406	-363	2092	-1723	
-6892	8420	-1514	-391	2102	-1706	
-6823	8457	-1623	-417	2112	-1688	
-6752	8494	-1732	-445	2120	-1671	
-6679	8529	-1839	-471	2129	-1652	
-6605	8562	-1945	-497	2137	-1633	
-6531	8593	-2053	-525	2144	-1615	
-6455	8624	-2161	-551	2153	-1596	
-6378	8654	-2267	-577	2160	-1578	
-6300	8683	-2374	-605	2165	-1558	
-6221	8711	-2480	-630	2172	-1538	
-6142	8736	-2585	-656	2179	-1517	
-6061	8761	-2691	-683	2185	-1498	
-5979	8784	-2797	-709	2190	-1477	
-5897	8805	-2901	-735	2195	-1457	
-5815	8827	-3005	-760	2201	-1437	
-5731	8845	-3109	-785	2205	-1415	
-5645	8863	-3212	-812	2209	-1393	
-5560	8880	-3314	-836	2213	-1371	
-5473	8895	-3417	-861	2217	-1350	
-5385	8910	-3518	-886	2221	-1328	
-5296	8921	-3619	-912	2224	-1305	
-5208	8933	-3720	-937	2226	-1284	
-5120	8943	-3819	-963	2227	-1261	
-5027	8951	-3920	-987	2229	-1238	
-4936	8958	-4019	-1010	2231	-1216	
-4845	8964	-4115	-1035	2233	-1191	
-4753	8968	-4213	-1060	2234	-1169	
-4660	8972	-4311	-1083	2234	-1145	
-4564	8974	-4407	-1106	2235	-1122	
-4468	8975	-4502	-1130	2234	-1097	
-4372	8974	-4598	-1153	2234	-1072	
-4277	8970	-4693	-1176	2234	-1049	
-4180	8966	-4786	-1200	2232	-1026	
-4083	8962	-4878	-1222	2232	-1000	
-3984	8955	-4970	-1245	2228	-976	
-3886	8948	-5062	-1269	2226	-952	
-3786	8939	-5153	-1291	2224	-926	
-3686	8929	-5242	-1313	2221	-901	
-3586	8916	-5330	-1334	2219	-876	
-3485	8904	-5419	-1356	2215	-851	
-3383	8890	-5507	-1378	2211	-826	
-3281	8873	-5594	-1399	2207	-801	
-3179	8857	-5679	-1420	2202	-775	
-3075	8839	-5764	-1440	2198	-747	
-2972	8819	-5848	-1461	2193	-723	
-2869	8797	-5931	-1482	2187	-697	
-2764	8775	-6013	-1501	2183	-670	
-2658	8752	-6094	-1523	2175	-645	
-2553	8727	-6175	-1542	2168	-619	
-2448	8701	-6255	-1561	2163	-593	
-2343	8673	-6333	-1582	2154	-566	
-2237	8644	-6410	-1600	2147	-540	
-2129	8615	-6488	-1620	2140	-513	
-2022	8583	-6563	-1638	2132	-487	
-1916	8549	-6638	-1656	2123	-460	
-1810	8515	-6711	-1675	2114	-433	
-1703	8480	-6784	-1692	2106	-405	
-1594	8443	-6855	-1709	2096	-379	
-1487	8405	-6926	-1726	2088	-353	
-1378	8366	-6996	-1742	2078	-324	
-1268	8326	-7064	-1762	2066	-299	
-1160	8284	-7132	-1778	2055	-272	
-1051	8241	-7198	-1794	2044	-245	
-941	8196	-7263	-1810	2033	-219	
-831	8152	-7327	-1826	2022	-191	
-721	8105	-7390	-1842	2010	-165	
-612	8057	-7452	-1855	1999	-138	
-501	8008	-7513	-1870	1986	-112	
-392	7957	-7573	-1886	1972	-86	
-283	7906	-7632	-1900	1960	-62	
-173	7853	-7688	-1914	1947	-37	
-62	7799	-7745	-1927	1933	-12	
47	7744	-7801	-1940	1919	12	
156	7689	-7854	-1955	1905	38	
267	7632	-7906	-1968	1889	67	
375	7572	-7958	-1980	1875	102	
484	7513	-8008	-1992	1861	142	
595	7453	-8058	-2004	1845	178	
704	7391	-8105	-2016	1829	208	
813	7328	-8152	-2027	1813	230	
923	7264	-8198	-2038	1798	249	
1032	7199	-8241	-2050	1780	274	
1140	7132	-8286	-2060	1763	302	
1249	7064	-8327	-2069	1749	331	
1359	6996	-8367	-2079	1731	359	
1468	6926	-8407	-2089	1713	387	
1576	6856	-8445	-2098	1695	413	
1684	6785	-8481	-2108	1676	439	
1791	6713	-8517	-2116	1658	467	
1899	6640	-8551	-2125	1640	493	
2007	6564	-8583	-2132	1622	520	
2113	6488	-8615	-2139	1602	547	
2219	6412	-8646	-2147	1582	573	
2325	6335	-8675	-2154	1564	601	
2431	6257	-8703	-2161	1544	627	
2539	6177	-8728	-2168	1524	652	
2641	6097	-8753	-2173	1505	680	
2744	6015	-8777	-2179	1483	705	
2851	5933	-8799	-2184	1462	731	
2955	5851	-8820	-2189	1442	758	
3057	5767	-8840	-2195	1419	782	
3160	5682	-8859	-2199	1399	808	
3264	5597	-8876	-2202	1377	834	
3367	5510	-8892	-2205	1356	860	
3466	5422	-8906	-2210	1334	885	
3567	5334	-8919	-2213	1312	910	
3668	5246	-8931	-2215	1290	936	
3768	5157	-8941	-2219	1265	959	
3869	5066	-8950	-2220	1244	984	
3967	4975	-8958	-2220	1222	1010	
4065	4883	-8963	-2223	1197	1034	
4161	4790	-8969	-2224	1176	1058	
4258	4697	-8973	-2224	1152	1083	
4354	4602	-8975	-2224	1127	1107	
4450	4508	-8976	-2225	1104	1130	
4546	4412	-8976	-2224	1080	1152	
4639	4316	-8973	-2223	1056	1177	
4732	4219	-8970	-2223	1033	1201	
4824	4122	-8965	-2222	1008	1223	
4916	4023	-8960	-2220	984	1246	
5009	3925	-8952	-2218	958	1268	
5099	3827	-8943	-2214	934	1290	
5189	3727	-8934	-2212	909	1314	
5278	3626	-8922	-2211	882	1336	
5367	3525	-8909	-2206	859	1359	
5453	3423	-8896	-2203	833	1380	
5539	3322	-8880	-2199	807	1401	
5627	3219	-8863	-2195	782	1422	
5711	3115	-8846	-2190	755	1444	
5794	3012	-8826	-2185	730	1464	
5877	2908	-8804	-2180	704	1484	
5960	2804	-8784	-2173	679	1506	
6041	2699	-8760	-2168	652	1526	
6122	2594	-8736	-2162	626	1546	
6202	2489	-8711	-2155	600	1565	
6279	2382	-8683	-2148	573	1585	
6357	2276	-8654	-2141	546	1603	
6434	2170	-8625	-2134	520	1623	
6510	2063	-8594	-2125	494	1643	
6586	1956	-8561	-2117	467	1661	
6660	1848	-8527	-2109	441	1680	
6732	1740	-8492	-2100	414	1697	
6803	1632	-8455	-2090	387	1715	
6874	1524	-8418	-2080	360	1733	
6944	1415	-8379	-2071	333	1749	
7012	1307	-8339	-2060	306	1766	
7081	1197	-8298	-2050	279	1784	
7146	1088	-8255	-2040	252	1800	
7211	979	-8212	-2030	226	1815	
7277	868	-8166	-2018	199	1831	
7339	760	-8120	-2005	173	1848	
7401	651	-8072	-1993	147	1864	
7462	541	-8023	-1982	120	1878	
7522	430	-7974	-1969	95	1893	
7581	320	-7923	-1957	69	1907	
7638	211	-7869	-1944	43	1921	
7695	101	-7817	-1930	19	1936	
7749	-10	-7762	-1917	-11	1949	
7805	-119	-7705	-1901	-41	1963	
7858	-230	-7649	-1887	-76	1975	
7909	-340	-7590	-1874	-114	1987	
7961	-450	-7532	-1857	-145	2001	
8009	-559	-7472	-1843	-171	2012	
8056	-668	-7409	-1828	-193	2024	
8104	-779	-7347	-1813	-216	2036	
8150	-888	-7282	-1797	-243	2046	
8193	-997	-7217	-1780	-273	2059	
8237	-1106	-7153	-1764	-302	2069	
8280	-1215	-7085	-1745	-328	2079	
8320	-1324	-7018	-1729	-355	2089	
8360	-1432	-6948	-1712	-382	2098	
8397	-1541	-6878	-1693	-409	2110	
8433	-1649	-6805	-1676	-436	2118	
8469	-1756	-6733	-1659	-462	2126	
8504	-1864	-6661	-1639	-489	2136	
8539	-1972	-6586	-1622	-516	2142	
8570	-2079	-6510	-1604	-544	2150	
8600	-2186	-6434	-1584	-570	2158	
8629	-2292	-6358	-1565	-597	2165	
8657	-2398	-6279	-1545	-623	2172	
8685	-2504	-6199	-1525	-650	2178	
8710	-2609	-6119	-1507	-676	2184	
8734	-2715	-6039	-1486	-703	2191	
8757	-2819	-5957	-1465	-729	2196	
8778	-2923	-5874	-1443	-753	2202	
8798	-3027	-5790	-1423	-780	2205	
8815	-3130	-5705	-1402	-805	2211	
8833	-3233	-5620	-1379	-829	2215	
8850	-3335	-5534	-1359	-858	2218	
8865	-3437	-5447	-1338	-883	2222	
8877	-3539	-5358	-1316	-908	2225	
8890	-3640	-5269	-1294	-933	2227	
8901	-3740	-5181	-1272	-957	2231	
8911	-3839	-5091	-1249	-982	2233	
8919	-3939	-5000	-1226	-1007	2234	
8925	-4037	-4907	-1204	-1031	2235	
8929	-4134	-4814	-1180	-1056	2237	
8932	-4231	-4721	-1156	-1079	2239	
8937	-4328	-4628	-1134	-1103	2238	
8939	-4425	-4533	-1110	-1128	2238	
8938	-4520	-4437	-1085	-1151	2239	
8936	-4614	-4341	-1063	-1176	2237	
8933	-4708	-4245	-1039	-1199	2237	
8928	-4801	-4145	-1013	-1222	2236	
8924	-4894	-4048	-990	-1245	2234	
8919	-4986	-3950	-966	-1268	2231	
8909	-5077	-3850	-940	-1290	2229	
8899	-5167	-3750	-915	-1313	2228	
8888	-5256	-3650	-891	-1336	2225	
8877	-5344	-3549	-866	-1357	2222	
8863	-5432	-3447	-841	-1378	2217	
8847	-5519	-3346	-814	-1399	2213	
8832	-5606	-3243	-789	-1422	2210	
8815	-5691	-3140	-765	-1444	2206	
8796	-5776	-3037	-740	-1465	2200	
8776	-5859	-2933	-713	-1486	2195	
8754	-5941	-2828	-687	-1505	2190	
8731	-6023	-2723	-661	-1526	2184	
8709	-6104	-2619	-635	-1546	2178	
8683	-6184	-2513	-609	-1565	2171	
8655	-6264	-2406	-583	-1584	2163	
8627	-6341	-2299	-557	-1604	2156	
8597	-6418	-2193	-532	-1625	2149	
8567	-6494	-2086	-504	-1642	2141	
8534	-6570	-1978	-475	-1661	2133	
8500	-6644	-1871	-451	-1681	2123	
8467	-6717	-1763	-424	-1697	2116	
8432	-6790	-1655	-397	-1716	2107	
8394	-6861	-1547	-371	-1734	2098	
8356	-6931	-1439	-344	-1750	2088	
8317	-7000	-1329	-317	-1768	2077	
8277	-7068	-1219	-290	-1785	2067	
8235	-7135	-1112	-264	-1801	2057	
8190	-7201	-1002	-236	-1817	2046	
8145	-7265	-892	-210	-1834	2034	
8101	-7329	-783	-186	-1851	2021	
8054	-7392	-672	-156	-1864	2010	
8006	-7453	-563	-129	-1879	1999	
7956	-7514	-452	-105	-1896	1985	
7905	-7572	-343	-79	-1909	1974	
7853	-7631	-233	-52	-1924	1961	
7800	-7688	-122	-28	-1938	1946	
7747	-7743	-12	-2	-1952	1931	
7692	-7799	97	24	-1966	1917	
7634	-7852	208	53	-1977	1904	
7576	-7904	319	81	-1991	1890	
7517	-7955	428	112	-2003	1876	
7458	-8005	538	145	-2015	1860	
7398	-8054	648	176	-2030	1844	
7335	-8101	757	208	-2039	1830	
7272	-8147	867	231	-2050	1812	
7207	-8193	977	254	-2064	1795	
7142	-8236	1087	283	-2074	1780	
7075	-8278	1195	308	-2084	1763	
7007	-8320	1304	337	-2093	1746	
6939	-8360	1413	363	-2103	1729	
6868	-8398	1522	391	-2113	1712	
6798	-8435	1630	418	-2122	1694	
6728	-8472	1739	443	-2131	1675	
6656	-8507	1846	472	-2139	1657	
6582	-8541	1954	498	-2148	1638	
6506	-8574	2062	523	-2156	1620	
6429	-8604	2170	551	-2162	1602	
6351	-8633	2277	577	-2170	1581	
6275	-8662	2384	602	-2177	1562	
6197	-8689	2490	630	-2183	1543	
6118	-8715	2595	656	-2191	1523	
6038	-8739	2700	682	-2197	1503	
5956	-8763	2805	710	-2201	1482	
5874	-8785	2910	734	-2207	1461	
5790	-8805	3013	760	-2211	1440	
5706	-8824	3117	785	-2216	1419	
5623	-8842	3220	810	-2221	1399	
5535	-8858	3322	837	-2224	1377	
5450	-8874	3425	861	-2228	1355	
5362	-8889	3526	888	-2231	1332	
5273	-8900	3627	912	-2233	1310	
5185	-8912	3727	937	-2236	1289	
5094	-8921	3828	962	-2239	1266	
5006	-8930	3928	985	-2240	1244	
4913	-8938	4026	1011	-2242	1221	
4819	-8943	4125	1035	-2244	1197	
4729	-8947	4223	1059	-2245	1174	
4635	-8951	4319	1083	-2245	1150	
4541	-8953	4415	1106	-2244	1127	
4446	-8954	4510	1130	-2246	1102	
4350	-8953	4605	1154	-2245	1080	
4253	-8950	4699	1177	-2243	1056	
4156	-8947	4794	1201	-2242	1030	
4060	-8941	4886	1223	-2241	1006	
3960	-8935	4977	1245	-2240	982	
3862	-8927	5070	1268	-2238	958	
3764	-8919	5160	1291	-2236	931	
3663	-8910	5251	1313	-2233	907	
3563	-8897	5339	1334	-2230	882	
3463	-8884	5427	1356	-2226	857	
3361	-8869	5515	1377	-2222	832	
3258	-8853	5600	1399	-2218	807	
3155	-8836	5687	1420	-2214	781	
3053	-8817	5771	1441	-2208	756	
2949	-8798	5855	1463	-2203	730	
2845	-8777	5939	1482	-2197	703	
2741	-8754	6020	1503	-2191	678	
2635	-8732	6103	1523	-2186	651	
2531	-8706	6183	1542	-2180	624	
2425	-8680	6262	1563	-2173	599	
2319	-8652	6341	1581	-2166	572	
2215	-8623	6418	1600	-2158	546	
2108	-8592	6494	1619	-2151	518	
1999	-8561	6570	1637	-2141	492	
1892	-8528	6645	1656	-2134	466	
1785	-8495	6719	1675	-2126	440	
1679	-8459	6791	1693	-2115	414	
1571	-8421	6862	1710	-2107	386	
1461	-8385	6933	1728	-2096	359	
1353	-8346	7003	1745	-2086	333	
1243	-8304	7071	1760	-2077	306	
1133	-8263	7139	1778	-2067	278	
1026	-8221	7206	1794	-2055	252	
916	-8176	7270	1809	-2044	225	
806	-8131	7334	1826	-2032	198	
696	-8083	7397	1841	-2020	172	
587	-8036	7459	1855	-2008	147	
477	-7987	7521	1870	-1997	121	
368	-7936	7580	1886	-1984	97	
259	-7885	7639	1902	-1969	72	
149	-7833	7697	1915	-1956	45	
39	-7779	7752	1928	-1943	22	
-71	-7723	7807	1942	-1929	-5	
-180	-7667	7861	1954	-1915	-36	
-291	-7611	7914	1967	-1901	-73	
-399	-7552	7965	1980	-1887	-118	
-509	-7492	8015	1991	-1873	-156	
-620	-7432	8064	2003	-1857	-179	
-731	-7370	8112	2016	-1840	-195	
-840	-7306	8159	2028	-1823	-213	
-947	-7242	8204	2038	-1808	-240	
-1058	-7177	8249	2050	-1791	-271	
-1167	-7111	8292	2061	-1774	-300	
-1275	-7044	8333	2070	-1758	-329	
-1385	-6976	8374	2081	-1739	-353	
-1492	-6906	8414	2090	-1722	-379	
-1601	-6834	8452	2099	-1705	-408	
-1710	-6763	8488	2107	-1688	-435	
-1815	-6691	8523	2116	-1669	-462	
-1922	-6618	8556	2125	-1650	-489	
-2030	-6544	8590	2132	-1631	-515	
-2136	-6468	8622	2139	-1612	-542	
-2241	-6391	8651	2146	-1594	-569	
-2346	-6314	8680	2154	-1574	-596	
-2453	-6235	8708	2161	-1553	-622	
-2558	-6155	8735	2167	-1534	-648	
-2664	-6075	8760	2173	-1514	-675	
-2769	-5995	8783	2180	-1493	-700	
-2873	-5913	8806	2185	-1473	-725	
-2977	-5830	8827	2188	-1453	-752	
-3080	-5745	8846	2194	-1431	-778	
-3184	-5661	8865	2199	-1409	-804	
-3287	-5575	8882	2201	-1388	-829	
-3389	-5488	8898	2205	-1366	-855	
-3489	-5402	8911	2210	-1344	-880	
-3590	-5314	8925	2213	-1321	-906	
-3690	-5225	8936	2215	-1299	-931	
-3791	-5134	8947	2217	-1278	-955	
-3892	-5045	8955	2219	-1254	-980	
-3989	-4954	8962	2221	-1230	-1005	
-4087	-4861	8969	2223	-1209	-1029	
-4184	-4769	8974	2224	-1184	-1053	
-4280	-4676	8978	2224	-1162	-1077	
-4377	-4582	8981	2224	-1138	-1101	
-4473	-4487	8981	2225	-1114	-1124	
-4568	-4391	8981	2224	-1091	-1148	
-4661	-4295	8979	2223	-1066	-1172	
-4754	-4198	8976	2222	-1042	-1195	
-4848	-4101	8971	2221	-1017	-1219	
-4939	-4003	8964	2219	-994	-1241	
-5031	-3904	8958	2217	-970	-1266	
-5122	-3804	8950	2215	-942	-1287	
-5212	-3704	8939	2213	-918	-1308	
-5302	-3604	8928	2209	-894	-1331	
