-506	-7494	8014	1992	-1870	-154	
-615	-7434	8064	2004	-1855	-177	
-726	-7372	8111	2016	-1840	-192	
-834	-7310	8157	2028	-1825	-211	
-943	-7245	8203	2038	-1809	-239	
-1053	-7179	8247	2049	-1792	-270	
-1162	-7114	8291	2059	-1776	-300	
-1271	-7046	8332	2069	-1758	-328	
-1380	-6978	8372	2079	-1740	-354	
-1488	-6908	8412	2088	-1724	-380	
-1597	-6838	8449	2098	-1706	-408	
-1705	-6766	8487	2107	-1687	-434	
-1811	-6694	8522	2116	-1668	-460	
-1919	-6622	8557	2124	-1651	-487	
-2024	-6545	8589	2130	-1632	-515	
-2131	-6470	8621	2140	-1613	-541	
-2238	-6394	8651	2148	-1594	-568	
-2342	-6316	8679	2153	-1574	-594	
-2448	-6237	8707	2160	-1555	-621	
-2555	-6158	8733	2166	-1534	-648	
-2659	-6078	8759	2173	-1514	-673	
-2764	-5998	8783	2178	-1495	-700	
-2869	-5915	8805	2184	-1473	-726	
-2974	-5832	8825	2188	-1453	-752	
-3077	-5748	8845	2192	-1432	-778	
-3180	-5663	8865	2198	-1409	-804	
-3283	-5579	8881	2202	-1388	-830	
-3384	-5493	8896	2204	-1368	-855	
-3486	-5405	8910	2210	-1345	-880	
-3587	-5317	8923	2212	-1323	-905	
-3687	-5228	8936	2214	-1301	-930	
-3787	-5139	8947	2217	-1278	-954	
-3886	-5048	8955	2219	-1255	-978	
-3985	-4957	8962	2221	-1232	-1004	
-4083	-4866	8970	2223	-1209	-1029	
-4180	-4771	8974	2224	-1185	-1052	
-4278	-4679	8978	2223	-1163	-1076	
-4374	-4586	8981	2225	-1138	-1100	
-4469	-4491	8981	2225	-1114	-1124	
-4566	-4396	8981	2224	-1092	-1148	
-4660	-4298	8979	2223	-1068	-1172	
-4752	-4203	8975	2222	-1044	-1194	
-4844	-4105	8971	2221	-1018	-1218	
-4937	-4005	8965	2219	-993	-1241	
-5028	-3908	8958	2218	-969	-1263	
-5119	-3808	8949	2216	-944	-1285	
-5209	-3709	8939	2213	-919	-1308	
-5297	-3609	8927	2210	-894	-1330	
-5385	-3506	8915	2207	-869	-1351	
-5473	-3404	8902	2202	-845	-1374	
-5560	-3303	8886	2199	-818	-1395	
-5646	-3200	8870	2194	-791	-1417	
-5729	-3097	8852	2190	-766	-1437	
-5814	-2994	8833	2185	-741	-1457	
-5898	-2891	8812	2179	-715	-1480	
-5980	-2786	8790	2175	-688	-1500	
-6062	-2681	8767	2168	-663	-1520	
-6143	-2576	8742	2161	-637	-1539	
-6222	-2471	8717	2156	-609	-1559	
-6300	-2364	8690	2148	-584	-1580	
-6378	-2258	8660	2140	-557	-1597	
-6454	-2151	8631	2133	-530	-1617	
-6530	-2044	8600	2126	-505	-1637	
-6606	-1937	8567	2118	-476	-1655	
-6678	-1829	8533	2109	-449	-1673	
-6750	-1722	8498	2102	-422	-1690	
-6823	-1614	8462	2090	-396	-1708	
-6895	-1506	8424	2080	-370	-1727	
-6965	-1398	8387	2071	-343	-1743	
-7033	-1289	8346	2061	-317	-1761	
-7101	-1181	8305	2052	-290	-1777	
-7167	-1070	8263	2040	-262	-1793	
-7232	-961	8218	2029	-235	-1810	
-7296	-852	8174	2018	-210	-1827	
-7357	-742	8127	2006	-182	-1841	
-7422	-632	8079	1994	-154	-1855	
-7483	-522	8032	1983	-128	-1872	
-7543	-413	7980	1971	-102	-1886	
-7601	-303	7929	1958	-75	-1901	
-7659	-193	7879	1944	-52	-1915	
-7717	-83	7825	1929	-26	-1930	
-7770	28	7769	1916	0	-1943	
-7825	137	7714	1903	25	-1956	
-7879	248	7657	1889	53	-1969	
-7930	357	7598	1874	83	-1982	
-7981	467	7539	1859	118	-1994	
-8030	578	7478	1843	154	-2006	
-8077	687	7417	1829	187	-2017	
-8123	796	7354	1814	215	-2029	
-8171	905	7290	1798	237	-2042	
-8215	1015	7226	1781	259	-2052	
-8258	1125	7159	1765	286	-2062	
-8302	1233	7093	1748	313	-2073	
-8342	1343	7025	1730	342	-2083	
-8382	1451	6955	1712	371	-2092	
-8420	1559	6885	1695	397	-2103	
-8457	1668	6814	1676	424	-2112	
-8493	1776	6742	1660	451	-2120	
-8527	1883	6668	1643	478	-2127	
-8560	1990	6594	1622	504	-2137	
-8592	2098	6518	1604	532	-2144	
-8621	2205	6442	1586	559	-2151	
-8651	2311	6365	1565	586	-2160	
-8681	2417	6286	1546	612	-2166	
-8707	2523	6208	1527	637	-2172	
-8732	2629	6128	1507	664	-2178	
-8757	2733	6047	1487	689	-2184	
-8780	2838	5965	1465	716	-2190	
-8801	2942	5882	1445	742	-2194	
-8822	3046	5798	1423	768	-2199	
-8840	3150	5714	1402	794	-2204	
-8857	3253	5628	1382	820	-2207	
-8872	3354	5542	1360	846	-2212	
-8887	3456	5455	1339	871	-2216	
-8901	3558	5367	1318	896	-2218	
-8913	3659	5279	1296	922	-2222	
-8924	3758	5189	1272	946	-2225	
-8933	3857	5098	1250	970	-2226	
-8942	3958	5007	1228	996	-2227	
-8949	4056	4916	1205	1020	-2230	
-8953	4152	4823	1182	1043	-2231	
-8958	4250	4730	1158	1068	-2232	
-8961	4347	4635	1135	1093	-2232	
-8962	4443	4540	1112	1117	-2232	
-8962	4538	4446	1088	1141	-2231	
-8960	4633	4349	1063	1164	-2231	
-8958	4727	4252	1039	1187	-2231	
-8955	4820	4154	1017	1211	-2230	
-8948	4913	4057	992	1234	-2228	
-8940	5005	3959	965	1255	-2227	
-8933	5096	3859	942	1278	-2224	
-8925	5185	3760	918	1301	-2221	
-8914	5275	3659	893	1323	-2219	
-8902	5363	3558	868	1346	-2215	
-8888	5452	3457	843	1367	-2211	
-8874	5539	3355	818	1388	-2208	
-8857	5625	3252	792	1410	-2204	
-8839	5710	3149	766	1432	-2200	
-8821	5794	3046	741	1452	-2195	
-8800	5879	2942	714	1472	-2190	
-8779	5962	2838	689	1493	-2184	
-8757	6042	2734	662	1514	-2177	
-8733	6124	2629	637	1533	-2172	
-8706	6204	2523	612	1552	-2165	
-8680	6283	2417	584	1573	-2157	
-8653	6361	2312	559	1592	-2151	
-8623	6437	2205	532	1612	-2143	
-8592	6514	2097	506	1631	-2137	
-8560	6589	1989	480	1649	-2127	
-8528	6664	1881	452	1668	-2119	
-8492	6737	1772	428	1686	-2110	
-8456	6809	1664	399	1703	-2102	
-8418	6881	1556	373	1720	-2093	
-8381	6951	1448	348	1740	-2081	
-8341	7020	1339	321	1757	-2072	
-8300	7087	1229	295	1774	-2062	
-8260	7154	1120	266	1789	-2052	
-8217	7221	1011	240	1806	-2040	
-8172	7285	901	214	1822	-2029	
-8125	7348	792	188	1838	-2018	
-8079	7412	682	162	1854	-2005	
-8031	7473	573	136	1869	-1993	
-7982	7532	464	110	1883	-1981	
-7931	7593	353	85	1899	-1966	
-7878	7652	242	58	1913	-1954	
-7825	7707	132	32	1927	-1941	
-7771	7764	23	5	1942	-1928	
-7717	7818	-87	-23	1955	-1913	
-7660	7871	-198	-57	1967	-1898	
-7603	7924	-308	-95	1979	-1886	
-7544	7976	-419	-127	1992	-1871	
-7485	8025	-529	-153	2005	-1854	
-7424	8074	-637	-175	2016	-1839	
-7361	8121	-747	-199	2028	-1824	
-7298	8167	-857	-225	2040	-1808	
-7234	8212	-966	-253	2051	-1791	
-7167	8256	-1076	-282	2061	-1775	
-7100	8299	-1185	-308	2072	-1758	
-7032	8340	-1294	-335	2082	-1741	
-6964	8380	-1404	-362	2092	-1725	
-6895	8418	-1512	-388	2103	-1706	
-6823	8456	-1620	-415	2111	-1688	
-6752	8493	-1728	-444	2119	-1671	
-6680	8527	-1836	-471	2128	-1652	
-6606	8562	-1943	-497	2136	-1634	
-6532	8594	-2050	-522	2143	-1615	
-6457	8624	-2157	-550	2151	-1596	
-6380	8654	-2265	-576	2160	-1576	
-6303	8682	-2372	-603	2166	-1558	
-6222	8710	-2478	-629	2172	-1538	
-6143	8736	-2584	-655	2180	-1517	
-6063	8760	-2689	-681	2186	-1498	
-5980	8783	-2795	-707	2191	-1477	
-5899	8805	-2899	-733	2195	-1456	
-5816	8826	-3003	-758	2201	-1434	
-5731	8845	-3106	-785	2205	-1414	
-5648	8863	-3209	-811	2208	-1392	
-5562	8880	-3311	-835	2212	-1371	
-5476	8895	-3414	-861	2216	-1350	
-5388	8908	-3515	-886	2220	-1326	
-5298	8921	-3616	-910	2222	-1304	
-5210	8932	-3717	-937	2226	-1284	
-5121	8943	-3817	-961	2229	-1261	
-5031	8952	-3917	-984	2230	-1238	
-4940	8959	-4016	-1008	2232	-1214	
-4848	8964	-4114	-1033	2233	-1192	
-4755	8969	-4210	-1058	2234	-1168	
-4660	8972	-4308	-1081	2235	-1144	
-4566	8974	-4404	-1105	2235	-1121	
-4472	8974	-4499	-1129	2235	-1098	
-4376	8974	-4595	-1152	2234	-1074	
-4280	8971	-4689	-1175	2233	-1049	
-4183	8967	-4783	-1199	2232	-1025	
-4086	8963	-4876	-1222	2231	-1001	
-3988	8956	-4968	-1244	2230	-976	
-3888	8949	-5059	-1267	2226	-952	
-3789	8940	-5150	-1289	2225	-927	
-3690	8929	-5240	-1312	2223	-903	
-3588	8917	-5329	-1335	2219	-878	
-3487	8904	-5417	-1358	2214	-853	
-3386	8890	-5506	-1377	2212	-826	
-3285	8875	-5591	-1398	2207	-801	
-3182	8858	-5677	-1421	2202	-776	
-3078	8839	-5762	-1441	2197	-750	
-2975	8819	-5846	-1461	2193	-723	
-2872	8799	-5929	-1482	2188	-698	
-2767	8776	-6012	-1503	2181	-672	
-2661	8752	-6093	-1521	2177	-647	
-2557	8728	-6174	-1543	2169	-621	
-2451	8702	-6253	-1563	2161	-593	
-2343	8673	-6331	-1580	2156	-567	
-2240	8644	-6409	-1600	2147	-542	
-2134	8615	-6486	-1620	2139	-516	
-2026	8583	-6562	-1638	2132	-488	
-1920	8550	-6636	-1655	2123	-460	
-1813	8516	-6709	-1673	2114	-434	
-1705	8481	-6783	-1692	2105	-407	
-1598	8444	-6853	-1709	2097	-380	
-1490	8406	-6924	-1726	2087	-353	
-1382	8367	-6994	-1743	2077	-327	
-1273	8328	-7061	-1758	2067	-299	
-1162	8286	-7128	-1778	2055	-272	
-1052	8242	-7196	-1794	2045	-246	
-945	8198	-7261	-1809	2035	-220	
-835	8152	-7326	-1825	2022	-193	
-725	8105	-7389	-1841	2010	-167	
-615	8058	-7451	-1856	1998	-141	
-506	8010	-7512	-1871	1986	-113	
-397	7960	-7571	-1885	1973	-87	
-286	7908	-7630	-1899	1958	-63	
-176	7855	-7687	-1913	1946	-38	
-67	7801	-7743	-1928	1933	-14	
42	7746	-7798	-1941	1919	12	
152	7690	-7852	-1953	1905	37	
263	7633	-7906	-1968	1890	65	
373	7574	-7957	-1979	1876	102	
482	7514	-8007	-1991	1861	140	
592	7454	-8057	-2002	1846	179	
701	7392	-8105	-2015	1830	209	
810	7329	-8151	-2028	1813	228	
920	7266	-8197	-2037	1797	250	
1029	7201	-8241	-2048	1781	271	
1138	7135	-8284	-2060	1764	299	
1248	7067	-8326	-2070	1747	331	
1356	6998	-8366	-2079	1731	358	
1464	6929	-8405	-2089	1713	385	
1572	6858	-8444	-2097	1695	413	
1680	6786	-8479	-2107	1677	439	
1789	6715	-8515	-2117	1660	465	
1896	6641	-8551	-2123	1642	493	
2003	6567	-8583	-2130	1622	520	
2112	6491	-8615	-2140	1602	545	
2217	6414	-8645	-2147	1583	572	
2323	6337	-8674	-2154	1564	600	
2429	6259	-8701	-2161	1544	626	
2534	6179	-8728	-2167	1524	652	
2639	6099	-8752	-2174	1504	678	
2743	6018	-8776	-2179	1483	705	
2847	5936	-8799	-2184	1463	731	
2952	5853	-8819	-2188	1443	758	
3055	5769	-8839	-2192	1421	783	
3157	5684	-8858	-2197	1400	808	
3261	5599	-8875	-2202	1380	834	
3363	5513	-8890	-2205	1357	859	
3464	5425	-8905	-2209	1336	885	
3566	5338	-8918	-2213	1313	910	
3667	5249	-8930	-2215	1289	935	
3766	5160	-8941	-2217	1268	959	
3866	5069	-8949	-2220	1245	984	
3965	4978	-8957	-2221	1221	1008	
4062	4885	-8964	-2222	1199	1033	
4158	4792	-8968	-2223	1175	1057	
4255	4699	-8971	-2223	1153	1081	
4352	4605	-8975	-2223	1129	1105	
4448	4510	-8976	-2224	1105	1129	
4542	4415	-8975	-2224	1082	1152	
4636	4318	-8973	-2223	1057	1176	
4731	4222	-8970	-2223	1033	1199	
4823	4125	-8966	-2222	1007	1222	
4915	4026	-8960	-2220	984	1246	
5008	3928	-8953	-2218	959	1269	
5098	3828	-8944	-2216	933	1290	
5188	3729	-8934	-2213	910	1313	
5275	3629	-8923	-2210	884	1335	
5363	3528	-8911	-2206	859	1357	
5451	3427	-8896	-2202	834	1379	
5538	3324	-8880	-2198	808	1400	
5624	3222	-8864	-2194	783	1422	
5708	3119	-8847	-2190	757	1443	
5792	3015	-8827	-2185	730	1463	
5876	2912	-8806	-2180	705	1484	
5958	2807	-8784	-2174	678	1505	
6039	2702	-8761	-2167	653	1525	
6121	2598	-8737	-2161	628	1544	
6202	2492	-8711	-2155	600	1566	
6280	2385	-8684	-2149	573	1585	
6356	2279	-8655	-2141	548	1603	
6432	2173	-8625	-2133	520	1623	
6508	2066	-8594	-2127	493	1641	
6583	1959	-8561	-2117	468	1659	
6657	1851	-8527	-2108	442	1677	
6729	1743	-8493	-2101	413	1695	
6800	1635	-8456	-2091	387	1714	
6872	1527	-8419	-2081	361	1732	
6943	1418	-8380	-2072	333	1749	
7010	1310	-8340	-2062	307	1765	
7079	1201	-8299	-2052	281	1783	
7145	1091	-8256	-2040	253	1799	
7209	982	-8212	-2029	227	1815	
7274	873	-8167	-2017	202	1831	
7337	764	-8121	-2006	173	1846	
7399	653	-8073	-1995	146	1862	
7461	543	-8026	-1981	123	1878	
7520	433	-7976	-1968	96	1891	
7578	323	-7924	-1956	69	1906	
7637	213	-7872	-1944	44	1921	
7694	103	-7818	-1930	18	1935	
7749	-7	-7763	-1916	-8	1949	
7803	-117	-7707	-1903	-40	1962	
7856	-227	-7651	-1888	-77	1974	
7908	-337	-7593	-1874	-114	1987	
7959	-446	-7533	-1859	-147	1999	
8007	-555	-7472	-1843	-170	2012	
8055	-666	-7410	-1828	-192	2023	
8102	-775	-7348	-1813	-216	2036	
8147	-885	-7284	-1796	-242	2047	
8194	-994	-7220	-1780	-271	2058	
8236	-1102	-7154	-1764	-300	2070	
8278	-1211	-7087	-1747	-328	2078	
8320	-1321	-7019	-1729	-354	2089	
8359	-1430	-6949	-1713	-381	2099	
8397	-1538	-6878	-1695	-409	2108	
8434	-1646	-6808	-1676	-435	2117	
8470	-1754	-6736	-1659	-463	2125	
8505	-1861	-6663	-1641	-490	2134	
8537	-1969	-6588	-1622	-516	2143	
8568	-2076	-6512	-1603	-543	2150	
8599	-2182	-6436	-1584	-569	2157	
8629	-2289	-6359	-1565	-595	2164	
8656	-2396	-6280	-1544	-622	2172	
8683	-2501	-6202	-1525	-648	2179	
8709	-2606	-6122	-1506	-676	2183	
8733	-2712	-6041	-1485	-702	2190	
8756	-2816	-5959	-1464	-727	2195	
8777	-2920	-5877	-1444	-753	2201	
8798	-3024	-5793	-1424	-780	2206	
8816	-3127	-5708	-1402	-805	2210	
8834	-3230	-5623	-1381	-831	2213	
8849	-3332	-5536	-1361	-856	2218	
8864	-3434	-5449	-1338	-881	2223	
8878	-3535	-5361	-1316	-907	2225	
8889	-3637	-5273	-1293	-931	2227	
8901	-3737	-5182	-1271	-956	2231	
8910	-3837	-5092	-1250	-981	2234	
8918	-3936	-5001	-1228	-1006	2234	
8926	-4034	-4909	-1204	-1032	2235	
8930	-4132	-4817	-1182	-1056	2237	
8935	-4229	-4725	-1157	-1080	2237	
8938	-4326	-4630	-1133	-1104	2237	
8939	-4422	-4534	-1111	-1127	2238	
8938	-4516	-4439	-1088	-1151	2238	
8936	-4611	-4343	-1063	-1174	2237	
8934	-4706	-4247	-1038	-1197	2238	
8929	-4799	-4149	-1014	-1221	2236	
8924	-4890	-4051	-990	-1244	2233	
8918	-4982	-3953	-965	-1266	2232	
8910	-5073	-3853	-942	-1289	2230	
8901	-5164	-3753	-917	-1313	2228	
8890	-5254	-3652	-892	-1335	2225	
8879	-5342	-3552	-867	-1357	2221	
8865	-5430	-3450	-842	-1379	2217	
8850	-5516	-3348	-816	-1400	2213	
8834	-5603	-3246	-790	-1421	2209	
8817	-5688	-3143	-766	-1442	2205	
8796	-5774	-3040	-740	-1463	2200	
8777	-5857	-2936	-713	-1484	2195	
8756	-5939	-2833	-689	-1505	2189	
8731	-6022	-2727	-662	-1525	2184	
8707	-6102	-2621	-637	-1545	2177	
8683	-6182	-2515	-610	-1564	2171	
8657	-6261	-2410	-584	-1585	2164	
8629	-6339	-2304	-557	-1605	2157	
8599	-6417	-2195	-531	-1624	2149	
8569	-6492	-2089	-504	-1642	2141	
8537	-6568	-1982	-478	-1661	2134	
8504	-6642	-1874	-452	-1680	2125	
8470	-6714	-1767	-425	-1697	2115	
8433	-6787	-1658	-397	-1715	2106	
8395	-6858	-1550	-372	-1733	2097	
8358	-6928	-1442	-345	-1749	2087	
8318	-6998	-1332	-318	-1766	2076	
8277	-7066	-1224	-292	-1785	2066	
8235	-7133	-1115	-265	-1801	2058	
8194	-7200	-1004	-238	-1817	2046	
8149	-7264	-896	-212	-1833	2034	
8102	-7327	-786	-185	-1849	2022	
8056	-7390	-675	-158	-1865	2011	
8008	-7452	-566	-131	-1879	1999	
7958	-7512	-455	-106	-1895	1986	
7907	-7571	-345	-80	-1909	1974	
7855	-7630	-236	-53	-1923	1960	
7801	-7687	-126	-29	-1938	1947	
7748	-7743	-15	-3	-1951	1933	
7693	-7797	95	23	-1965	1918	
7636	-7850	205	49	-1979	1903	
7579	-7903	315	79	-1990	1890	
7520	-7953	424	111	-2004	1876	
7459	-8004	535	145	-2016	1862	
7399	-8053	644	177	-2027	1846	
7338	-8100	754	205	-2039	1829	
7273	-8146	864	230	-2051	1813	
7209	-8191	973	254	-2061	1797	
7145	-8235	1083	280	-2072	1781	
7078	-8277	1191	305	-2085	1764	
7010	-8318	1300	335	-2094	1746	
6941	-8359	1411	364	-2102	1730	
6870	-8398	1519	389	-2113	1713	
6801	-8435	1628	416	-2123	1694	
6730	-8471	1736	443	-2131	1676	
6655	-8505	1843	469	-2139	1658	
6583	-8540	1950	496	-2147	1639	
6507	-8573	2058	524	-2156	1620	
6431	-8604	2167	550	-2163	1601	
6356	-8634	2273	575	-2171	1581	
6279	-8663	2379	603	-2176	1563	
6200	-8690	2487	631	-2183	1545	
6121	-8715	2591	655	-2192	1523	
6040	-8739	2697	682	-2195	1504	
5957	-8763	2802	708	-2200	1483	
5876	-8785	2906	732	-2207	1462	
5793	-8805	3010	758	-2212	1441	
5708	-8825	3113	784	-2216	1420	
5624	-8842	3217	810	-2220	1398	
5537	-8858	3319	834	-2225	1376	
5451	-8874	3420	860	-2228	1357	
5364	-8888	3523	887	-2230	1334	
5275	-8901	3625	911	-2234	1311	
5187	-8913	3724	935	-2237	1289	
5098	-8922	3824	961	-2239	1267	
5007	-8931	3924	985	-2241	1244	
4915	-8938	4023	1010	-2242	1220	
4822	-8943	4121	1034	-2243	1197	
4730	-8948	4218	1059	-2244	1175	
4637	-8950	4316	1081	-2246	1151	
4542	-8953	4412	1105	-2246	1127	
4447	-8954	4508	1128	-2246	1104	
4352	-8953	4602	1153	-2245	1079	
4255	-8951	4697	1176	-2244	1055	
4158	-8947	4791	1199	-2242	1031	
4061	-8942	4882	1223	-2241	1007	
3963	-8936	4975	1244	-2240	983	
3866	-8928	5066	1267	-2238	958	
3766	-8919	5157	1290	-2235	934	
3666	-8908	5248	1311	-2232	908	
3566	-8897	5336	1334	-2229	884	
3464	-8884	5424	1357	-2226	860	
3364	-8869	5512	1376	-2223	832	
3261	-8853	5598	1398	-2219	807	
3159	-8837	5684	1419	-2215	782	
3056	-8818	5770	1439	-2209	756	
2953	-8798	5854	1461	-2204	731	
2848	-8777	5936	1482	-2198	705	
2743	-8754	6018	1503	-2192	679	
2639	-8731	6100	1522	-2186	652	
2536	-8707	6181	1543	-2179	626	
2430	-8680	6259	1562	-2172	600	
2323	-8653	6338	1582	-2165	574	
2218	-8624	6416	1600	-2157	547	
2111	-8594	6492	1619	-2151	521	
2004	-8563	6568	1638	-2143	494	
1896	-8529	6643	1656	-2135	467	
1789	-8495	6717	1674	-2126	440	
1682	-8461	6789	1692	-2117	414	
1574	-8423	6861	1710	-2108	387	
1465	-8385	6931	1728	-2097	360	
1355	-8346	7001	1744	-2087	333	
1246	-8306	7069	1760	-2077	307	
1138	-8265	7136	1777	-2066	280	
1029	-8221	7202	1794	-2055	253	
919	-8177	7268	1809	-2044	226	
809	-8133	7333	1825	-2033	200	
700	-8085	7396	1840	-2020	173	
592	-8037	7458	1856	-2008	148	
481	-7988	7518	1871	-1997	123	
371	-7938	7578	1886	-1983	97	
262	-7887	7637	1900	-1971	72	
153	-7834	7694	1913	-1958	47	
42	-7780	7750	1927	-1943	22	
-68	-7726	7806	1941	-1930	-3	
-177	-7669	7860	1953	-1916	-34	
-286	-7612	7912	1967	-1901	-72	
-396	-7554	7964	1979	-1885	-116	
-506	-7494	8015	1992	-1870	-154	
-617	-7433	8064	2003	-1857	-177	
-726	-7372	8111	2016	-1841	-193	
-835	-7309	8158	2028	-1824	-212	
-944	-7244	8203	2038	-1808	-239	
-1054	-7179	8248	2049	-1792	-270	
-1163	-7113	8291	2059	-1775	-300	
-1271	-7046	8333	2070	-1758	-328	
-1381	-6977	8373	2079	-1741	-354	
-1490	-6908	8412	2088	-1723	-380	
-1597	-6838	8450	2098	-1706	-408	
-1705	-6767	8486	2107	-1688	-435	
-1813	-6694	8522	2117	-1668	-462	
-1918	-6620	8557	2123	-1650	-490	
-2025	-6545	8589	2131	-1632	-516	
-2133	-6471	8620	2140	-1613	-541	
-2237	-6393	8650	2147	-1593	-568	
-2344	-6316	8680	2154	-1574	-595	
-2450	-6238	8707	2160	-1555	-621	
-2555	-6158	8734	2167	-1535	-647	
-2661	-6078	8759	2172	-1514	-674	
-2766	-5997	8782	2178	-1494	-700	
-2871	-5915	8805	2184	-1472	-725	
-2975	-5831	8826	2189	-1452	-751	
-3079	-5747	8845	2194	-1432	-778	
-3180	-5664	8863	2198	-1409	-803	
-3283	-5578	8881	2202	-1388	-829	
-3386	-5492	8897	2205	-1368	-855	
-3486	-5404	8910	2210	-1346	-879	
-3586	-5316	8924	2213	-1323	-904	
-3687	-5228	8936	2215	-1300	-930	
-3787	-5138	8947	2218	-1278	-955	
-3886	-5048	8955	2219	-1255	-979	
-3985	-4957	8963	2220	-1232	-1004	
-4083	-4865	8970	2221	-1209	-1029	
-4182	-4772	8975	2223	-1185	-1052	
-4278	-4678	8978	2223	-1164	-1076	
-4374	-4585	8980	2224	-1139	-1101	
-4470	-4490	8981	2225	-1113	-1125	
-4563	-4395	8981	2224	-1091	-1147	
-4660	-4299	8979	2223	-1067	-1171	
-4753	-4201	8976	2222	-1043	-1196	
-4844	-4104	8971	2222	-1019	-1218	
-4937	-4006	8965	2220	-995	-1241	
-5028	-3906	8959	2217	-969	-1263	
-5118	-3808	8950	2215	-944	-1285	
-5208	-3707	8939	2213	-919	-1308	
-5297	-3606	8928	2209	-894	-1329	
-5387	-3505	8916	2206	-868	-1353	
-5473	-3405	8902	2202	-844	-1374	
-5560	-3303	8886	2198	-818	-1395	
-5648	-3200	8869	2195	-792	-1417	
-5731	-3098	8852	2191	-765	-1438	
-5815	-2993	8833	2185	-740	-1460	
-5898	-2890	8812	2177	-716	-1480	
-5979	-2785	8790	2172	-690	-1502	
-6062	-2680	8766	2168	-664	-1521	
-6142	-2576	8742	2162	-637	-1540	
-6221	-2469	8717	2155	-610	-1561	
-6299	-2364	8689	2149	-583	-1578	
-6377	-2257	8660	2141	-558	-1598	
-6455	-2150	8630	2133	-531	-1618	
-6532	-2044	8599	2125	-504	-1635	
-6605	-1937	8567	2118	-476	-1654	
-6680	-1829	8534	2109	-450	-1672	
-6752	-1722	8499	2102	-422	-1689	
-6824	-1613	8463	2092	-395	-1708	
-6895	-1504	8425	2080	-370	-1727	
-6963	-1397	8386	2072	-343	-1743	
-7032	-1289	8346	2062	-316	-1759	
-7099	-1179	8305	2051	-289	-1777	
-7167	-1070	8262	2041	-262	-1794	
-7233	-961	8218	2030	-235	-1809	
-7296	-851	8172	2017	-208	-1826	
-7360	-742	8127	2007	-182	-1841	
-7422	-633	8080	1995	-154	-1855	
-7483	-522	8032	1983	-127	-1871	
-7543	-413	7981	1971	-101	-1887	
-7602	-302	7929	1957	-75	-1901	
-7659	-193	7878	1944	-51	-1915	
-7715	-82	7823	1929	-26	-1929	
-7771	28	7769	1916	0	-1943	
-7824	137	7714	1902	25	-1956	
-7878	249	7657	1887	53	-1969	
-7929	357	7598	1873	83	-1983	
-7980	467	7539	1858	118	-1994	
-8031	578	7478	1842	155	-2006	
-8079	687	7416	1830	187	-2016	
-8126	797	7354	1814	215	-2030	
-8170	906	7290	1796	238	-2043	
-8215	1016	7225	1781	260	-2052	
-8260	1125	7160	1765	286	-2062	
-8301	1234	7092	1748	314	-2073	
-8341	1342	7024	1729	341	-2083	
-8380	1452	6955	1712	371	-2092	
-8419	1560	6885	1695	397	-2102	
-8456	1669	6813	1677	423	-2111	
-8492	1777	6742	1659	451	-2120	
-8527	1884	6669	1641	478	-2129	
-8560	1992	6595	1623	504	-2136	
-8592	2098	6519	1605	531	-2145	
-8622	2205	6442	1585	560	-2151	
-8652	2311	6364	1565	587	-2160	
-8680	2418	6286	1546	611	-2168	
-8707	2524	6208	1525	637	-2172	
-8732	2628	6127	1506	663	-2178	
-8756	2734	6046	1486	689	-2184	
-8779	2839	5964	1466	716	-2189	
-8800	2943	5881	1446	742	-2195	
-8820	3046	5798	1425	769	-2199	
-8839	3149	5713	1403	794	-2204	
-8855	3253	5628	1382	820	-2208	
-8872	3355	5542	1360	845	-2212	
-8887	3457	5455	1338	869	-2216	
-8901	3557	5367	1317	895	-2220	
-8914	3658	5278	1295	922	-2222	
-8923	3759	5189	1271	946	-2225	
-8932	3858	5097	1250	970	-2227	
-8942	3958	5006	1228	996	-2227	
-8948	4056	4915	1205	1020	-2231	
-8953	4153	4822	1182	1045	-2231	
-8958	4251	4730	1158	1068	-2231	
-8959	4348	4634	1135	1093	-2232	
-8962	4444	4540	1112	1117	-2232	
-8961	4539	4445	1088	1140	-2232	
-8959	4634	4348	1064	1164	-2232	
-8958	4728	4252	1038	1186	-2231	
-8952	4820	4154	1015	1211	-2230	
-8948	4913	4057	992	1234	-2228	
-8943	5005	3959	965	1255	-2227	
-8933	5096	3859	941	1277	-2225	
-8924	5187	3759	918	1301	-2222	
-8913	5275	3659	892	1324	-2218	
-8900	5364	3559	868	1345	-2216	
-8888	5452	3456	844	1367	-2212	
-8873	5539	3354	817	1389	-2206	
-8856	5625	3252	792	1409	-2204	
-8839	5710	3149	768	1431	-2199	
-8820	5795	3046	740	1452	-2194	
-8799	5878	2942	714	1472	-2190	
-8779	5961	2838	690	1493	-2184	
-8756	6043	2733	664	1514	-2178	
-8731	6124	2628	637	1534	-2172	
-8707	6204	2524	611	1552	-2165	
-8680	6282	2417	585	1573	-2158	
-8651	6361	2309	559	1593	-2151	
-8622	6438	2204	532	1613	-2143	
-8591	6515	2097	507	1632	-2135	
-8560	6590	1989	481	1650	-2127	
-8527	6663	1881	451	1668	-2120	
-8491	6737	1772	426	1686	-2111	
-8456	6809	1665	400	1704	-2101	
-8421	6880	1557	373	1722	-2092	
-8381	6950	1447	347	1740	-2083	
-8340	7019	1338	320	1757	-2073	
-8300	7087	1229	295	1773	-2061	
-8259	7155	1121	267	1789	-2051	
-8216	7221	1011	240	1806	-2039	
-8171	7285	902	214	1821	-2028	
-8125	7350	792	188	1837	-2017	
-8079	7412	682	161	1854	-2005	
-8030	7473	572	135	1868	-1993	
-7980	7533	462	109	1884	-1979	
-7930	7593	352	83	1898	-1966	
-7879	7652	243	59	1913	-1953	
-7826	7707	131	32	1927	-1941	
-7771	7764	22	5	1941	-1928	
-7716	7818	-87	-23	1955	-1913	
-7658	7871	-198	-58	1968	-1899	
-7602	7924	-308	-95	1980	-1885	
-7544	7976	-419	-127	1993	-1871	
-7484	8025	-528	-153	2004	-1855	
-7423	8073	-639	-176	2016	-1840	
-7360	8121	-748	-199	2028	-1824	
-7297	8168	-858	-226	2040	-1808	
-7231	8213	-968	-255	2051	-1792	
-7165	8256	-1077	-283	2061	-1775	
-7100	8299	-1187	-309	2073	-1758	
-7033	8340	-1295	-336	2083	-1741	
-6965	8380	-1404	-364	2093	-1725	
-6895	8418	-1512	-389	2103	-1707	
-6824	8456	-1620	-415	2112	-1688	
-6754	8492	-1729	-445	2119	-1671	
-6680	8527	-1837	-472	2127	-1652	
-6605	8561	-1944	-496	2137	-1634	
-6531	8593	-2051	-523	2144	-1615	
-6456	8624	-2158	-551	2152	-1596	
-6380	8653	-2266	-576	2160	-1577	
-6301	8682	-2372	-603	2166	-1557	
-6221	8710	-2478	-629	2171	-1537	
-6144	8736	-2584	-655	2179	-1517	
-6063	8761	-2689	-682	2185	-1497	
-5980	8784	-2795	-708	2191	-1476	
-5900	8805	-2899	-734	2196	-1456	
-5816	8826	-3003	-759	2200	-1435	
-5732	8845	-3107	-785	2205	-1414	
-5647	8864	-3210	-810	2210	-1393	
-5561	8879	-3311	-835	2214	-1370	
-5475	8895	-3413	-860	2217	-1349	
-5387	8909	-3516	-886	2220	-1327	
-5299	8921	-3616	-910	2223	-1305	
-5211	8932	-3717	-936	2227	-1283	
-5121	8942	-3818	-961	2229	-1260	
-5030	8952	-3916	-985	2229	-1237	
-4938	8958	-4016	-1009	2232	-1215	
-4847	8964	-4114	-1033	2234	-1192	
-4754	8969	-4211	-1059	2233	-1169	
-4660	8972	-4308	-1082	2234	-1145	
-4567	8974	-4405	-1105	2235	-1121	
-4472	8975	-4500	-1130	2234	-1096	
-4377	8974	-4595	-1153	2235	-1073	
-4280	8971	-4690	-1175	2234	-1050	
-4183	8968	-4783	-1198	2233	-1025	
-4085	8963	-4875	-1221	2232	-1002	
-3986	8955	-4968	-1243	2230	-976	
-3888	8949	-5060	-1268	2226	-952	
-3788	8940	-5150	-1291	2224	-927	
-3688	8929	-5240	-1312	2223	-901	
-3589	8917	-5329	-1334	2219	-878	
-3488	8905	-5417	-1357	2213	-853	
-3387	8891	-5505	-1377	2210	-827	
-3285	8875	-5591	-1398	2208	-801	
-3182	8858	-5677	-1420	2203	-776	
-3079	8839	-5762	-1441	2197	-750	
-2975	8819	-5846	-1461	2193	-724	
-2872	8798	-5929	-1482	2186	-698	
-2767	8776	-6012	-1502	2181	-672	
-2660	8752	-6093	-1521	2175	-646	
-2556	8728	-6173	-1543	2167	-621	
-2451	8701	-6254	-1562	2163	-595	
-2344	8672	-6331	-1580	2156	-567	
-2237	8644	-6409	-1600	2148	-540	
-2132	8614	-6487	-1619	2139	-514	
-2026	8583	-6561	-1638	2131	-487	
-1920	8550	-6636	-1656	2123	-460	
-1813	8515	-6710	-1674	2114	-434	
-1705	8480	-6782	-1693	2106	-407	
-1598	8443	-6854	-1710	2096	-380	
-1489	8406	-6925	-1727	2087	-354	
-1381	8367	-6995	-1744	2077	-327	
-1270	8327	-7063	-1760	2066	-301	
-1163	8285	-7130	-1778	2055	-273	
-1054	8243	-7196	-1793	2045	-245	
-944	8199	-7261	-1808	2035	-220	
-833	8153	-7326	-1824	2023	-192	
-723	8107	-7389	-1841	2010	-165	
-615	8059	-7451	-1857	1997	-140	
-505	8008	-7511	-1870	1986	-114	
-396	7959	-7571	-1885	1973	-87	
-287	7908	-7630	-1900	1960	-62	
-177	7854	-7688	-1914	1946	-39	
-67	7800	-7744	-1928	1933	-13	
44	7746	-7798	-1942	1920	11	
154	7690	-7853	-1954	1905	37	
262	7633	-7906	-1966	1891	65	
372	7575	-7957	-1979	1877	100	
482	7515	-8007	-1991	1862	141	
592	7453	-8057	-2002	1847	180	
702	7392	-8105	-2015	1830	209	
810	7330	-8151	-2029	1812	228	
918	7265	-8197	-2038	1798	248	
1029	7200	-8241	-2049	1782	272	
1138	7134	-8285	-2060	1764	300	
1246	7067	-8327	-2068	1748	330	
1356	6998	-8367	-2079	1731	359	
1465	6928	-8406	-2089	1713	385	
1574	6857	-8444	-2097	1695	412	
1683	6787	-8481	-2106	1678	440	
1789	6715	-8516	-2115	1659	466	
1897	6641	-8550	-2123	1640	492	
2005	6566	-8583	-2131	1623	520	
2111	6491	-8615	-2139	1603	547	
2217	6414	-8645	-2146	1582	574	
2322	6337	-8674	-2155	1563	600	
2428	6259	-8702	-2160	1544	625	
2534	6179	-8728	-2165	1524	651	
2639	6098	-8752	-2172	1504	678	
2743	6017	-8777	-2177	1484	705	
2848	5935	-8799	-2184	1462	730	
2952	5852	-8820	-2188	1442	757	
3056	5768	-8840	-2192	1421	783	
3160	5683	-8858	-2197	1399	808	
3261	5599	-8876	-2202	1379	833	
3362	5513	-8891	-2205	1357	858	
3464	5425	-8905	-2208	1334	884	
3565	5337	-8918	-2213	1311	909	
3666	5248	-8931	-2214	1289	934	
3765	5159	-8941	-2216	1268	960	
3865	5068	-8949	-2218	1244	985	
3964	4978	-8957	-2221	1221	1009	
4061	4885	-8964	-2221	1199	1033	
4159	4792	-8968	-2223	1175	1058	
4256	4699	-8972	-2225	1153	1082	
4352	4605	-8975	-2224	1128	1106	
4448	4510	-8976	-2224	1105	1129	
4543	4414	-8974	-2226	1081	1151	
4637	4318	-8973	-2224	1055	1176	
4730	4222	-8970	-2222	1031	1200	
4823	4124	-8965	-2223	1007	1222	
4915	4026	-8959	-2220	983	1245	
5007	3928	-8951	-2217	959	1269	
5097	3828	-8943	-2215	933	1291	
5186	3728	-8935	-2214	908	1313	
5276	3628	-8923	-2209	885	1336	
5364	3527	-8910	-2207	858	1358	
5452	3426	-8896	-2204	832	1379	
5538	3324	-8880	-2198	809	1400	
5624	3221	-8864	-2193	782	1421	
5710	3118	-8846	-2191	755	1441	
5794	3015	-8827	-2186	730	1463	
5876	2911	-8806	-2179	705	1485	
5957	2806	-8785	-2174	678	1504	
6040	2701	-8761	-2167	653	1525	
6120	2597	-8735	-2162	626	1545	
6199	2492	-8711	-2155	600	1564	
6278	2386	-8684	-2148	574	1585	
6355	2279	-8654	-2140	548	1604	
6433	2172	-8626	-2133	521	1622	
6508	2065	-8594	-2127	492	1641	
6583	1958	-8561	-2117	468	1660	
6657	1851	-8528	-2109	441	1678	
6728	1743	-8493	-2100	414	1696	
6802	1634	-8456	-2091	387	1713	
6872	1526	-8419	-2081	360	1731	
6941	1418	-8380	-2071	334	1748	
7010	1309	-8340	-2061	306	1766	
7077	1201	-8298	-2050	280	1784	
7143	1090	-8256	-2040	254	1799	
7209	981	-8212	-2029	226	1815	
7274	872	-8167	-2017	200	1832	
7339	762	-8122	-2007	173	1847	
7400	653	-8073	-1994	147	1861	
7459	543	-8025	-1981	122	1878	
7521	433	-7976	-1969	96	1893	
7581	323	-7924	-1956	71	1906	
7637	213	-7872	-1944	44	1920	
7693	103	-7818	-1930	18	1935	
7748	-7	-7763	-1916	-9	1949	
7802	-117	-7707	-1902	-41	1962	
7856	-227	-7650	-1887	-77	1974	
7907	-336	-7592	-1873	-114	1988	
7957	-447	-7534	-1858	-145	2000	
8008	-557	-7473	-1842	-171	2012	
8056	-666	-7411	-1828	-192	2024	
8103	-775	-7348	-1812	-214	2035	
8148	-886	-7284	-1797	-242	2047	
8192	-996	-7219	-1779	-270	2057	
8237	-1104	-7154	-1762	-300	2069	
8279	-1213	-7086	-1748	-328	2079	
8318	-1322	-7019	-1730	-354	2089	
8358	-1430	-6948	-1712	-381	2099	
8396	-1538	-6878	-1695	-408	2108	
8433	-1646	-6807	-1677	-436	2117	
8469	-1754	-6734	-1658	-461	2126	
8502	-1862	-6662	-1640	-489	2135	
8537	-1968	-6587	-1623	-516	2143	
8571	-2076	-6513	-1603	-542	2151	
8601	-2183	-6437	-1584	-570	2158	
8629	-2289	-6359	-1565	-597	2164	
8656	-2395	-6282	-1544	-622	2172	
8684	-2501	-6201	-1524	-648	2179	
8709	-2607	-6121	-1506	-676	2183	
8732	-2712	-6040	-1486	-702	2189	
8754	-2816	-5958	-1465	-727	2195	
8777	-2921	-5875	-1444	-753	2200	
8797	-3026	-5792	-1423	-780	2206	
8815	-3128	-5707	-1401	-806	2211	
8832	-3231	-5621	-1381	-830	2214	
8849	-3333	-5535	-1359	-857	2218	
8866	-3435	-5449	-1336	-882	2223	
8877	-3536	-5360	-1316	-907	2225	
8889	-3636	-5272	-1294	-932	2228	
8900	-3737	-5183	-1272	-956	2230	
8910	-3837	-5091	-1249	-982	2232	
8919	-3936	-5000	-1227	-1007	2234	
8924	-4033	-4909	-1204	-1031	2235	
8930	-4132	-4817	-1180	-1056	2237	
8934	-4229	-4723	-1159	-1081	2238	
8936	-4326	-4629	-1134	-1104	2237	
8937	-4423	-4535	-1110	-1128	2239	
8937	-4518	-4439	-1087	-1152	2238	
8937	-4612	-4344	-1063	-1175	2237	
8933	-4706	-4246	-1039	-1198	2237	
8929	-4798	-4148	-1014	-1221	2235	
8925	-4891	-4051	-991	-1243	2234	
8916	-4983	-3953	-968	-1268	2231	
8909	-5075	-3854	-941	-1290	2230	
8901	-5164	-3753	-917	-1313	2228	
8889	-5253	-3652	-893	-1335	2225	
8877	-5342	-3551	-867	-1356	2221	
8863	-5430	-3449	-843	-1379	2218	
8849	-5518	-3347	-816	-1400	2214	
8832	-5603	-3245	-791	-1421	2208	
8814	-5689	-3142	-766	-1443	2205	
8797	-5774	-3040	-739	-1464	2200	
8777	-5857	-2936	-715	-1485	2196	
8754	-5941	-2831	-688	-1505	2189	
8733	-6022	-2726	-662	-1525	2183	
8709	-6103	-2620	-637	-1546	2177	
8683	-6183	-2515	-610	-1565	2170	
8656	-6261	-2409	-583	-1585	2164	
8628	-6340	-2303	-557	-1605	2156	
8598	-6417	-2196	-531	-1623	2150	
8567	-6492	-2087	-505	-1643	2142	
8536	-6568	-1981	-478	-1662	2132	
8503	-6642	-1874	-451	-1679	2124	
8468	-6715	-1766	-425	-1697	2116	
8433	-6788	-1658	-399	-1715	2106	
8395	-6859	-1549	-373	-1733	2097	
8358	-6929	-1442	-344	-1749	2088	
8318	-6999	-1333	-318	-1767	2077	
8276	-7066	-1224	-294	-1785	2067	
8235	-7133	-1114	-266	-1801	2057	
8192	-7199	-1004	-239	-1818	2044	
8146	-7264	-895	-211	-1833	2034	
8102	-7328	-785	-184	-1849	2023	
8054	-7389	-675	-158	-1864	2010	
8005	-7451	-565	-131	-1879	1998	
7957	-7511	-455	-105	-1895	1986	
7906	-7572	-346	-79	-1908	1972	
7855	-7630	-235	-55	-1924	1958	
7803	-7686	-125	-29	-1938	1946	
7748	-7743	-15	-2	-1951	1933	
7693	-7797	95	24	-1965	1918	
7635	-7850	205	50	-1978	1905	
7578	-7903	316	78	-1993	1890	
7520	-7954	425	111	-2004	1874	
7459	-8004	535	145	-2015	1860	
7399	-8053	645	177	-2029	1846	
7338	-8100	754	205	-2039	1830	
7274	-8146	864	230	-2050	1813	
7209	-8192	975	255	-2062	1797	
7142	-8236	1083	281	-2072	1780	
7077	-8278	1192	306	-2084	1763	
7010	-8319	1301	336	-2093	1747	
6941	-8359	1411	365	-2102	1729	
6872	-8397	1519	390	-2111	1713	
6801	-8435	1627	417	-2121	1694	
6728	-8472	1736	444	-2131	1677	
6657	-8507	1843	469	-2137	1658	
6584	-8540	1951	496	-2148	1637	
6509	-8572	2060	522	-2156	1620	
6432	-8603	2168	550	-2162	1603	
6355	-8633	2274	577	-2171	1582	
6278	-8662	2381	602	-2177	1562	
6198	-8689	2486	630	-2183	1545	
6117	-8714	2593	656	-2190	1524	
6039	-8739	2698	681	-2195	1503	
5958	-8762	2802	708	-2201	1481	
5874	-8785	2907	735	-2205	1463	
5792	-8805	3009	759	-2212	1441	
5709	-8825	3113	784	-2216	1419	
5625	-8843	3217	810	-2219	1399	
5538	-8859	3319	835	-2224	1377	
5451	-8874	3422	860	-2228	1356	
5364	-8887	3522	885	-2232	1333	
5275	-8900	3624	912	-2233	1311	
5185	-8912	3726	936	-2236	1289	
5096	-8922	3825	960	-2239	1267	
5006	-8931	3925	987	-2240	1244	
4914	-8938	4023	1011	-2242	1221	
4823	-8943	4121	1034	-2243	1197	
4731	-8948	4220	1059	-2244	1175	
4637	-8951	4316	1082	-2244	1151	
4543	-8953	4413	1105	-2245	1127	
4448	-8953	4508	1129	-2246	1103	
4353	-8954	4602	1152	-2245	1080	
4256	-8951	4697	1176	-2244	1056	
4159	-8948	4791	1199	-2243	1032	
4063	-8942	4883	1221	-2242	1007	
3964	-8936	4976	1245	-2240	982	
3864	-8929	5067	1268	-2237	959	
3766	-8919	5157	1290	-2234	934	
3666	-8908	5247	1313	-2232	908	
3566	-8897	5335	1334	-2229	884	
3465	-8884	5424	1356	-2225	859	
3364	-8870	5512	1377	-2221	833	
3261	-8854	5599	1398	-2218	808	
3158	-8837	5684	1421	-2213	782	
3055	-8819	5769	1441	-2208	756	
2952	-8798	5853	1462	-2204	730	
2848	-8778	5936	1482	-2197	703	
2744	-8756	6019	1502	-2192	678	
2639	-8732	6100	1521	-2187	652	
2533	-8706	6181	1543	-2179	627	
2429	-8679	6261	1563	-2173	600	
2322	-8653	6339	1580	-2165	573	
2216	-8624	6416	1599	-2158	547	
2110	-8593	6493	1620	-2151	521	
2003	-8563	6569	1638	-2143	493	
1897	-8529	6643	1655	-2134	467	
1789	-8496	6716	1674	-2125	441	
1680	-8461	6789	1692	-2117	414	
1573	-8424	6861	1709	-2108	387	
1465	-8385	6932	1727	-2097	360	
1356	-8346	7001	1744	-2087	334	
1248	-8306	7070	1760	-2077	306	
1136	-8264	7137	1777	-2066	280	
1027	-8222	7203	1794	-2055	252	
919	-8178	7269	1809	-2044	226	
809	-8132	7333	1825	-2034	200	
699	-8084	7396	1841	-2022	172	
590	-8037	7457	1857	-2008	148	
482	-7989	7518	1870	-1998	122	
371	-7938	7579	1885	-1984	96	
260	-7887	7637	1900	-1970	71	
152	-7834	7695	1913	-1958	47	
42	-7780	7751	1927	-1944	21	
-67	-7725	7806	1941	-1929	-3	
-176	-7669	7860	1954	-1916	-34	
-287	-7612	7913	1966	-1902	-73	
-397	-7553	7965	1979	-1886	-116	
