-5443	-3442	8907	2205	-852	-1367	
-5530	-3339	8893	2200	-828	-1388	
-5615	-3237	8876	2197	-801	-1409	
-5699	-3134	8859	2192	-776	-1430	
-5786	-3031	8840	2186	-750	-1451	
-5870	-2927	8819	2182	-724	-1471	
-5951	-2823	8798	2175	-699	-1492	
-6033	-2718	8776	2171	-671	-1512	
-6113	-2613	8752	2165	-646	-1532	
-6192	-2509	8726	2157	-619	-1554	
-6273	-2403	8699	2153	-591	-1572	
-6351	-2295	8672	2144	-566	-1590	
-6427	-2189	8642	2136	-540	-1611	
-6504	-2082	8611	2129	-513	-1630	
-6578	-1975	8580	2120	-487	-1648	
-6652	-1869	8546	2112	-460	-1666	
-6726	-1760	8511	2104	-432	-1684	
-6799	-1652	8476	2094	-405	-1702	
-6870	-1544	8439	2085	-379	-1720	
-6938	-1435	8401	2075	-354	-1738	
-7008	-1327	8361	2065	-327	-1753	
-7077	-1218	8320	2055	-297	-1771	
-7144	-1110	8277	2044	-271	-1789	
-7208	-1001	8234	2034	-245	-1804	
-7273	-891	8189	2023	-218	-1820	
-7338	-781	8144	2011	-191	-1836	
-7400	-671	8097	2000	-165	-1851	
-7461	-562	8048	1987	-137	-1867	
-7522	-452	8000	1975	-111	-1881	
-7581	-341	7948	1962	-86	-1896	
-7639	-231	7897	1949	-60	-1911	
-7695	-121	7843	1936	-35	-1923	
-7750	-12	7789	1921	-10	-1938	
-7806	99	7734	1908	15	-1952	
-7859	208	7677	1893	44	-1965	
-7912	319	7619	1879	74	-1978	
-7965	428	7560	1865	106	-1990	
-8012	537	7500	1850	140	-2002	
-8061	648	7439	1832	174	-2014	
-8109	757	7376	1817	205	-2026	
-8153	866	7313	1803	229	-2038	
-8201	976	7250	1787	251	-2049	
-8244	1086	7183	1771	276	-2059	
-8285	1195	7117	1754	303	-2070	
-8326	1303	7049	1737	333	-2080	
-8366	1413	6980	1719	360	-2089	
-8406	1521	6911	1700	387	-2099	
-8443	1629	6839	1684	415	-2109	
-8479	1738	6767	1667	441	-2117	
-8514	1845	6695	1647	467	-2126	
-8547	1952	6620	1630	496	-2134	
-8580	2061	6545	1611	522	-2142	
-8611	2167	6469	1591	549	-2149	
-8641	2273	6393	1573	576	-2155	
-8670	2379	6315	1553	601	-2164	
-8696	2486	6236	1534	628	-2170	
-8721	2591	6156	1514	655	-2176	
-8746	2696	6075	1493	681	-2182	
-8770	2801	5994	1474	707	-2187	
-8793	2905	5911	1452	733	-2194	
-8814	3009	5828	1432	760	-2197	
-8831	3113	5744	1411	785	-2203	
-8849	3215	5658	1388	810	-2208	
-8867	3318	5573	1369	837	-2211	
-8882	3421	5486	1346	861	-2215	
-8896	3522	5398	1325	887	-2217	
-8910	3622	5310	1304	913	-2221	
-8920	3722	5221	1280	938	-2224	
-8930	3822	5131	1259	963	-2226	
-8939	3922	5040	1236	986	-2229	
-8945	4021	4948	1213	1011	-2229	
-8951	4118	4856	1189	1036	-2231	
-8956	4217	4763	1165	1059	-2234	
-8960	4313	4669	1143	1085	-2232	
-8961	4409	4575	1120	1108	-2232	
-8961	4504	4479	1095	1131	-2233	
-8960	4598	4383	1072	1155	-2230	
-8959	4693	4287	1048	1179	-2232	
-8956	4787	4191	1024	1202	-2230	
-8950	4880	4093	1000	1225	-2228	
-8943	4971	3994	976	1248	-2227	
-8936	5063	3895	951	1271	-2224	
-8928	5153	3795	926	1293	-2222	
-8918	5243	3695	901	1315	-2219	
-8906	5332	3595	876	1337	-2217	
-8891	5420	3493	851	1360	-2214	
-8876	5507	3390	826	1382	-2209	
-8862	5594	3289	799	1401	-2207	
-8846	5680	3186	775	1423	-2201	
-8828	5764	3082	749	1444	-2196	
-8809	5848	2979	724	1465	-2191	
-8786	5932	2875	699	1487	-2186	
-8763	6014	2770	673	1506	-2181	
-8740	6095	2666	646	1527	-2175	
-8716	6175	2560	620	1548	-2167	
-8690	6254	2455	594	1567	-2161	
-8662	6333	2349	568	1586	-2153	
-8634	6410	2242	541	1605	-2146	
-8603	6487	2135	516	1624	-2140	
-8571	6563	2027	490	1644	-2131	
-8539	6638	1919	462	1661	-2123	
-8504	6711	1811	436	1679	-2113	
-8469	6784	1703	409	1698	-2104	
-8434	6856	1595	382	1715	-2095	
-8396	6925	1487	356	1734	-2086	
-8355	6995	1378	330	1751	-2076	
-8315	7063	1268	304	1766	-2065	
-8274	7130	1159	277	1784	-2055	
-8229	7198	1051	250	1800	-2044	
-8186	7262	941	223	1815	-2033	
-8142	7327	831	197	1833	-2021	
-8096	7390	721	170	1850	-2009	
-8048	7451	612	145	1864	-1997	
-7997	7512	502	119	1879	-1984	
-7948	7572	391	92	1893	-1971	
-7897	7631	281	68	1907	-1959	
-7842	7688	171	41	1921	-1946	
-7790	7744	61	14	1935	-1933	
-7736	7799	-49	-14	1949	-1918	
-7681	7853	-158	-47	1963	-1905	
-7624	7905	-268	-82	1975	-1891	
-7564	7957	-379	-115	1987	-1876	
-7504	8007	-488	-144	2002	-1860	
-7443	8056	-599	-166	2013	-1844	
-7382	8104	-709	-190	2024	-1830	
-7320	8150	-817	-216	2037	-1814	
-7255	8195	-928	-244	2047	-1797	
-7190	8241	-1037	-274	2057	-1782	
-7124	8284	-1147	-300	2068	-1765	
-7057	8325	-1256	-326	2078	-1747	
-6989	8366	-1365	-354	2087	-1730	
-6920	8405	-1474	-380	2098	-1713	
-6849	8444	-1581	-408	2108	-1696	
-6777	8480	-1690	-434	2116	-1677	
-6704	8515	-1800	-461	2125	-1658	
-6633	8549	-1905	-487	2134	-1640	
-6559	8582	-2012	-514	2142	-1622	
-6482	8614	-2121	-541	2148	-1604	
-6407	8644	-2227	-565	2158	-1584	
-6329	8672	-2333	-592	2164	-1563	
-6250	8701	-2440	-620	2169	-1545	
-6171	8727	-2546	-646	2176	-1525	
-6091	8751	-2652	-673	2182	-1505	
-6011	8775	-2757	-699	2188	-1484	
-5929	8798	-2862	-724	2194	-1463	
-5845	8818	-2966	-750	2198	-1444	
-5761	8838	-3069	-775	2204	-1421	
-5678	8857	-3172	-801	2209	-1400	
-5592	8874	-3275	-827	2213	-1378	
-5504	8890	-3377	-852	2217	-1356	
-5418	8904	-3479	-877	2220	-1336	
-5331	8918	-3581	-901	2223	-1312	
-5243	8929	-3682	-927	2225	-1290	
-5152	8939	-3782	-952	2227	-1268	
-5062	8948	-3881	-975	2229	-1245	
-4972	8957	-3980	-1001	2231	-1223	
-4880	8963	-4079	-1026	2233	-1199	
-4787	8968	-4177	-1050	2234	-1177	
-4693	8971	-4274	-1074	2234	-1154	
-4599	8973	-4370	-1097	2235	-1130	
-4506	8974	-4467	-1121	2235	-1106	
-4412	8973	-4563	-1144	2234	-1081	
-4315	8971	-4657	-1168	2234	-1059	
-4217	8969	-4750	-1190	2234	-1035	
-4120	8964	-4843	-1213	2232	-1010	
-4022	8958	-4936	-1237	2230	-986	
-3923	8952	-5028	-1261	2227	-961	
-3824	8943	-5119	-1282	2225	-936	
-3726	8934	-5208	-1304	2223	-912	
-3623	8923	-5296	-1327	2219	-886	
-3524	8909	-5386	-1348	2216	-862	
-3422	8895	-5474	-1370	2213	-836	
-3320	8880	-5560	-1392	2209	-810	
-3219	8863	-5647	-1412	2205	-785	
-3116	8846	-5732	-1433	2199	-759	
-3013	8826	-5817	-1454	2195	-734	
-2909	8806	-5900	-1474	2190	-708	
-2805	8784	-5983	-1493	2183	-681	
-2699	8760	-6064	-1515	2178	-654	
-2593	8737	-6145	-1535	2170	-629	
-2489	8710	-6225	-1554	2165	-603	
-2383	8683	-6304	-1575	2158	-577	
-2275	8654	-6382	-1593	2149	-550	
-2169	8624	-6459	-1612	2142	-523	
-2065	8595	-6535	-1631	2135	-497	
-1958	8562	-6609	-1648	2127	-471	
-1851	8529	-6683	-1667	2117	-442	
-1743	8494	-6756	-1686	2107	-417	
-1635	8458	-6829	-1703	2100	-390	
-1529	8420	-6900	-1721	2091	-363	
-1420	8382	-6970	-1739	2079	-336	
-1312	8341	-7039	-1754	2070	-308	
-1202	8300	-7105	-1772	2060	-282	
-1092	8258	-7173	-1788	2049	-255	
-982	8214	-7239	-1803	2038	-228	
-874	8168	-7304	-1820	2027	-202	
-765	8123	-7366	-1834	2015	-175	
-655	8075	-7429	-1850	2002	-148	
-545	8026	-7490	-1865	1990	-122	
-435	7977	-7550	-1881	1977	-97	
-326	7927	-7609	-1896	1964	-72	
-215	7874	-7667	-1908	1953	-46	
-105	7820	-7724	-1924	1938	-22	
4	7766	-7779	-1937	1923	3	
114	7711	-7833	-1949	1910	28	
224	7653	-7886	-1964	1896	55	
334	7596	-7939	-1976	1881	88	
444	7537	-7991	-1988	1865	126	
552	7475	-8039	-2000	1851	166	
662	7414	-8087	-2012	1836	198	
771	7351	-8134	-2023	1819	221	
881	7287	-8181	-2033	1804	242	
991	7224	-8225	-2047	1786	262	
1098	7157	-8269	-2057	1770	289	
1208	7090	-8312	-2065	1755	319	
1319	7022	-8352	-2078	1735	347	
1426	6953	-8392	-2087	1718	375	
1535	6883	-8430	-2095	1702	403	
1642	6812	-8467	-2105	1683	429	
1751	6740	-8503	-2112	1666	456	
1860	6666	-8538	-2120	1646	482	
1966	6592	-8572	-2129	1627	510	
2073	6518	-8604	-2137	1609	537	
2180	6442	-8635	-2145	1590	563	
2286	6365	-8665	-2151	1571	590	
2392	6287	-8692	-2159	1551	616	
2496	6208	-8718	-2165	1531	642	
2601	6128	-8745	-2170	1511	669	
2706	6046	-8767	-2178	1490	694	
2812	5965	-8791	-2183	1470	720	
2915	5882	-8813	-2187	1450	748	
3020	5799	-8832	-2194	1428	773	
3122	5714	-8852	-2198	1407	799	
3224	5629	-8869	-2199	1385	825	
3327	5543	-8885	-2204	1364	850	
3429	5456	-8900	-2208	1343	875	
3530	5368	-8913	-2211	1320	900	
3631	5279	-8927	-2214	1298	926	
3732	5191	-8937	-2216	1275	949	
3830	5101	-8947	-2219	1254	975	
3929	5010	-8955	-2220	1231	999	
4027	4918	-8961	-2222	1207	1024	
4124	4825	-8967	-2223	1184	1048	
4222	4732	-8971	-2224	1161	1072	
4319	4638	-8974	-2225	1137	1098	
4413	4544	-8975	-2225	1112	1121	
4509	4449	-8975	-2225	1090	1144	
4604	4353	-8973	-2224	1065	1168	
4698	4256	-8971	-2223	1040	1192	
4791	4158	-8967	-2221	1017	1215	
4883	4061	-8961	-2221	992	1237	
4975	3962	-8955	-2218	969	1262	
5065	3863	-8947	-2216	944	1283	
5156	3763	-8938	-2213	919	1305	
5245	3663	-8927	-2210	894	1328	
5332	3563	-8915	-2208	867	1349	
5421	3462	-8901	-2204	841	1371	
5507	3360	-8886	-2201	817	1393	
5594	3257	-8870	-2196	791	1415	
5679	3155	-8853	-2191	765	1435	
5764	3052	-8834	-2187	741	1456	
5848	2948	-8814	-2181	715	1478	
5928	2843	-8792	-2176	688	1497	
6011	2739	-8769	-2170	662	1518	
6092	2634	-8745	-2163	637	1539	
6170	2529	-8720	-2157	611	1557	
6250	2423	-8694	-2150	584	1578	
6329	2316	-8665	-2142	557	1597	
6406	2210	-8635	-2137	529	1615	
6482	2104	-8605	-2129	504	1635	
6555	1996	-8574	-2121	477	1655	
6631	1889	-8540	-2113	451	1672	
6705	1782	-8505	-2103	424	1690	
6776	1673	-8470	-2095	396	1708	
6847	1565	-8433	-2084	370	1725	
6917	1456	-8394	-2074	343	1743	
6987	1347	-8355	-2064	318	1760	
7055	1239	-8315	-2054	291	1777	
7121	1129	-8272	-2044	264	1793	
7186	1021	-8228	-2031	238	1810	
7251	911	-8183	-2021	209	1826	
7315	801	-8137	-2011	183	1842	
7377	692	-8091	-1999	157	1857	
7438	583	-8042	-1987	130	1872	
7500	472	-7993	-1974	105	1887	
7559	362	-7942	-1961	79	1902	
7615	253	-7891	-1948	54	1917	
7673	142	-7837	-1935	28	1930	
7728	33	-7782	-1922	0	1943	
7782	-77	-7727	-1906	-29	1958	
7837	-188	-7670	-1893	-63	1970	
7890	-298	-7613	-1879	-100	1982	
7940	-407	-7554	-1862	-134	1996	
7990	-518	-7495	-1849	-162	2009	
8038	-628	-7433	-1834	-184	2019	
8084	-737	-7370	-1818	-205	2032	
8133	-846	-7307	-1802	-232	2043	
8178	-957	-7243	-1785	-261	2053	
8221	-1066	-7177	-1769	-290	2065	
8263	-1174	-7110	-1753	-318	2076	
8304	-1283	-7043	-1736	-345	2086	
8344	-1392	-6974	-1719	-372	2094	
8382	-1500	-6903	-1701	-399	2106	
8420	-1608	-6833	-1683	-425	2115	
8457	-1716	-6762	-1665	-452	2123	
8492	-1823	-6689	-1646	-480	2132	
8525	-1931	-6615	-1629	-507	2139	
8557	-2038	-6538	-1610	-534	2147	
8589	-2145	-6462	-1592	-560	2156	
8620	-2252	-6386	-1572	-586	2163	
8646	-2358	-6308	-1553	-613	2169	
8673	-2464	-6230	-1533	-640	2176	
8700	-2569	-6150	-1512	-667	2182	
8725	-2675	-6069	-1494	-692	2188	
8748	-2780	-5988	-1473	-719	2195	
8768	-2884	-5906	-1452	-745	2199	
8790	-2987	-5822	-1432	-769	2203	
8809	-3091	-5737	-1409	-795	2209	
8827	-3194	-5652	-1389	-821	2213	
8845	-3296	-5566	-1368	-848	2217	
8860	-3398	-5480	-1346	-874	2220	
8874	-3500	-5392	-1325	-898	2224	
8885	-3600	-5303	-1302	-923	2226	
8896	-3701	-5214	-1280	-949	2230	
8908	-3801	-5124	-1257	-972	2233	
8917	-3900	-5033	-1236	-998	2232	
8923	-3999	-4942	-1212	-1023	2236	
8929	-4098	-4851	-1189	-1047	2237	
8932	-4195	-4757	-1167	-1071	2236	
8935	-4292	-4663	-1143	-1094	2238	
8938	-4388	-4568	-1119	-1119	2238	
8937	-4484	-4473	-1095	-1143	2239	
8937	-4578	-4376	-1071	-1167	2238	
8934	-4672	-4281	-1047	-1191	2237	
8932	-4766	-4184	-1023	-1213	2237	
8927	-4858	-4085	-999	-1236	2235	
8920	-4951	-3988	-975	-1258	2232	
8913	-5042	-3888	-950	-1281	2231	
8903	-5132	-3788	-926	-1305	2229	
8894	-5222	-3689	-901	-1327	2225	
8881	-5311	-3588	-877	-1350	2222	
8868	-5400	-3487	-851	-1371	2218	
8854	-5487	-3385	-824	-1390	2215	
8839	-5573	-3282	-800	-1414	2210	
8821	-5658	-3180	-775	-1435	2207	
8804	-5743	-3076	-749	-1456	2202	
8785	-5828	-2972	-723	-1477	2197	
8761	-5911	-2869	-697	-1497	2192	
8739	-5992	-2763	-672	-1518	2185	
8717	-6073	-2657	-645	-1537	2179	
8693	-6154	-2553	-620	-1557	2172	
8667	-6234	-2447	-594	-1577	2166	
8638	-6312	-2340	-567	-1597	2160	
8609	-6390	-2234	-542	-1617	2151	
8580	-6466	-2126	-514	-1635	2144	
8548	-6541	-2019	-486	-1653	2137	
8515	-6616	-1912	-463	-1672	2126	
8481	-6689	-1805	-435	-1690	2118	
8445	-6762	-1697	-406	-1709	2111	
8409	-6834	-1589	-380	-1727	2101	
8371	-6905	-1480	-354	-1744	2091	
8333	-6974	-1371	-328	-1761	2080	
8292	-7042	-1261	-301	-1777	2071	
8249	-7110	-1151	-275	-1794	2060	
8206	-7176	-1043	-247	-1811	2050	
8162	-7240	-933	-221	-1827	2039	
8116	-7305	-824	-195	-1844	2026	
8071	-7368	-714	-166	-1859	2016	
8025	-7430	-604	-141	-1874	2003	
7974	-7490	-495	-115	-1889	1990	
7924	-7551	-384	-88	-1904	1978	
7873	-7609	-274	-63	-1919	1965	
7820	-7667	-164	-37	-1933	1951	
7766	-7723	-53	-13	-1947	1938	
7713	-7777	55	14	-1960	1924	
7657	-7831	166	41	-1974	1910	
7598	-7884	276	69	-1987	1896	
7541	-7936	386	100	-1999	1881	
7480	-7987	496	133	-2011	1867	
7420	-8034	606	165	-2022	1852	
7358	-8083	715	195	-2034	1836	
7295	-8131	825	220	-2048	1818	
7232	-8174	935	245	-2058	1801	
7166	-8220	1045	271	-2070	1786	
7101	-8262	1154	297	-2079	1770	
7035	-8304	1262	325	-2090	1753	
6966	-8346	1371	353	-2100	1736	
6896	-8384	1481	380	-2109	1717	
6825	-8421	1588	407	-2118	1700	
6754	-8458	1697	435	-2126	1683	
6682	-8494	1805	461	-2136	1665	
6609	-8528	1912	487	-2144	1646	
6534	-8562	2021	515	-2152	1627	
6459	-8593	2129	542	-2159	1608	
6383	-8624	2237	567	-2167	1589	
6305	-8652	2342	592	-2175	1569	
6226	-8680	2449	619	-2181	1550	
6148	-8706	2556	646	-2188	1530	
6069	-8731	2659	671	-2194	1510	
5986	-8755	2765	698	-2198	1490	
5904	-8776	2870	725	-2204	1469	
5820	-8798	2973	750	-2209	1448	
5738	-8817	3077	776	-2214	1428	
5654	-8836	3180	801	-2220	1406	
5568	-8854	3283	827	-2223	1385	
5481	-8869	3386	853	-2226	1364	
5393	-8884	3487	877	-2230	1341	
5308	-8896	3587	902	-2233	1319	
5219	-8908	3689	926	-2237	1297	
5129	-8919	3790	951	-2239	1275	
5040	-8928	3889	976	-2240	1252	
4948	-8936	3988	1001	-2243	1229	
4855	-8942	4087	1026	-2243	1207	
4763	-8947	4185	1049	-2244	1184	
4670	-8950	4281	1072	-2246	1159	
4577	-8952	4378	1097	-2245	1136	
4482	-8955	4473	1120	-2245	1112	
4388	-8953	4569	1145	-2245	1089	
4292	-8951	4664	1169	-2245	1064	
4192	-8948	4757	1191	-2244	1039	
4097	-8943	4850	1215	-2242	1017	
3999	-8938	4943	1237	-2240	991	
3900	-8931	5035	1260	-2238	966	
3801	-8922	5126	1282	-2236	942	
3701	-8912	5216	1304	-2233	917	
3602	-8900	5305	1326	-2230	893	
3500	-8888	5394	1348	-2228	868	
3400	-8875	5481	1370	-2223	842	
3296	-8859	5568	1391	-2219	817	
3195	-8843	5655	1413	-2215	791	
3093	-8825	5740	1435	-2209	767	
2989	-8806	5823	1454	-2206	741	
2886	-8785	5906	1475	-2200	714	
2779	-8764	5990	1496	-2194	688	
2675	-8740	6071	1515	-2189	661	
2572	-8715	6152	1535	-2182	635	
2465	-8690	6232	1555	-2175	609	
2360	-8663	6311	1574	-2169	583	
2255	-8634	6388	1593	-2161	556	
2149	-8605	6465	1613	-2153	530	
2041	-8573	6542	1631	-2146	504	
1933	-8541	6616	1649	-2137	476	
1825	-8508	6691	1667	-2128	450	
1718	-8473	6764	1686	-2120	424	
1610	-8436	6836	1703	-2109	396	
1502	-8399	6907	1722	-2099	370	
1394	-8360	6976	1740	-2089	344	
1285	-8320	7045	1753	-2081	315	
1176	-8280	7113	1771	-2071	288	
1066	-8237	7180	1788	-2060	263	
958	-8193	7246	1803	-2048	235	
849	-8148	7311	1819	-2037	208	
738	-8101	7374	1835	-2025	183	
629	-8054	7436	1851	-2012	157	
519	-8005	7497	1866	-2002	130	
409	-7956	7557	1881	-1988	105	
301	-7905	7617	1896	-1975	80	
191	-7852	7674	1909	-1962	55	
81	-7799	7731	1924	-1947	32	
-28	-7745	7786	1938	-1934	8	
-139	-7689	7840	1950	-1920	-22	
-249	-7632	7894	1962	-1905	-58	
-357	-7573	7946	1975	-1892	-102	
-467	-7515	7997	1987	-1877	-143	
-579	-7456	8047	1999	-1860	-170	
-688	-7393	8094	2010	-1846	-187	
-797	-7330	8141	2023	-1830	-204	
-905	-7267	8188	2035	-1813	-229	
-1015	-7202	8233	2045	-1798	-260	
-1125	-7137	8276	2055	-1780	-290	
-1235	-7071	8317	2066	-1763	-318	
-1343	-7001	8358	2077	-1746	-344	
-1451	-6932	8398	2086	-1729	-370	
-1560	-6863	8437	2095	-1712	-398	
-1667	-6791	8474	2104	-1693	-425	
-1774	-6719	8509	2113	-1677	-453	
-1883	-6646	8544	2122	-1658	-479	
-1988	-6571	8579	2129	-1638	-506	
-2094	-6496	8610	2136	-1620	-532	
-2200	-6421	8640	2145	-1600	-559	
-2306	-6343	8670	2151	-1581	-586	
-2412	-6266	8698	2158	-1562	-611	
-2518	-6186	8725	2165	-1541	-638	
-2624	-6105	8751	2172	-1521	-665	
-2730	-6025	8774	2177	-1501	-690	
-2834	-5943	8798	2182	-1480	-717	
-2938	-5861	8818	2186	-1460	-743	
-3041	-5777	8839	2191	-1439	-768	
-3144	-5694	8858	2197	-1417	-794	
-3248	-5608	8875	2200	-1396	-820	
-3349	-5521	8892	2205	-1376	-845	
-3450	-5434	8907	2208	-1353	-870	
-3552	-5348	8920	2211	-1330	-896	
-3652	-5259	8932	2213	-1309	-923	
-3753	-5170	8943	2214	-1288	-948	
-3852	-5080	8952	2219	-1263	-970	
-3951	-4988	8960	2221	-1239	-995	
-4051	-4896	8968	2221	-1218	-1021	
-4147	-4804	8973	2224	-1194	-1044	
-4243	-4710	8977	2224	-1171	-1068	
-4341	-4617	8979	2224	-1147	-1092	
-4437	-4524	8980	2225	-1123	-1116	
-4532	-4429	8980	2224	-1099	-1140	
-4626	-4332	8980	2224	-1076	-1164	
-4720	-4235	8977	2222	-1051	-1187	
-4813	-4138	8972	2221	-1026	-1210	
-4904	-4039	8966	2221	-1003	-1233	
-4997	-3941	8960	2218	-978	-1256	
-5089	-3843	8953	2217	-952	-1278	
-5177	-3743	8943	2214	-928	-1301	
-5266	-3643	8932	2210	-904	-1323	
-5355	-3542	8919	2209	-878	-1344	
-5443	-3441	8907	2204	-852	-1367	
-5531	-3339	8893	2200	-826	-1388	
-5617	-3236	8876	2196	-801	-1409	
-5701	-3133	8859	2191	-776	-1431	
-5785	-3030	8840	2187	-750	-1450	
-5869	-2926	8819	2182	-723	-1473	
-5952	-2822	8798	2177	-697	-1493	
-6033	-2717	8775	2169	-673	-1513	
-6115	-2611	8751	2163	-646	-1534	
-6195	-2506	8726	2159	-618	-1552	
-6273	-2401	8699	2150	-593	-1574	
-6351	-2294	8671	2143	-568	-1592	
-6429	-2188	8641	2138	-540	-1610	
-6505	-2081	8611	2128	-513	-1630	
-6580	-1974	8579	2120	-487	-1648	
-6653	-1867	8545	2112	-459	-1667	
-6725	-1759	8510	2104	-433	-1684	
-6798	-1652	8474	2094	-406	-1702	
-6871	-1543	8438	2085	-379	-1720	
-6941	-1434	8400	2077	-353	-1737	
-7010	-1326	8359	2065	-326	-1754	
-7076	-1217	8319	2055	-298	-1771	
-7143	-1108	8277	2045	-271	-1788	
-7210	-1000	8234	2033	-244	-1804	
-7275	-889	8189	2021	-218	-1821	
-7338	-780	8143	2010	-191	-1837	
-7401	-670	8096	1999	-163	-1851	
-7462	-560	8048	1986	-138	-1867	
-7521	-451	7999	1974	-112	-1882	
-7582	-340	7948	1961	-86	-1896	
-7640	-231	7896	1948	-60	-1911	
-7697	-121	7842	1935	-34	-1925	
-7754	-10	7789	1922	-9	-1939	
-7807	100	7733	1908	17	-1952	
-7860	208	7675	1893	44	-1965	
-7912	319	7618	1879	73	-1979	
-7962	429	7560	1864	106	-1989	
-8013	539	7500	1849	141	-2002	
-8061	649	7438	1834	175	-2014	
-8110	759	7376	1818	205	-2025	
-8155	868	7313	1802	229	-2038	
-8199	977	7248	1786	251	-2049	
-8245	1087	7183	1770	276	-2059	
-8286	1196	7116	1754	304	-2069	
-8328	1305	7048	1736	332	-2080	
-8367	1413	6978	1719	362	-2090	
-8406	1522	6909	1703	389	-2099	
-8444	1632	6839	1684	415	-2108	
-8480	1739	6766	1667	443	-2117	
-8515	1846	6693	1649	470	-2124	
-8548	1954	6620	1629	495	-2134	
-8581	2062	6545	1611	522	-2142	
-8612	2168	6468	1590	549	-2149	
-8641	2275	6392	1572	576	-2157	
-8670	2381	6315	1553	602	-2163	
-8698	2487	6235	1533	628	-2171	
-8724	2593	6155	1514	655	-2176	
-8748	2698	6075	1493	682	-2182	
-8771	2802	5993	1473	707	-2187	
-8792	2907	5910	1454	735	-2193	
-8813	3010	5828	1432	760	-2199	
-8833	3113	5743	1411	786	-2201	
-8850	3217	5657	1391	812	-2206	
-8868	3319	5572	1368	835	-2211	
-8883	3422	5485	1347	861	-2215	
-8895	3523	5398	1325	887	-2219	
-8908	3623	5308	1302	912	-2221	
-8921	3724	5220	1280	938	-2222	
-8931	3823	5130	1258	962	-2226	
-8939	3923	5039	1236	987	-2227	
-8944	4023	4948	1212	1012	-2229	
-8952	4120	4855	1190	1037	-2231	
-8957	4217	4762	1167	1062	-2231	
-8958	4314	4669	1143	1085	-2233	
-8961	4410	4573	1122	1110	-2231	
-8961	4506	4478	1096	1132	-2232	
-8960	4601	4382	1071	1155	-2233	
-8958	4696	4286	1048	1179	-2231	
-8954	4789	4189	1023	1202	-2230	
-8951	4880	4091	999	1225	-2229	
-8944	4973	3993	974	1249	-2228	
-8936	5065	3894	950	1271	-2226	
-8926	5154	3794	925	1293	-2223	
-8915	5244	3693	900	1315	-2220	
-8906	5332	3593	877	1338	-2216	
-8893	5421	3492	852	1360	-2213	
-8877	5509	3390	826	1382	-2210	
-8862	5595	3288	801	1404	-2205	
-8844	5681	3185	775	1424	-2200	
-8825	5766	3081	750	1446	-2196	
-8807	5850	2978	724	1466	-2191	
-8787	5932	2874	698	1486	-2186	
-8764	6014	2770	672	1508	-2180	
-8740	6096	2664	646	1528	-2174	
-8715	6176	2559	621	1547	-2167	
-8689	6255	2454	593	1567	-2160	
-8662	6333	2348	566	1586	-2154	
-8633	6411	2241	541	1606	-2146	
-8602	6488	2134	515	1625	-2139	
-8570	6564	2026	488	1644	-2132	
-8538	6638	1919	462	1662	-2121	
-8505	6712	1810	435	1680	-2113	
-8468	6785	1701	409	1697	-2105	
-8433	6856	1594	383	1716	-2095	
-8395	6926	1485	356	1734	-2086	
-8355	6996	1377	329	1750	-2075	
-8314	7064	1267	302	1768	-2065	
-8272	7131	1157	276	1784	-2055	
-8232	7198	1050	250	1801	-2044	
-8188	7264	939	222	1817	-2032	
-8141	7327	829	196	1832	-2021	
-8095	7389	720	171	1849	-2009	
-8047	7452	610	145	1864	-1997	
-7999	7513	501	119	1878	-1984	
-7948	7573	390	93	1893	-1972	
-7896	7631	280	67	1907	-1959	
-7844	7688	170	41	1922	-1945	
-7791	7744	60	14	1936	-1933	
-7735	7799	-50	-15	1950	-1919	
-7677	7853	-161	-48	1963	-1904	
-7622	7906	-270	-83	1975	-1891	
-7565	7957	-380	-116	1988	-1875	
-7505	8008	-490	-145	2000	-1860	
-7443	8057	-601	-169	2012	-1846	
-7382	8105	-710	-189	2026	-1830	
-7320	8150	-820	-215	2036	-1814	
-7255	8197	-929	-245	2047	-1799	
-7190	8242	-1038	-272	2059	-1781	
-7125	8284	-1148	-301	2068	-1764	
-7058	8326	-1257	-327	2078	-1748	
-6989	8367	-1366	-354	2088	-1731	
-6918	8405	-1476	-382	2098	-1713	
-6849	8444	-1583	-407	2108	-1695	
-6778	8480	-1691	-434	2116	-1677	
-6705	8514	-1799	-460	2126	-1658	
-6631	8550	-1905	-488	2133	-1641	
-6556	8582	-2014	-515	2140	-1622	
-6481	8614	-2122	-541	2150	-1602	
-6405	8644	-2228	-569	2156	-1585	
-6327	8672	-2335	-596	2162	-1565	
-6250	8701	-2441	-620	2171	-1544	
-6170	8727	-2546	-647	2176	-1525	
-6089	8752	-2654	-673	2183	-1505	
-6009	8776	-2759	-699	2189	-1485	
-5927	8798	-2862	-724	2193	-1464	
-5844	8819	-2967	-750	2199	-1441	
-5760	8839	-3071	-776	2204	-1422	
-5675	8857	-3174	-801	2208	-1401	
-5590	8874	-3277	-828	2211	-1379	
-5504	8890	-3379	-853	2216	-1358	
-5417	8905	-3481	-876	2220	-1335	
-5330	8918	-3581	-904	2222	-1314	
-5241	8929	-3682	-928	2224	-1290	
-5151	8940	-3783	-951	2228	-1268	
-5061	8949	-3881	-977	2228	-1246	
-4970	8956	-3982	-1000	2231	-1222	
-4879	8963	-4081	-1026	2233	-1200	
-4787	8967	-4178	-1050	2234	-1177	
-4693	8971	-4275	-1074	2235	-1153	
-4598	8974	-4371	-1098	2234	-1130	
-4503	8974	-4468	-1120	2235	-1106	
-4408	8973	-4563	-1145	2234	-1083	
-4314	8972	-4657	-1168	2234	-1058	
-4217	8970	-4752	-1191	2234	-1035	
-4120	8964	-4845	-1217	2230	-1011	
-4022	8959	-4937	-1238	2229	-984	
-3921	8952	-5029	-1260	2228	-961	
-3822	8943	-5120	-1282	2225	-936	
-3724	8933	-5209	-1305	2222	-910	
-3624	8921	-5299	-1327	2220	-886	
-3522	8909	-5387	-1348	2217	-862	
-3420	8895	-5475	-1371	2212	-836	
-3319	8880	-5562	-1391	2208	-810	
-3216	8864	-5647	-1413	2204	-784	
-3113	8845	-5733	-1434	2199	-759	
-3010	8826	-5817	-1454	2196	-734	
-2906	8806	-5901	-1474	2189	-708	
-2802	8783	-5983	-1495	2183	-681	
-2698	8760	-6065	-1517	2176	-655	
-2592	8736	-6147	-1535	2171	-629	
-2487	8710	-6226	-1555	2165	-603	
-2382	8682	-6305	-1575	2158	-576	
-2275	8654	-6382	-1594	2151	-550	
-2168	8626	-6460	-1612	2143	-524	
-2062	8594	-6536	-1631	2135	-497	
-1956	8561	-6610	-1649	2126	-471	
-1849	8529	-6684	-1667	2118	-443	
-1741	8493	-6757	-1685	2111	-416	
-1634	8456	-6829	-1702	2100	-390	
-1525	8420	-6901	-1720	2092	-362	
-1417	8380	-6970	-1737	2081	-336	
-1310	8341	-7039	-1755	2069	-310	
-1200	8300	-7107	-1772	2060	-282	
-1093	8256	-7174	-1788	2049	-255	
-981	8213	-7239	-1804	2038	-229	
-871	8169	-7304	-1819	2027	-201	
-763	8122	-7368	-1835	2014	-176	
-653	8075	-7430	-1850	2003	-149	
-544	8027	-7491	-1865	1990	-122	
-434	7976	-7551	-1880	1977	-96	
-323	7925	-7611	-1894	1966	-71	
-215	7873	-7668	-1909	1952	-47	
-104	7818	-7725	-1921	1938	-22	
6	7765	-7780	-1936	1925	3	
115	7710	-7834	-1951	1909	27	
225	7652	-7887	-1962	1895	56	
334	7595	-7939	-1976	1881	88	
445	7535	-7990	-1987	1866	126	
555	7474	-8040	-1999	1850	166	
663	7413	-8088	-2011	1835	198	
772	7351	-8135	-2023	1820	222	
881	7289	-8181	-2034	1803	241	
991	7222	-8226	-2043	1787	265	
1103	7156	-8270	-2055	1771	290	
1210	7090	-8311	-2066	1755	319	
1319	7021	-8353	-2075	1738	350	
1428	6953	-8392	-2086	1718	377	
1536	6883	-8431	-2095	1699	403	
1644	6811	-8468	-2104	1683	430	
1752	6739	-8503	-2114	1665	456	
1861	6666	-8538	-2121	1646	483	
1967	6591	-8571	-2129	1629	510	
2073	6516	-8604	-2137	1610	538	
2181	6441	-8635	-2145	1590	563	
2286	6364	-8664	-2152	1570	590	
2391	6286	-8693	-2157	1551	617	
2498	6206	-8719	-2165	1531	643	
2604	6127	-8745	-2171	1511	670	
2708	6046	-8768	-2175	1492	696	
2813	5964	-8790	-2182	1470	722	
2916	5881	-8812	-2188	1448	748	
3019	5797	-8832	-2192	1428	773	
3124	5714	-8852	-2197	1407	799	
3226	5629	-8870	-2200	1385	825	
3327	5542	-8886	-2204	1364	849	
3430	5455	-8900	-2208	1342	875	
3531	5368	-8914	-2212	1321	900	
3632	5279	-8926	-2215	1298	925	
3731	5189	-8937	-2216	1275	951	
3829	5100	-8946	-2219	1253	975	
3930	5008	-8955	-2220	1230	1001	
4029	4917	-8961	-2222	1207	1025	
4125	4825	-8967	-2223	1184	1049	
4222	4732	-8971	-2224	1160	1072	
4320	4637	-8973	-2225	1136	1097	
4416	4542	-8975	-2225	1112	1122	
4510	4447	-8975	-2224	1089	1145	
4604	4351	-8974	-2223	1065	1167	
4698	4255	-8971	-2223	1040	1192	
4791	4158	-8967	-2222	1016	1215	
4884	4060	-8962	-2221	993	1237	
4975	3961	-8955	-2218	967	1261	
5067	3863	-8947	-2216	943	1283	
5155	3763	-8937	-2213	919	1305	
5245	3662	-8927	-2210	893	1328	
5335	3562	-8914	-2208	867	1350	
5422	3461	-8901	-2205	841	1372	
5509	3359	-8886	-2201	817	1393	
5595	3256	-8871	-2196	791	1415	
5679	3153	-8853	-2191	765	1436	
5763	3051	-8833	-2186	739	1456	
5849	2947	-8814	-2182	713	1477	
5932	2842	-8792	-2175	688	1498	
6012	2737	-8769	-2170	661	1517	
6093	2632	-8745	-2164	636	1538	
6173	2528	-8720	-2156	611	1558	
6251	2422	-8693	-2151	583	1577	
6329	2316	-8665	-2143	557	1598	
6407	2209	-8637	-2135	530	1616	
6483	2102	-8606	-2129	503	1634	
6558	1995	-8573	-2120	477	1653	
6631	1888	-8540	-2112	450	1673	
6705	1780	-8505	-2103	422	1690	
6778	1672	-8470	-2094	396	1707	
6849	1564	-8433	-2085	369	1726	
6919	1456	-8394	-2074	343	1744	
6986	1346	-8355	-2067	315	1760	
7054	1237	-8313	-2056	288	1776	
7121	1129	-8271	-2043	263	1794	
7188	1019	-8228	-2034	234	1809	
7253	910	-8183	-2022	208	1825	
7317	800	-8137	-2010	183	1841	
7379	691	-8090	-1999	156	1857	
7438	581	-8042	-1986	130	1872	
7501	471	-7993	-1974	104	1887	
7561	361	-7942	-1960	79	1903	
7618	251	-7890	-1947	54	1916	
7675	141	-7836	-1935	28	1930	
7730	30	-7782	-1921	1	1944	
7785	-79	-7727	-1909	-31	1957	
7837	-189	-7670	-1893	-63	1969	
7889	-298	-7613	-1878	-101	1983	
7941	-409	-7553	-1865	-137	1995	
7991	-519	-7493	-1849	-164	2008	
8040	-628	-7433	-1833	-184	2021	
8086	-739	-7370	-1818	-205	2032	
8131	-847	-7306	-1801	-233	2043	
8177	-956	-7242	-1786	-263	2055	
8223	-1066	-7176	-1769	-289	2066	
8264	-1175	-7110	-1752	-319	2076	
8304	-1284	-7042	-1735	-345	2086	
8345	-1392	-6973	-1717	-370	2096	
8384	-1501	-6903	-1702	-399	2104	
8421	-1609	-6832	-1683	-425	2114	
8457	-1717	-6760	-1665	-452	2123	
8492	-1824	-6687	-1649	-482	2130	
8525	-1932	-6613	-1629	-507	2140	
8558	-2039	-6538	-1610	-533	2148	
8588	-2147	-6462	-1591	-561	2155	
8620	-2252	-6385	-1571	-588	2163	
8647	-2359	-6308	-1552	-614	2169	
8673	-2466	-6229	-1533	-640	2176	
8699	-2570	-6149	-1513	-667	2182	
8724	-2675	-6069	-1492	-693	2188	
8748	-2781	-5986	-1472	-719	2194	
8770	-2885	-5904	-1452	-745	2199	
8789	-2989	-5821	-1430	-770	2203	
8808	-3092	-5737	-1409	-797	2208	
8827	-3195	-5652	-1390	-824	2212	
8843	-3298	-5566	-1368	-849	2217	
8859	-3399	-5478	-1345	-873	2220	
8874	-3502	-5391	-1324	-898	2223	
8885	-3603	-5302	-1303	-923	2226	
8897	-3703	-5213	-1280	-949	2229	
8906	-3802	-5124	-1258	-973	2232	
8915	-3902	-5033	-1235	-998	2234	
8924	-4000	-4941	-1212	-1023	2236	
8928	-4098	-4849	-1189	-1047	2237	
8933	-4196	-4755	-1166	-1071	2237	
8936	-4293	-4662	-1142	-1094	2238	
8938	-4389	-4567	-1119	-1120	2239	
8939	-4485	-4472	-1096	-1144	2237	
8937	-4579	-4376	-1071	-1168	2237	
8935	-4674	-4279	-1047	-1191	2236	
8931	-4767	-4182	-1024	-1214	2235	
8926	-4860	-4085	-999	-1236	2234	
8920	-4952	-3987	-974	-1260	2232	
8912	-5043	-3887	-949	-1283	2231	
8904	-5133	-3788	-925	-1304	2228	
8894	-5223	-3687	-901	-1328	2225	
8882	-5312	-3587	-874	-1349	2223	
8870	-5400	-3485	-850	-1370	2220	
8855	-5487	-3383	-826	-1393	2215	
8839	-5574	-3281	-798	-1412	2212	
8822	-5659	-3178	-775	-1436	2206	
8803	-5744	-3075	-749	-1457	2201	
8785	-5829	-2971	-722	-1477	2198	
8763	-5911	-2867	-697	-1499	2191	
8739	-5993	-2763	-670	-1518	2186	
8716	-6074	-2657	-645	-1538	2179	
8691	-6155	-2552	-619	-1558	2172	
8666	-6235	-2446	-593	-1578	2166	
8638	-6313	-2339	-567	-1598	2158	
8609	-6391	-2233	-539	-1617	2153	
8578	-6467	-2126	-514	-1635	2144	
8546	-6542	-2018	-487	-1652	2136	
8514	-6617	-1910	-458	-1672	2129	
8482	-6690	-1803	-434	-1692	2118	
8447	-6762	-1696	-408	-1709	2109	
8409	-6835	-1587	-380	-1726	2101	
8371	-6905	-1478	-355	-1745	2091	
8331	-6974	-1369	-328	-1761	2081	
8291	-7043	-1260	-300	-1779	2070	
8250	-7110	-1151	-274	-1796	2061	
8207	-7177	-1042	-247	-1812	2050	
8163	-7242	-933	-220	-1829	2037	
8117	-7306	-823	-193	-1843	2027	
8071	-7369	-713	-167	-1858	2015	
8023	-7430	-602	-139	-1873	2003	
7974	-7491	-493	-112	-1888	1993	
7924	-7551	-384	-88	-1905	1978	
7873	-7610	-274	-63	-1920	1965	
7819	-7668	-163	-36	-1932	1952	
7766	-7724	-53	-11	-1946	1937	
7712	-7778	57	14	-1961	1925	
7657	-7832	168	41	-1973	1910	
7598	-7885	278	69	-1986	1895	
7538	-7937	388	100	-1999	1881	
7480	-7987	497	133	-2011	1866	
7420	-8036	608	167	-2024	1852	
7358	-8084	717	196	-2035	1835	
7294	-8131	827	222	-2046	1820	
7231	-8176	936	247	-2057	1804	
7166	-8220	1046	272	-2069	1786	
7101	-8264	1156	297	-2081	1769	
7033	-8305	1265	325	-2089	1753	
6963	-8346	1373	354	-2099	1737	
6896	-8385	1481	380	-2110	1719	
6825	-8422	1589	408	-2119	1700	
6753	-8459	1698	434	-2128	1683	
6680	-8494	1808	461	-2136	1664	
6608	-8529	1915	487	-2145	1646	
6533	-8562	2022	514	-2152	1628	
6457	-8593	2131	542	-2158	1608	
6383	-8623	2238	568	-2167	1589	
6304	-8652	2344	594	-2174	1570	
6226	-8679	2450	619	-2181	1551	
6146	-8706	2556	646	-2189	1530	
6067	-8731	2661	672	-2193	1509	
5987	-8755	2766	698	-2198	1490	
5903	-8777	2871	725	-2204	1469	
5820	-8798	2975	750	-2209	1448	
5736	-8818	3079	776	-2214	1426	
5652	-8836	3182	802	-2219	1406	
5566	-8853	3284	826	-2224	1385	
5482	-8870	3387	853	-2227	1363	
5394	-8884	3488	878	-2230	1340	
5305	-8896	3590	902	-2233	1318	
5216	-8908	3690	928	-2236	1297	
5127	-8919	3791	952	-2238	1274	
5036	-8928	3891	976	-2240	1252	
4947	-8936	3990	1001	-2242	1229	
4855	-8942	4088	1025	-2243	1206	
4761	-8946	4185	1050	-2244	1183	
4669	-8951	4283	1074	-2246	1159	
4575	-8953	4379	1098	-2246	1135	
4481	-8953	4475	1122	-2246	1112	
4384	-8952	4570	1144	-2246	1088	
4289	-8951	4665	1169	-2245	1064	
4193	-8948	4760	1193	-2242	1040	
4094	-8943	4852	1214	-2243	1015	
3997	-8937	4944	1238	-2242	991	
3898	-8930	5035	1259	-2239	966	
3800	-8922	5126	1282	-2237	941	
3701	-8912	5216	1305	-2232	918	
3600	-8901	5306	1327	-2230	893	
3499	-8888	5395	1348	-2227	867	
3398	-8874	5482	1369	-2224	842	
3297	-8859	5569	1391	-2219	815	
3194	-8843	5656	1413	-2215	790	
3090	-8825	5741	1432	-2211	764	
2988	-8805	5824	1455	-2204	739	
2884	-8785	5907	1476	-2199	713	
2779	-8763	5991	1494	-2195	685	
2674	-8740	6072	1516	-2189	662	
2570	-8715	6153	1535	-2183	635	
2465	-8690	6234	1554	-2175	609	
2358	-8663	6312	1575	-2168	582	
2253	-8634	6390	1593	-2161	555	
2147	-8604	6468	1613	-2153	530	
2041	-8572	6542	1631	-2145	503	
1934	-8540	6617	1649	-2137	476	
1826	-8507	6691	1667	-2129	450	
1719	-8472	6763	1684	-2121	421	
1611	-8437	6837	1704	-2109	396	
1502	-8398	6908	1720	-2100	369	
1393	-8360	6977	1737	-2091	342	
1285	-8320	7045	1755	-2080	316	
1176	-8278	7114	1771	-2071	288	
1065	-8237	7181	1787	-2059	262	
955	-8193	7246	1803	-2048	235	
847	-8147	7311	1820	-2037	209	
739	-8101	7374	1836	-2024	183	
628	-8054	7437	1850	-2014	155	
518	-8005	7498	1866	-2001	130	
410	-7955	7558	1880	-1987	105	
299	-7905	7618	1895	-1975	79	
190	-7852	7675	1910	-1960	55	
80	-7798	7731	1922	-1948	29	
-31	-7744	7786	1936	-1935	4	
-139	-7688	7841	1950	-1920	-23	
-251	-7632	7894	1963	-1906	-59	
-361	-7574	7946	1975	-1891	-102	
-468	-7515	7997	1987	-1876	-142	
-578	-7454	8047	2000	-1862	-171	
-689	-7392	8095	2012	-1846	-187	
-799	-7330	8142	2023	-1830	-204	
-909	-7266	8188	2034	-1814	-229	
-1017	-7202	8233	2045	-1797	-260	
-1126	-7136	8276	2055	-1781	-292	
-1237	-7068	8318	2067	-1763	-319	
-1345	-7001	8359	2075	-1747	-345	
-1452	-6931	8399	2085	-1730	-371	
-1561	-6861	8437	2097	-1711	-398	
-1669	-6790	8475	2104	-1694	-425	
-1776	-6717	8510	2112	-1676	-451	
-1883	-6645	8545	2120	-1657	-478	
-1990	-6571	8578	2130	-1638	-505	
-2097	-6495	8610	2137	-1619	-532	
-2202	-6419	8641	2144	-1600	-560	
-2308	-6342	8670	2152	-1581	-586	
-2415	-6265	8698	2158	-1563	-613	
-2520	-6185	8725	2166	-1542	-640	
-2625	-6105	8750	2171	-1520	-665	
-2730	-6024	8773	2176	-1501	-692	
-2835	-5943	8797	2183	-1481	-717	
-2939	-5860	8819	2188	-1460	-742	
-3042	-5777	8838	2192	-1439	-769	
-3146	-5692	8857	2196	-1418	-794	
-3249	-5607	8875	2201	-1395	-820	
-3350	-5521	8892	2205	-1373	-845	
-3452	-5434	8907	2209	-1352	-871	
-3553	-5346	8921	2211	-1330	-896	
-3653	-5258	8932	2214	-1308	-921	
-3753	-5168	8943	2218	-1285	-945	
-3853	-5077	8953	2219	-1262	-970	
-3952	-4987	8961	2222	-1240	-995	
-4050	-4896	8967	2223	-1216	-1019	
-4148	-4804	8973	2223	-1194	-1045	
-4246	-4711	8977	2223	-1172	-1069	
-4343	-4617	8979	2223	-1148	-1093	
-4437	-4523	8980	2225	-1124	-1117	
-4533	-4427	8980	2225	-1100	-1139	
-4628	-4331	8980	2222	-1076	-1163	
-4721	-4233	8977	2223	-1051	-1186	
-4814	-4136	8972	2222	-1027	-1211	
-4906	-4039	8967	2219	-1002	-1233	
-4997	-3940	8961	2220	-976	-1255	
-5089	-3841	8953	2216	-952	-1279	
-5180	-3741	8943	2214	-926	-1300	
-5267	-3641	8933	2213	-902	-1323	
-5356	-3541	8920	2207	-878	-1345	
